-9.38125e-05 0.000384023 5.69724e-05 1.08039e-05 -6.71803e-05 -1.0022e-05 1
4.48692e-06 0.00038527 -1.85578e-07 7.7843e-08 -6.74756e-05 -1.19678e-05 1
4.48692e-06 0.00038527 -1.85578e-07 7.7843e-08 -6.74756e-05 -1.19678e-05 1
4.48692e-06 0.00038527 -1.85578e-07 7.7843e-08 -6.74756e-05 -1.19678e-05 1
0.00128769 -0.000911532 -0.000746202 -0.000134708 0.00016704 5.10466e-05 1
0.00128769 -0.000911532 -0.000746202 -0.000134708 0.00016704 5.10466e-05 1
0.00128769 -0.000911532 -0.000746202 -0.000134708 0.00016704 5.10466e-05 1
0.00128769 -0.000911532 -0.000746202 -0.000134708 0.00016704 5.10466e-05 1
0.00128769 -0.000911532 -0.000746202 -0.000134708 0.00016704 5.10466e-05 1
0.00128769 -0.000911532 -0.000746202 -0.000134708 0.00016704 5.10466e-05 1
0.00151771 -0.000871706 -0.000886758 -0.000161309 0.000162625 5.18061e-05 1
0.0184369 -0.000413373 -0.00485761 -0.000842501 0.0130427 0.00136372 0.999914
0.0323747 -0.00347081 0.00107523 0.00108838 0.0320554 0.00120908 0.999485
0.0580746 -0.00802452 -0.00107507 0.00103062 0.0517276 0.00192693 0.998659
0.0684723 -0.00112549 -0.00198907 0.00188089 0.0616715 0.00188408 0.998093
0.0859907 0.00277091 0.00261234 0.00392309 0.0807058 0.00208323 0.996728
0.129418 0.00736782 0.00488229 0.0052745 0.123447 0.00126504 0.992336
0.141643 0.0250882 0.000367698 0.00437989 0.129907 0.00136392 0.991516
0.151878 0.0285054 0.0015939 0.00587251 0.142071 0.00157323 0.989838
0.163865 0.030535 0.00436985 0.00698801 0.153211 0.00220393 0.988166
0.172114 0.0330987 0.00339626 0.0074116 0.159904 0.00166047 0.987103
0.184899 0.0384958 0.00363869 0.0080221 0.17112 0.00125249 0.985217
0.194291 0.0407652 0.00029825 0.00811471 0.179384 0.00263959 0.983742
0.204085 0.0423462 0.00890842 0.0107064 0.190452 0.00218664 0.981636
0.218186 0.049492 0.00889743 0.0110447 0.202903 0.00213296 0.979134
0.225678 0.0544359 0.011519 0.011828 0.211093 0.00261328 0.977391
0.239291 0.0551379 0.0141487 0.0124369 0.223869 0.00236704 0.974537
0.249828 0.0580578 0.0159062 0.0132619 0.23728 0.0032499 0.971345
0.256822 0.0590395 0.0182166 0.0141133 0.245015 0.0036965 0.96941
0.268127 0.0638453 0.0179416 0.0140706 0.256431 0.00348803 0.966454
0.284241 0.0727334 0.0152508 0.0146493 0.267935 0.003438 0.96332
0.292132 0.0762096 0.0185213 0.0151844 0.274036 0.00304151 0.961595
0.303813 0.0848651 0.0167226 0.0147408 0.282982 0.00259717 0.959008
0.313399 0.0924377 0.0164591 0.0154585 0.292383 0.00205132 0.956174
0.3191 0.0994532 0.016689 0.0152444 0.297541 0.00129158 0.954587
0.326517 0.105928 0.0164952 0.014968 0.308472 0.00146223 0.951114
0.335635 0.114092 0.018552 0.0156437 0.320592 0.00117473 0.947088
0.341119 0.115768 0.0209222 0.0162405 0.328031 0.00112002 0.944527
0.353783 0.127436 0.0205079 0.0162304 0.337007 0.00107418 0.941361
0.360134 0.133068 0.0203097 0.0158582 0.348522 0.00124486 0.937166
0.365856 0.136981 0.0205708 0.0157144 0.355548 0.000637633 0.934526
0.377106 0.145502 0.0201924 0.0161649 0.365828 4.38909e-05 0.930542
0.384094 0.153124 0.0221221 0.0169073 0.376478 -0.000159191 0.926271
0.387011 0.160356 0.0227058 0.0171238 0.382161 -0.000494585 0.923937
0.396438 0.171039 0.0235076 0.0179695 0.391402 -0.000806818 0.920044
0.404538 0.183257 0.0236143 0.0186694 0.401279 -0.000193755 0.915766
0.412937 0.193901 0.0226496 0.0189774 0.411499 -0.000565654 0.911212
0.419214 0.203262 0.0200468 0.0188339 0.418138 -0.000108562 0.908188
0.427536 0.217647 0.0175505 0.018936 0.429406 0.000513683 0.902913
0.436137 0.229196 0.0173034 0.0196079 0.439167 6.37192e-05 0.898192
0.440156 0.240661 0.0118418 0.0187121 0.444645 0.00106826 0.895511
0.447467 0.251284 0.0130166 0.0193466 0.454782 0.00133159 0.890391
0.455808 0.260375 0.0114298 0.0196948 0.461862 0.00172274 0.886731
0.462761 0.270923 0.00982676 0.0197246 0.471202 0.00180119 0.881803
0.474715 0.280849 0.0100577 0.0202664 0.482187 0.00193978 0.875832
0.479689 0.288139 0.00969634 0.0209457 0.489974 0.00251214 0.871482
0.488087 0.300266 0.0069026 0.0209313 0.501461 0.00364259 0.86492
0.495875 0.311081 0.0074722 0.0207344 0.512799 0.0042208 0.858248
0.497188 0.321271 0.0063867 0.0203129 0.518576 0.00431873 0.854779
0.501378 0.33121 0.00841598 0.0214661 0.528182 0.00479953 0.848846
0.504887 0.337155 0.0100425 0.0219821 0.536181 0.00464365 0.843804
0.51012 0.348008 0.00980659 0.022967 0.546879 0.00475671 0.836883
0.514684 0.355441 0.011174 0.0236916 0.552838 0.00488766 0.832938
0.517952 0.364287 0.0138522 0.0242504 0.561554 0.00441086 0.827073
0.520478 0.37207 0.0139922 0.0245556 0.567534 0.00464683 0.822971
0.522925 0.38482 0.0159194 0.0246731 0.5745 0.00423133 0.818122
0.524139 0.391141 0.0163395 0.0248049 0.580576 0.00511058 0.813812
0.529712 0.402941 0.0160744 0.0248647 0.591354 0.00574 0.806008
0.531897 0.413853 0.0142811 0.024943 0.597231 0.00605108 0.801658
0.535376 0.431426 0.00871111 0.0244944 0.605347 0.00722504 0.795552
0.537376 0.440928 0.00728386 0.0245903 0.610708 0.00756027 0.791438
0.53737 0.451193 0.00730842 0.0243605 0.618887 0.00716825 0.78507
0.540291 0.458313 0.00592973 0.0242193 0.624272 0.00655226 0.780804
0.543445 0.472343 0.00503899 0.0243566 0.632744 0.00629662 0.773952
0.542699 0.486714 0.00609263 0.025385 0.641144 0.00572474 0.766979
0.546048 0.497076 0.0058636 0.0259049 0.64645 0.00542013 0.762497
0.547355 0.510728 0.00599456 0.0265237 0.654707 0.00552595 0.755397
0.55028 0.516363 0.00789992 0.0271494 0.661576 0.00526806 0.749368
0.549336 0.527401 0.0087111 0.0286484 0.670119 0.00520577 0.741682
0.549047 0.534556 0.00932631 0.0295518 0.675944 0.00539033 0.73634
0.547637 0.547203 0.00868583 0.0304677 0.684223 0.00540021 0.728616
0.544285 0.558318 0.00757056 0.0308873 0.688021 0.00501798 0.725016
0.545649 0.57076 0.00713729 0.0308824 0.694744 0.00402961 0.718583
0.545517 0.582546 0.00479059 0.0312172 0.699136 0.00392833 0.714296
0.544753 0.595098 0.00631781 0.0317897 0.706165 0.00320892 0.707326
0.543665 0.60584 0.00324687 0.0318512 0.710474 0.00380344 0.702992
0.540498 0.62175 0.000988658 0.031344 0.717106 0.00327733 0.696251
0.540786 0.630005 0.00289115 0.0321542 0.723351 0.00348421 0.689723
0.540757 0.639362 0.00295303 0.0319235 0.731677 0.00405378 0.680892
0.539194 0.650649 -0.00324064 0.0297737 0.737151 0.00449947 0.675057
0.53726 0.663467 -0.00240426 0.0300764 0.746044 0.00427713 0.665203
0.536372 0.67179 -0.00267316 0.0306729 0.751351 0.00524816 0.659169
0.533459 0.686353 -0.00361745 0.0303386 0.75903 0.00558508 0.650325
0.535676 0.696517 -0.0019221 0.030845 0.765583 0.00532615 0.642575
0.53239 0.709505 -0.00369329 0.0311484 0.772974 0.00506007 0.633653
0.530302 0.717495 -0.00325957 0.0307593 0.777532 0.00486567 0.628071
0.527563 0.730108 -0.00263387 0.0295552 0.78445 0.00425901 0.619473
0.52621 0.738602 -0.0041435 0.0292742 0.788769 0.00492247 0.613972
0.521393 0.749718 -0.00733131 0.0292164 0.796077 0.00582499 0.604462
0.5221 0.757618 -0.00392558 0.0295152 0.802104 0.0057174 0.596427
0.517779 0.769531 -0.00427995 0.0293696 0.810468 0.00611914 0.585014
0.513641 0.778582 -0.00795743 0.0298781 0.815292 0.00772143 0.578227
0.507607 0.792447 -0.0119243 0.0281613 0.821714 0.00872777 0.569138
0.502724 0.801782 -0.0120481 0.0281526 0.826155 0.00854769 0.562675
0.499848 0.811859 -0.00931973 0.0289645 0.832168 0.00845353 0.553702
0.495591 0.818809 -0.00748326 0.0290446 0.835688 0.00798848 0.548378
0.488622 0.831449 -0.00488736 0.0299394 0.841758 0.00749851 0.538972
0.486112 0.841607 -0.00397478 0.0301068 0.845317 0.00778738 0.533359
0.479187 0.855168 -0.00613964 0.0302742 0.850442 0.0082364 0.525132
0.473031 0.865651 -0.00841799 0.0298934 0.85405 0.00869116 0.519258
0.466083 0.87622 -0.00834021 0.0298359 0.86017 0.00856436 0.509062
0.4588 0.886994 -0.00854171 0.031092 0.86617 0.00905242 0.498699
0.453147 0.894838 -0.00796843 0.0312232 0.870157 0.00954355 0.491692
0.447748 0.904671 -0.00673152 0.0333049 0.875765 0.00940314 0.481495
0.434739 0.912303 -0.0113767 0.0328317 0.880428 0.0102982 0.47293
0.429175 0.920301 -0.0110326 0.0324649 0.883618 0.00971148 0.46698
0.420866 0.931434 -0.0139006 0.0315831 0.88845 0.00979484 0.457782
0.418265 0.937676 -0.0132393 0.0322619 0.891697 0.00926083 0.451386
0.408638 0.949861 -0.0143479 0.0318787 0.896222 0.00922726 0.442362
0.40078 0.959556 -0.0140866 0.0318545 0.90123 0.00933667 0.432067
0.39536 0.965648 -0.0132342 0.031918 0.904714 0.00929264 0.42472
0.389383 0.972112 -0.0111769 0.0314227 0.909732 0.00886585 0.413909
0.381848 0.977657 -0.0132013 0.0313178 0.912969 0.0094075 0.406716
0.37484 0.985976 -0.0114298 0.0314769 0.917359 0.00969146 0.396695
0.366202 0.993661 -0.0139062 0.030983 0.92056 0.0100217 0.389242
0.351676 1.00079 -0.0112048 0.0314627 0.925259 0.00963754 0.377907
0.339955 1.00933 -0.010292 0.0305765 0.928784 0.00935908 0.369239
0.33159 1.01675 -0.0112011 0.0303668 0.931304 0.00948274 0.362851
0.320007 1.0255 -0.0120341 0.0299949 0.935439 0.00954678 0.352084
0.308949 1.03412 -0.013877 0.0291099 0.937826 0.0101058 0.345734
0.306431 1.03974 -0.00464625 0.0308087 0.942212 0.00905149 0.333476
0.302055 1.045 -0.00356977 0.0308777 0.945351 0.00949885 0.32445
0.295293 1.05803 -0.00250895 0.0320859 0.950098 0.00944197 0.310152
0.291255 1.06574 -0.00081712 0.0319062 0.952821 0.0097638 0.301695
0.280033 1.07535 -0.0018749 0.0323155 0.956412 0.0105818 0.290033
0.270652 1.08172 -0.00560541 0.0322547 0.958557 0.0114631 0.282838
0.263055 1.08803 -0.00297274 0.032731 0.961281 0.0102528 0.273427
0.258222 1.09037 -0.00207921 0.033223 0.963136 0.0102873 0.266758
0.250559 1.09868 -0.000838433 0.0333904 0.966149 0.010024 0.255619
0.237842 1.10383 5.3296e-05 0.0338114 0.968316 0.00988871 0.24723
0.230024 1.10556 0.000633568 0.0342245 0.969736 0.00987216 0.241545
0.217284 1.11149 -0.000177954 0.034242 0.972288 0.00964165 0.231062
0.209174 1.1151 0.00101684 0.0344038 0.973956 0.00985262 0.223893
0.19508 1.11799 0.00665427 0.0344772 0.976184 0.00886553 0.214003
0.183194 1.12264 0.00449588 0.0351831 0.978022 0.00961197 0.205288
0.167328 1.12169 0.0037519 0.0353396 0.979674 0.00945658 0.197234
0.15749 1.126 0.00319895 0.0352904 0.981013 0.00922873 0.190479
0.141339 1.13044 -0.000563935 0.0347787 0.982973 0.00989504 0.18016
0.131958 1.1351 -0.00172472 0.0343892 0.984223 0.0102752 0.173256
0.119935 1.13782 -0.000890059 0.0336324 0.985898 0.00976973 0.163641
0.115354 1.14165 0.00252319 0.0333656 0.987067 0.00859277 0.15656
0.109004 1.14249 0.00759128 0.0336884 0.988278 0.00701509 0.148736
0.0995779 1.14369 0.00972373 0.0351136 0.989863 0.00659508 0.137461
0.0909639 1.14634 0.00995633 0.0354789 0.990926 0.00677047 0.129466
0.0835002 1.15128 0.0117867 0.0353969 0.99242 0.00653119 0.117501
0.0759707 1.15175 0.0147799 0.0359621 0.99322 0.00593507 0.110386
0.0690561 1.1513 0.0198718 0.0366137 0.993893 0.00447394 0.103997
0.0578779 1.1513 0.0220892 0.0367654 0.995034 0.00440377 0.0923899
0.0501445 1.15322 0.0268021 0.0365449 0.99576 0.00308888 0.0843633
0.0385686 1.15401 0.0256939 0.036958 0.996291 0.00303606 0.0776443
0.026438 1.15599 0.0269541 0.0366177 0.996995 0.00305656 0.0681939
0.019684 1.15806 0.0260941 0.0363274 0.997492 0.00343621 0.0606406
0.0114615 1.15557 0.0283739 0.0357425 0.997812 0.00312103 0.0555286
-0.00178899 1.15933 0.0276972 0.0347777 0.998399 0.00364294 0.0444548
-0.00646282 1.16353 0.0263525 0.0343292 0.998811 0.0040737 0.0343712
-0.0195797 1.16075 0.0245676 0.0348991 0.999061 0.00486458 0.0252084
-0.0313726 1.15846 0.029999 0.0347259 0.999284 0.00413201 0.0144272
-0.0392861 1.15754 0.0306474 0.0344144 0.999375 0.00435914 0.00683537
-0.0504283 1.15885 0.0264143 0.0352959 0.999358 0.00576045 -0.00231451
-0.059233 1.15812 0.0264809 0.0349348 0.999321 0.00622058 -0.00987247
-0.0737396 1.16666 0.0246263 0.0348308 0.999071 0.00682206 -0.0244237
-0.0815544 1.16556 0.0231657 0.0347379 0.998872 0.00754049 -0.0314716
-0.0894525 1.15776 0.0213444 0.0352334 0.998618 0.00787776 -0.0381982
-0.0982469 1.15528 0.0239611 0.0366485 0.998283 0.00678263 -0.0451789
-0.106934 1.15673 0.0258857 0.0370378 0.997907 0.00603928 -0.0526586
-0.120509 1.16104 0.0267294 0.0376096 0.99712 0.00611407 -0.0655703
-0.127852 1.15975 0.0284066 0.0372121 0.996602 0.00582297 -0.0732497
-0.138342 1.15685 0.0267312 0.0381293 0.996011 0.00603502 -0.0804489
-0.147853 1.1533 0.0243379 0.0375449 0.995445 0.0073046 -0.0873257
-0.154069 1.15086 0.0260633 0.037001 0.994796 0.00689098 -0.0946752
-0.165778 1.14868 0.0190349 0.0374811 0.994153 0.00894655 -0.100867
-0.175214 1.14661 0.0189224 0.0384365 0.993432 0.00864283 -0.107428
-0.186365 1.14292 0.0207942 0.0376824 0.992442 0.00809283 -0.116509
-0.196729 1.13876 0.0190959 0.0377658 0.99165 0.00822335 -0.123032
-0.202292 1.13695 0.0289552 0.0365299 0.991009 0.00531795 -0.1286
-0.214469 1.14272 0.0245235 0.0372163 0.98963 0.00702882 -0.138554
-0.221274 1.13678 0.0259648 0.0372835 0.988847 0.00685878 -0.144028
-0.230567 1.13406 0.0277439 0.0381624 0.987626 0.00608204 -0.151994
-0.245423 1.12888 0.0249558 0.0399114 0.985725 0.00697796 -0.163414
-0.252867 1.12338 0.0238539 0.0398054 0.984508 0.00766059 -0.17059
-0.259301 1.12033 0.0217086 0.0394656 0.98316 0.0087322 -0.178219
-0.268271 1.11936 0.0231377 0.0396593 0.981477 0.00802112 -0.187261
-0.2758 1.11552 0.0244405 0.0393136 0.980142 0.00814869 -0.194189
-0.285255 1.11113 0.0245052 0.0394698 0.97873 0.00757748 -0.201178
-0.294293 1.108 0.0266502 0.0400897 0.976955 0.00707102 -0.209526
-0.302082 1.10168 0.0247981 0.0402137 0.975304 0.00713774 -0.21706
-0.314142 1.09674 0.017238 0.0413141 0.973623 0.0085963 -0.224228
-0.320275 1.09201 0.0150611 0.0415278 0.972339 0.00900941 -0.229676
-0.325475 1.08554 0.0135805 0.0409695 0.971098 0.00980476 -0.234933
-0.33283 1.08268 0.0156852 0.0413316 0.969485 0.00932578 -0.24146
-0.340507 1.07828 0.0147995 0.041022 0.968004 0.00973261 -0.247367
-0.345189 1.07262 0.01591 0.0406086 0.966629 0.00915897 -0.252776
-0.354574 1.06675 0.0171393 0.0401362 0.964682 0.00881815 -0.260193
-0.366224 1.05912 0.0140524 0.0405806 0.962133 0.00924232 -0.269385
-0.375527 1.05231 0.0126506 0.0406494 0.959937 0.00988838 -0.277077
-0.382757 1.0484 0.0163677 0.0419821 0.9578 0.00838392 -0.28423
-0.394242 1.04219 0.014151 0.0423366 0.955493 0.00928236 -0.291813
-0.400138 1.03973 0.0172252 0.0424753 0.95297 0.00865873 -0.29995
-0.408092 1.03397 0.0182029 0.0428197 0.950607 0.00882492 -0.307302
-0.421686 1.02754 0.0184661 0.0421973 0.946832 0.00851146 -0.318835
-0.423439 1.02513 0.0237108 0.0415793 0.944553 0.00783956 -0.325621
-0.431494 1.01838 0.0226226 0.0413778 0.941716 0.00862648 -0.333744
-0.438518 1.01149 0.0217704 0.0413801 0.939589 0.00881275 -0.339681
-0.451335 1.00427 0.0203351 0.0409726 0.936998 0.00953533 -0.346794
-0.459854 0.99795 0.0195175 0.0415076 0.934145 0.00997967 -0.354332
-0.465754 0.99231 0.0192969 0.0412664 0.930971 0.0102769 -0.362608
-0.471975 0.985903 0.0199189 0.04131 0.927975 0.0109255 -0.370186
-0.474959 0.983369 0.0240126 0.0422288 0.924799 0.00968125 -0.37798
-0.483017 0.974634 0.0251516 0.0417826 0.919367 0.0105026 -0.391034
-0.487774 0.967256 0.0264449 0.0413548 0.916457 0.00982767 -0.39787
-0.494627 0.962216 0.026257 0.0414726 0.91305 0.0098411 -0.405614
-0.50387 0.957159 0.0266537 0.0412449 0.909471 0.00990313 -0.413598
-0.510468 0.95263 0.0269324 0.0408986 0.906 0.0100372 -0.421178
-0.516126 0.946311 0.0265561 0.0407249 0.902886 0.0109947 -0.427806
-0.525552 0.932658 0.0248478 0.0399788 0.89858 0.0121767 -0.436814
-0.530214 0.925002 0.0255983 0.0394155 0.89601 0.0126208 -0.442101
-0.534598 0.917995 0.0257829 0.0393324 0.892901 0.0125752 -0.448356
-0.534203 0.91494 0.030666 0.0392285 0.889881 0.0118536 -0.454349
-0.537069 0.904446 0.0321011 0.0388134 0.885165 0.0119876 -0.463501
-0.54268 0.898941 0.0328526 0.0390242 0.881488 0.0118573 -0.470442
-0.551775 0.893901 0.0373928 0.0388265 0.877465 0.0109907 -0.477941
-0.553079 0.886332 0.0372332 0.0385269 0.874438 0.0114476 -0.48347
-0.560651 0.870526 0.0345026 0.0384288 0.86924 0.0124648 -0.492736
-0.5678 0.859672 0.0328959 -0.0383111 -0.864766 -0.0127517 0.50055
-0.571406 0.850433 0.0305379 -0.0382838 -0.86141 -0.0133197 0.50629
-0.576211 0.8384 0.0303833 -0.0372341 -0.856873 -0.0142509 0.513984
-0.577775 0.82878 0.0322149 -0.036859 -0.85361 -0.0140872 0.519416
-0.581681 0.820949 0.0341203 -0.0359084 -0.850119 -0.0138163 0.525183
-0.585133 0.811201 0.0373128 -0.0350364 -0.844849 -0.0138472 0.533676
-0.586173 0.809786 0.0402688 -0.0339118 -0.840568 -0.0139963 0.540463
-0.589814 0.793426 0.0405193 -0.0334933 -0.833457 -0.0136303 0.5514
-0.594016 0.785766 0.042394 -0.0343852 -0.829176 -0.0120787 0.557798
-0.599351 0.773078 0.0426117 -0.0341299 -0.82302 -0.0125678 0.566847
-0.602647 0.762304 0.0437182 -0.0338717 -0.818554 -0.0126425 0.573291
-0.60504 0.748918 0.0453014 -0.0328661 -0.812238 -0.0124144 0.582268
-0.607469 0.739494 0.0461016 -0.0326784 -0.808254 -0.0117335 0.58781
-0.613332 0.724394 0.0448949 -0.0330129 -0.801257 -0.0120748 0.597287
-0.617888 0.71119 0.0424942 -0.03375 -0.79682 -0.0124658 0.603144
-0.621669 0.699128 0.0440788 -0.0332531 -0.791021 -0.0121447 0.610764
-0.624089 0.688752 0.0424107 -0.0333701 -0.786825 -0.0134074 0.616127
-0.626347 0.67538 0.0423261 -0.0325925 -0.779578 -0.0142134 0.625295
-0.626719 0.662935 0.0410688 -0.0322838 -0.77516 -0.0149588 0.630763
-0.62942 0.649673 0.0419945 -0.0325215 -0.766795 -0.0150299 0.640892
-0.631535 0.640398 0.0427146 -0.0327831 -0.76031 -0.0148742 0.648562
-0.6328 0.628422 0.0453366 -0.0317096 -0.753068 -0.015124 0.657004
-0.640752 0.621867 0.0527448 -0.0297483 -0.744733 -0.0144327 0.666543
-0.641887 0.612451 0.0538233 -0.0294136 -0.738908 -0.0143645 0.673011
-0.643425 0.60122 0.0552475 -0.0294178 -0.731558 -0.0148884 0.680981
-0.645658 0.59215 0.0544382 -0.0299448 -0.726052 -0.0145597 0.686833
-0.646061 0.577283 0.0527501 -0.0297163 -0.717881 -0.0145266 0.695379
-0.646179 0.571437 0.0561936 -0.029516 -0.712601 -0.0136799 0.700815
-0.645328 0.558106 0.0555889 -0.0300668 -0.704798 -0.0135608 0.70864
-0.643672 0.54817 0.056325 -0.0295169 -0.69986 -0.0142914 0.713527
-0.640328 0.537272 0.0576485 -0.0294621 -0.69301 -0.0144617 0.720181
-0.639536 0.527187 0.0570027 -0.0296943 -0.688615 -0.0139638 0.724384
-0.637432 0.514295 0.0586109 -0.0282637 -0.680816 -0.0149174 0.731757
-0.635401 0.500605 0.0610496 -0.0267322 -0.673308 -0.0145298 0.738735
-0.63453 0.490441 0.0604184 -0.0271725 -0.668925 -0.0138657 0.742704
-0.633166 0.478145 0.0629001 -0.0262927 -0.661486 -0.0140688 0.749364
-0.627868 0.466937 0.0661508 -0.0247123 -0.655435 -0.0148499 0.754701
-0.624091 0.457832 0.0641453 -0.0246306 -0.651124 -0.0156762 0.758409
-0.620804 0.445472 0.066195 -0.0240314 -0.641425 -0.0158274 0.766646
-0.615876 0.429179 0.0657153 -0.0240714 -0.631465 -0.0149708 0.774886
-0.613968 0.420983 0.0650862 -0.0247139 -0.625735 -0.0149739 0.7795
-0.609897 0.406211 0.0625059 -0.0249988 -0.617686 -0.0155394 0.785874
-0.60571 0.394016 0.0667679 -0.0241347 -0.608309 -0.0147181 0.793197
-0.604079 0.388048 0.0689217 -0.0228163 -0.603137 -0.0145629 0.797178
-0.597095 0.375519 0.0677934 -0.0223151 -0.595466 -0.0157627 0.802915
-0.592399 0.361743 0.0662653 -0.0224253 -0.586192 -0.015633 0.809711
-0.585515 0.352539 0.0640801 -0.0228906 -0.5821 -0.0152919 0.812651
-0.57851 0.340016 0.0645959 -0.0221048 -0.574732 -0.0166103 0.817874
-0.574512 0.331208 0.0678684 -0.0207068 -0.56483 -0.0173705 0.824765
-0.572274 0.323602 0.0696625 -0.0205244 -0.557806 -0.015632 0.82957
-0.566133 0.311384 0.0710553 -0.0206998 -0.547871 -0.0152725 0.836167
-0.558789 0.301384 0.071809 -0.0199719 -0.539105 -0.0155587 0.841858
-0.553165 0.294679 0.0723845 -0.0196542 -0.53337 -0.015503 0.845512
-0.547393 0.27793 0.0720677 -0.0190568 -0.524103 -0.0168973 0.851274
-0.539903 0.264085 0.0707307 -0.01885 -0.514276 -0.0171513 0.857246
-0.535739 0.261115 0.0727259 -0.0182535 -0.508815 -0.0171371 0.860512
-0.527455 0.246202 0.0713362 -0.0179466 -0.499346 -0.0182945 0.866024
-0.521042 0.233008 0.0722066 -0.0178384 -0.487239 -0.0182543 0.872895
-0.515258 0.225705 0.0721847 -0.0171252 -0.480718 -0.0185553 0.876511
-0.508279 0.213463 0.0713093 -0.0176016 -0.4698 -0.0194801 0.882383
-0.502015 0.202424 0.0717168 -0.0167224 -0.457243 -0.018534 0.888992
-0.495776 0.193899 0.0735796 -0.0166713 -0.450539 -0.0184505 0.892411
-0.491929 0.184368 0.0780735 -0.0155259 -0.438614 -0.0177586 0.898366
-0.484273 0.175264 0.0794075 -0.0144379 -0.427035 -0.017108 0.903958
-0.47865 0.169212 0.0800942 -0.013966 -0.421144 -0.0164511 0.906737
-0.47108 0.161632 0.0842835 -0.0130136 -0.412731 -0.0163017 0.910614
-0.466376 0.153798 0.0841353 -0.0132504 -0.406386 -0.0165028 0.913456
-0.456919 0.145436 0.0865962 -0.0124768 -0.39856 -0.016407 0.916911
-0.447649 0.136915 0.0886593 -0.0116252 -0.389424 -0.0153442 0.920857
-0.440577 0.131566 0.0887663 -0.0112061 -0.381965 -0.0154904 0.923979
-0.428747 0.122382 0.0876857 -0.0111011 -0.371793 -0.0147751 0.928132
-0.420778 0.116496 0.0918369 -0.0103975 -0.36228 -0.0139327 0.931907
-0.41362 0.108416 0.0903898 -0.0106661 -0.355664 -0.0142484 0.934445
-0.405294 0.0995215 0.0919407 -0.0102685 -0.344731 -0.0138202 0.938544
-0.398193 0.0938153 0.0931637 -0.00935324 -0.338388 -0.013775 0.94086
-0.387786 0.0808672 0.0914355 -0.00960108 -0.326651 -0.0138462 0.944995
-0.373428 0.0781738 0.0880636 -0.00956347 -0.317659 -0.0141139 0.948052
-0.370026 0.0738431 0.0899587 -0.00904288 -0.311598 -0.0140686 0.950067
-0.356535 0.0648355 0.0883338 -0.00902814 -0.301971 -0.0141865 0.953169
-0.34735 0.060152 0.0888847 -0.00839945 -0.293914 -0.0144035 0.955686
-0.337067 0.052475 0.091982 -0.00762619 -0.282292 -0.0140141 0.959196
-0.32937 0.0476315 0.0927545 -0.00719405 -0.274654 -0.0136389 0.961419
-0.31618 0.0381998 0.0925535 -0.00630415 -0.26289 -0.0132838 0.964714
-0.3073 0.0335958 0.089021 -0.00607929 -0.256933 -0.0128443 0.966325
-0.296171 0.0280265 0.090395 -0.00548684 -0.247094 -0.0130765 0.968888
-0.284752 0.029495 0.091408 -0.00490255 -0.237936 -0.0131169 0.97118
-0.277604 0.0230742 0.09122 -0.004624 -0.230844 -0.0130126 0.972893
-0.265873 0.0154757 0.0925743 -0.00411642 -0.220538 -0.0130643 0.975282
-0.256096 0.00957564 0.0887843 -0.00444582 -0.213352 -0.0142282 0.976862
-0.242331 0.00269307 0.085641 -0.00446245 -0.202429 -0.0144339 0.97918
-0.237073 -0.000918157 0.0894877 -0.00376129 -0.194251 -0.0141211 0.980843
-0.228926 -0.00245128 0.0918975 -0.00284997 -0.182395 -0.0138896 0.983123
-0.213899 -0.0135746 0.0882476 -0.00384664 -0.173496 -0.0140477 0.984727
-0.198251 -0.0197827 0.0888737 -0.00339125 -0.162397 -0.0139977 0.98662
-0.189392 -0.0234431 0.0872966 -0.00398378 -0.15352 -0.01449 0.988031
-0.17445 -0.0294895 0.0865832 -0.00356238 -0.140176 -0.0137677 0.990024
-0.16909 -0.0289282 0.0846782 -0.00354813 -0.133818 -0.0143438 0.990896
-0.155975 -0.0310325 0.0826221 -0.00335713 -0.123159 -0.015259 0.992264
-0.148337 -0.0336591 0.0837491 -0.00280177 -0.114873 -0.0153687 0.993257
-0.133955 -0.0383163 0.0853797 -0.00239366 -0.104246 -0.014665 0.994441
-0.123239 -0.038326 0.0814192 -0.00286758 -0.0970366 -0.0147066 0.995168
-0.114402 -0.0379878 0.082805 -0.00202438 -0.0830993 -0.0142186 0.996438
-0.106315 -0.041369 0.0814828 -0.00173665 -0.0738757 -0.0133465 0.997177
-0.0953575 -0.0421832 0.0821088 -0.00186972 -0.0633908 -0.0125115 0.997909
-0.0862169 -0.0398603 0.0829169 -0.00172385 -0.057578 -0.012205 0.998265
-0.0751862 -0.0403113 0.0810312 -0.00228607 -0.0473006 -0.0122347 0.998803
-0.0614909 -0.0432796 0.0791201 -0.00191895 -0.0367653 -0.0119081 0.999251
-0.0550719 -0.0428217 0.0766814 -0.00203499 -0.0302576 -0.0117859 0.999471
-0.0459775 -0.0419864 0.0791249 -0.000974345 -0.0201181 -0.0115217 0.999731
-0.0378344 -0.0562587 0.0762139 -0.00135146 -0.0124195 -0.0117296 0.999853
-0.0217874 -0.0554654 0.0746364 -0.00160189 -0.00298443 -0.0120349 0.999922
-0.00666074 -0.0564529 0.0709486 -0.00188808 0.00855901 -0.0112986 0.999898
-0.00170375 -0.0531834 0.0737853 0.000971147 0.0148023 -0.0112214 0.999827
-0.00245195 -0.0506767 0.0737205 -0.00100018 0.0144916 -0.0111648 0.999832
-0.00245195 -0.0506767 0.0737205 -0.00100018 0.0144916 -0.0111648 0.999832
-0.00245195 -0.0506767 0.0737205 -0.00100018 0.0144916 -0.0111648 0.999832
-0.00245195 -0.0506767 0.0737205 -0.00100018 0.0144916 -0.0111648 0.999832
-0.00245195 -0.0506767 0.0737205 -0.00100018 0.0144916 -0.0111648 0.999832
-0.00245195 -0.0506767 0.0737205 -0.00100018 0.0144916 -0.0111648 0.999832
-0.00245195 -0.0506767 0.0737205 -0.00100018 0.0144916 -0.0111648 0.999832
-0.00245195 -0.0506767 0.0737205 -0.00100018 0.0144916 -0.0111648 0.999832
-0.00245195 -0.0506767 0.0737205 -0.00100018 0.0144916 -0.0111648 0.999832
-0.00245195 -0.0506767 0.0737205 -0.00100018 0.0144916 -0.0111648 0.999832
-0.00245195 -0.0506767 0.0737205 -0.00100018 0.0144916 -0.0111648 0.999832
-0.00245195 -0.0506767 0.0737205 -0.00100018 0.0144916 -0.0111648 0.999832
-0.00245195 -0.0506767 0.0737205 -0.00100018 0.0144916 -0.0111648 0.999832
-0.00248467 -0.0507087 0.0737456 -0.000995337 0.0144977 -0.0111613 0.999832
-0.00248467 -0.0507087 0.0737456 -0.000995337 0.0144977 -0.0111613 0.999832
-0.00273737 -0.0506098 0.0739047 -0.00096582 0.014478 -0.0111667 0.999832
-0.00273737 -0.0506098 0.0739047 -0.00096582 0.014478 -0.0111667 0.999832
-0.00273737 -0.0506098 0.0739047 -0.00096582 0.014478 -0.0111667 0.999832
-0.00273737 -0.0506098 0.0739047 -0.00096582 0.014478 -0.0111667 0.999832
-0.00273737 -0.0506098 0.0739047 -0.00096582 0.014478 -0.0111667 0.999832
-0.00273737 -0.0506098 0.0739047 -0.00096582 0.014478 -0.0111667 0.999832
-0.00273737 -0.0506098 0.0739047 -0.00096582 0.014478 -0.0111667 0.999832
-0.00251312 -0.050619 0.0737629 -0.000992575 0.0144826 -0.0111633 0.999832
-0.00251312 -0.050619 0.0737629 -0.000992575 0.0144826 -0.0111633 0.999832
-0.00251312 -0.050619 0.0737629 -0.000992575 0.0144826 -0.0111633 0.999832
-0.00251312 -0.050619 0.0737629 -0.000992575 0.0144826 -0.0111633 0.999832
-0.00251312 -0.050619 0.0737629 -0.000992575 0.0144826 -0.0111633 0.999832
-0.00251312 -0.050619 0.0737629 -0.000992575 0.0144826 -0.0111633 0.999832
-0.00251312 -0.050619 0.0737629 -0.000992575 0.0144826 -0.0111633 0.999832
