-0.00257119 -0.748297 2.47751 0.713917 -0.700048 0.0118777 0.0106698
-0.00250921 -0.748421 2.47803 0.71396 -0.700005 0.0111538 0.0113506
-0.00256259 -0.748351 2.47786 0.713744 -0.700217 0.0122654 0.0106906
-0.00258735 -0.748229 2.47741 0.713949 -0.700005 0.0114868 0.0117305
-0.00251486 -0.748418 2.47796 0.713825 -0.700133 0.0116946 0.0114235
-0.00258953 -0.748354 2.47776 0.713943 -0.700016 0.0114124 0.011546
-0.0025565 -0.748392 2.47789 0.714089 -0.69987 0.0108597 0.0118788
-0.00257124 -0.748256 2.47744 0.714044 -0.699914 0.0115713 0.011279
-0.00254504 -0.748192 2.47711 0.713916 -0.700041 0.0119867 0.0110773
-0.00258912 -0.748226 2.47728 0.713888 -0.700064 0.0121589 0.0112827
-0.00253261 -0.748386 2.4779 0.713813 -0.700149 0.0118957 0.0109914
-0.00260009 -0.7484 2.47777 0.713892 -0.700068 0.0118336 0.0111191
-0.0025975 -0.74839 2.47783 0.713974 -0.699993 0.0119092 0.0104424
-0.00254128 -0.74839 2.47776 0.713745 -0.700229 0.0123644 0.00975
-0.00260153 -0.748299 2.47751 0.714026 -0.699932 0.0113827 0.0115105
-0.00257697 -0.748144 2.47697 0.713834 -0.700117 0.0126508 0.0108117
-0.00255128 -0.74849 2.47823 0.714009 -0.699955 0.0114941 0.0110296
-0.00256284 -0.748459 2.4779 0.713886 -0.70008 0.0115306 0.0110276
-0.00252373 -0.748401 2.47771 0.714097 -0.699868 0.011149 0.0112344
-0.00256336 -0.748309 2.47757 0.713851 -0.70011 0.0117516 0.0111859
-0.00256149 -0.748427 2.478 0.713961 -0.699998 0.0111679 0.0117175
-0.00256075 -0.748415 2.47787 0.714033 -0.699932 0.0113371 0.0111146
-0.00262437 -0.748518 2.47831 0.714116 -0.699843 0.0107502 0.0119422
-0.00254304 -0.748157 2.47703 0.713675 -0.700285 0.0129472 0.0100655
-0.00256529 -0.748321 2.47754 0.713889 -0.700069 0.0118418 0.0111614
-0.00253835 -0.748209 2.47727 0.713909 -0.700047 0.0122336 0.0108896
-0.00258429 -0.74802 2.47652 0.71393 -0.700019 0.0124811 0.0110759
-0.00254407 -0.748246 2.4773 0.713692 -0.700273 0.0128077 0.00991571
-0.00254106 -0.7483 2.47753 0.71385 -0.700119 0.0119891 0.010361
-0.00259322 -0.748099 2.47671 0.71393 -0.700021 0.0122685 0.0111266
-0.00254058 -0.748528 2.47833 0.714226 -0.699739 0.0108559 0.0113388
-0.00261729 -0.748361 2.47762 0.71392 -0.700045 0.0118913 0.0106477
-0.00256166 -0.748313 2.47748 0.713935 -0.700026 0.0120768 0.0106937
-0.00253298 -0.748251 2.47748 0.713948 -0.700005 0.0116556 0.0116222
-0.00262295 -0.748275 2.47739 0.713782 -0.700179 0.0123204 0.0105858
-0.00252055 -0.748508 2.4782 0.7139 -0.700078 0.0117125 0.0100024
-0.00258387 -0.748473 2.47807 0.713864 -0.700106 0.0117649 0.0105046
-0.00254704 -0.748397 2.47781 0.713872 -0.700096 0.0122225 0.0101546
-0.00252827 -0.748639 2.47864 0.714016 -0.699962 0.011002 0.0106456
-0.00253037 -0.748222 2.47718 0.714015 -0.699948 0.0116482 0.0109605
-0.00256196 -0.748477 2.47801 0.714073 -0.699895 0.0112699 0.0109504
-0.00258355 -0.748114 2.47698 0.71399 -0.699972 0.012007 0.0106176
-0.00253701 -0.748412 2.47787 0.713981 -0.699993 0.0115708 0.0103679
-0.00256539 -0.748402 2.47783 0.713892 -0.700077 0.0120175 0.0103264
-0.00260052 -0.748448 2.47795 0.71402 -0.699947 0.0114897 0.0108258
-0.00257799 -0.74842 2.47786 0.713888 -0.700081 0.012013 0.0102856
-0.00261468 -0.748284 2.4774 0.713789 -0.700178 0.0123089 0.0102533
-0.00252908 -0.748609 2.47842 0.713851 -0.700124 0.0117084 0.0103128
-0.00257584 -0.748434 2.47786 0.713875 -0.700092 0.0119908 0.0104698
-0.00252134 -0.748432 2.47794 0.714009 -0.699964 0.0113817 0.0106168
-0.00256293 -0.748355 2.47768 0.714096 -0.699874 0.0112995 0.0108035
-0.00254874 -0.748359 2.47757 0.713993 -0.69997 0.011429 0.0111994
-0.00255176 -0.748559 2.47828 0.713857 -0.700117 0.0117281 0.0103487
-0.00254722 -0.748245 2.47736 0.713891 -0.700068 0.0120857 0.0108865
-0.00260378 -0.748261 2.47736 0.713997 -0.699968 0.0117797 0.0106964
-0.00256382 -0.748442 2.47804 0.714005 -0.699961 0.0119204 0.0104231
-0.00254528 -0.748567 2.47829 0.713939 -0.700042 0.0112397 0.0103198
-0.00255673 -0.74836 2.47757 0.713949 -0.700015 0.0117128 0.0109028
-0.00249768 -0.748625 2.47843 0.713939 -0.700038 0.0112183 0.0106045
-0.00252842 -0.748549 2.47827 0.713891 -0.700077 0.0114143 0.0110127
-0.00256316 -0.748383 2.47785 0.713911 -0.700064 0.0117593 0.010209
-0.00256674 -0.748357 2.4776 0.713996 -0.699968 0.0116764 0.0108979
-0.00254345 -0.748223 2.4771 0.713979 -0.699979 0.0118731 0.0110378
-0.00253213 -0.748429 2.47785 0.713831 -0.700142 0.0119695 0.0101666
-0.00254383 -0.748458 2.47799 0.71401 -0.699961 0.0114105 0.010674
-0.00255735 -0.748211 2.47709 0.713799 -0.700157 0.0121428 0.0111138
-0.00254686 -0.748785 2.47901 0.713944 -0.700035 0.0112626 0.0104235
-0.0025242 -0.748264 2.47723 0.713901 -0.700058 0.0120346 0.0109837
-0.00258069 -0.748397 2.47769 0.713743 -0.700225 0.0122985 0.0102625
-0.0025133 -0.748403 2.47771 0.713688 -0.700281 0.0123141 0.0102144
-0.00252163 -0.748164 2.47689 0.714061 -0.699887 0.0116067 0.0118312
-0.00255784 -0.74828 2.47729 0.713915 -0.700042 0.0120269 0.011067
-0.00257038 -0.748592 2.47844 0.713992 -0.699981 0.0115316 0.0104677
-0.00251103 -0.748396 2.47777 0.713989 -0.699979 0.0115694 0.0107137
-0.00254863 -0.748359 2.47756 0.713994 -0.699968 0.0114264 0.0112048
-0.00255839 -0.748394 2.47764 0.713877 -0.700087 0.0118044 0.0108486
-0.00256309 -0.748574 2.47834 0.714066 -0.699906 0.0111831 0.0108109
-0.00259312 -0.748474 2.47797 0.714197 -0.69977 0.0105786 0.0115353
-0.00251284 -0.748557 2.47819 0.713874 -0.700095 0.0116706 0.0107289
-0.00259693 -0.748562 2.47823 0.713932 -0.700042 0.0111905 0.0108141
-0.00254093 -0.748349 2.47753 0.713823 -0.700142 0.0121121 0.0105699
-0.00256311 -0.748435 2.47785 0.713876 -0.700088 0.0120465 0.0105931
-0.0025098 -0.748373 2.47761 0.713788 -0.700176 0.0122329 0.0104836
-0.00258637 -0.748559 2.47831 0.713984 -0.699981 0.0114957 0.0110555
-0.00255266 -0.748619 2.47857 0.713817 -0.700165 0.0115788 0.00999896
-0.00256303 -0.74837 2.47769 0.714093 -0.699874 0.0113711 0.0108902
-0.00259332 -0.748371 2.47754 0.713919 -0.700047 0.0117776 0.0107225
-0.00257764 -0.748486 2.478 0.714129 -0.699835 0.0110425 0.0113673
-0.00257357 -0.748284 2.47733 0.714004 -0.699963 0.011425 0.0109336
-0.00255053 -0.748415 2.47788 0.713818 -0.700152 0.012331 0.00993179
-0.00257444 -0.748429 2.4778 0.713961 -0.700004 0.011495 0.0110673
-0.00257306 -0.74838 2.4776 0.713819 -0.700148 0.0119368 0.0106214
-0.00257089 -0.748262 2.47715 0.713814 -0.700143 0.0122005 0.0109554
-0.00260112 -0.748439 2.47787 0.713982 -0.699981 0.0117159 0.0109082
-0.0025632 -0.748492 2.47809 0.714163 -0.6998 0.0109091 0.0115106
-0.00258555 -0.748321 2.47748 0.714037 -0.699928 0.0114851 0.0109516
-0.00254947 -0.748471 2.47801 0.71417 -0.699803 0.0109348 0.0107876
-0.00258548 -0.74833 2.47739 0.714085 -0.699871 0.0111511 0.0117751
-0.00257657 -0.748392 2.47766 0.714124 -0.699831 0.0112999 0.0116739
-0.00252341 -0.748582 2.47854 0.713962 -0.700009 0.0115919 0.010566
-0.00255491 -0.748374 2.4777 0.714012 -0.699954 0.0115602 0.0108479
-0.00259187 -0.748475 2.47798 0.713993 -0.699984 0.0113503 0.0103985
-0.00255132 -0.748547 2.47808 0.713865 -0.700102 0.0116101 0.0109054
-0.00255503 -0.748513 2.47801 0.713987 -0.699977 0.0115706 0.0109844
-0.00258467 -0.748333 2.47769 0.713907 -0.700068 0.0116558 0.0102479
-0.00256443 -0.748293 2.47743 0.714117 -0.699846 0.0112651 0.0111972
-0.00257136 -0.748522 2.47808 0.71384 -0.700129 0.0117877 0.0106377
-0.002549 -0.748342 2.47743 0.713722 -0.700241 0.0125206 0.0103269
-0.00254917 -0.748328 2.47749 0.714072 -0.699885 0.0115924 0.0113442
-0.00258965 -0.748255 2.47721 0.713941 -0.700016 0.0119359 0.0111319
-0.00256391 -0.748386 2.47779 0.713964 -0.700007 0.01182 0.0102698
-0.00257864 -0.748331 2.47755 0.714046 -0.699916 0.0117092 0.0109579
-0.00255795 -0.748455 2.47785 0.713869 -0.700096 0.0118071 0.0108434
-0.00256392 -0.748285 2.47732 0.713944 -0.700021 0.0115547 0.0109736
-0.00251915 -0.748443 2.47802 0.714173 -0.699799 0.0107715 0.0110988
-0.00258409 -0.748318 2.47755 0.713937 -0.700028 0.0119492 0.0105432
-0.00241708 -0.748569 2.47813 0.714452 -0.699514 0.0105746 0.0112885
-0.000771866 -0.748554 2.47653 0.713414 -0.700535 0.0134783 0.0104799
0.00124354 -0.748674 2.47499 0.712712 -0.701224 0.0143762 0.0109378
0.00390984 -0.750461 2.47862 0.712765 -0.701205 0.00794463 0.0146451
0.0072856 -0.750569 2.4789 0.709771 -0.704338 0.00494299 0.0104389
0.0104071 -0.750291 2.47741 0.708796 -0.705291 0.00630157 0.0115397
0.0139517 -0.74729 2.46769 -0.705849 0.708087 -0.0111381 -0.0163023
0.0169599 -0.74878 2.47368 -0.704743 0.709226 -0.00962028 -0.0155983
0.0203004 -0.748879 2.4754 -0.702445 0.711563 -0.0105896 -0.0117021
0.0232577 -0.748685 2.47559 -0.700501 0.713432 -0.0136279 -0.0112725
0.0264467 -0.748643 2.47682 -0.698918 0.715003 -0.0118143 -0.0119969
0.029623 -0.748415 2.47693 -0.697116 0.716735 -0.0118369 -0.0134108
0.0325745 -0.748239 2.47635 -0.695641 0.718153 -0.0129564 -0.0131146
0.0355293 -0.748695 2.47767 -0.693311 0.720413 -0.0148758 -0.0102198
0.0386193 -0.748786 2.47806 -0.692166 0.721534 -0.0112463 -0.0129828
0.0417383 -0.748771 2.47833 -0.689488 0.724079 -0.0136648 -0.0113673
0.0450293 -0.748198 2.47696 -0.688509 0.725002 -0.0132187 -0.0123434
0.0482735 -0.748264 2.47772 -0.686258 0.727142 -0.0140307 -0.0108417
0.0513013 -0.7476 2.47623 -0.684845 0.728476 -0.0127624 -0.012131
0.0544335 -0.747665 2.47709 -0.682198 0.730951 -0.0138948 -0.0111023
0.0576502 -0.747524 2.47744 -0.680839 0.732221 -0.0126226 -0.0122944
0.0605425 -0.747211 2.47726 -0.678823 0.734064 -0.0147179 -0.0115193
0.0634672 -0.746675 2.47667 -0.677371 0.735421 -0.0143552 -0.0108653
0.0665523 -0.746281 2.4766 -0.675289 0.737323 -0.0155125 -0.00995652
0.0699328 -0.746038 2.47662 -0.674155 0.738381 -0.0135262 -0.0112088
0.0733303 -0.74586 2.47764 -0.672237 0.740126 -0.0134908 -0.0113363
0.0766294 -0.745131 2.47715 -0.669954 0.742176 -0.0150647 -0.01047
0.0797151 -0.744294 2.4761 -0.668305 0.743669 -0.0144044 -0.0108316
0.0829554 -0.743908 2.47641 -0.666683 0.745126 -0.0142751 -0.0108512
0.0860487 -0.743438 2.47635 -0.665027 0.746613 -0.0139143 -0.0107138
0.0892554 -0.742816 2.47603 -0.663197 0.74823 -0.0141556 -0.0110446
0.0926508 -0.742219 2.47599 -0.661072 0.750097 -0.0140752 -0.011812
0.0965518 -0.741443 2.47574 -0.658836 0.752073 -0.013987 -0.0111659
0.100145 -0.741134 2.47658 -0.656841 0.753821 -0.0139482 -0.0109204
0.103323 -0.740678 2.47599 -0.655075 0.755345 -0.0144146 -0.0110608
0.106338 -0.73984 2.47525 -0.653184 0.756958 -0.0159892 -0.0104751
0.10953 -0.739543 2.47545 -0.651724 0.758229 -0.0147936 -0.0112064
0.112627 -0.739214 2.47589 -0.649885 0.759807 -0.0149888 -0.0108453
0.115731 -0.738772 2.47571 -0.647962 0.761455 -0.0146229 -0.0108512
0.118756 -0.738393 2.47534 -0.646104 0.763028 -0.0144066 -0.0114196
0.121798 -0.737939 2.47509 -0.644242 0.764601 -0.0151855 -0.0103493
0.124958 -0.737491 2.47488 -0.642256 0.76625 -0.0162066 -0.0102793
0.128029 -0.736949 2.47444 -0.640172 0.76798 -0.0169377 -0.00993101
0.131046 -0.736459 2.47404 -0.638378 0.769472 -0.0162157 -0.0111191
0.134273 -0.736325 2.47563 -0.635663 0.771732 -0.0160183 -0.0102666
0.1374 -0.735134 2.47444 -0.633552 0.773476 -0.0147329 -0.0114166
0.140178 -0.734478 2.47504 -0.631399 0.775236 -0.0157233 -0.00986271
0.142897 -0.733427 2.47424 -0.629802 0.776533 -0.0156229 -0.0101261
0.145824 -0.732542 2.47408 -0.62775 0.778183 -0.0158703 -0.0104532
0.148966 -0.732044 2.47514 -0.625699 0.779848 -0.0150297 -0.0106045
0.151968 -0.73078 2.47372 -0.623478 0.781594 -0.0163586 -0.0108398
0.155007 -0.72999 2.47364 -0.621336 0.78329 -0.0169046 -0.0105893
0.158073 -0.72962 2.47421 -0.618627 0.785438 -0.0172895 -0.00937145
0.161174 -0.729084 2.47426 -0.616774 0.786883 -0.0176555 -0.00967223
0.164162 -0.728067 2.47331 -0.614448 0.788693 -0.0181866 -0.00928844
0.16728 -0.72721 2.47325 -0.612217 0.790425 -0.0179177 -0.00987757
0.170902 -0.726642 2.47437 -0.610066 0.792098 -0.0170698 -0.0104459
0.174671 -0.725332 2.47354 -0.607815 0.793818 -0.0174652 -0.0103958
0.178267 -0.724656 2.47448 -0.605941 0.795261 -0.0166997 -0.0107545
0.181249 -0.723226 2.47277 -0.603323 0.797228 -0.0182449 -0.00975664
0.184499 -0.722691 2.47412 -0.601571 0.798566 -0.0171866 -0.0104203
0.187439 -0.72233 2.47503 -0.600005 0.799748 -0.0173298 -0.00983862
0.190277 -0.721249 2.47384 -0.597855 0.801308 -0.0193264 -0.010045
0.193524 -0.720673 2.47454 -0.596158 0.802622 -0.016828 -0.0104814
0.19672 -0.719754 2.4743 -0.594006 0.804197 -0.018009 -0.00998372
0.200058 -0.718815 2.47478 -0.592488 0.805336 -0.0171806 -0.00986176
0.203115 -0.717469 2.47457 -0.590256 0.806958 -0.0180967 -0.00941339
0.206226 -0.716207 2.47387 -0.588131 0.808514 -0.017544 -0.00994905
0.20942 -0.715383 2.47478 -0.586252 0.809918 -0.0162004 -0.00887107
0.212484 -0.714429 2.47455 -0.584083 0.811465 -0.0174423 -0.00816062
0.215575 -0.713481 2.47456 -0.582155 0.812841 -0.0174645 -0.00892629
0.22183 -0.711363 2.47367 -0.577661 0.816039 -0.0170876 -0.00980294
0.225189 -0.710368 2.47377 -0.575549 0.817504 -0.0184898 -0.00940619
0.22856 -0.709474 2.47415 -0.573478 0.818965 -0.0182304 -0.00930097
0.23181 -0.7084 2.47458 -0.57135 0.82047 -0.0182097 -0.00758218
0.235013 -0.70704 2.47394 -0.569551 0.82171 -0.0180352 -0.00882304
0.238319 -0.705973 2.47416 -0.567668 0.82303 -0.017055 -0.00912974
0.24159 -0.705076 2.47498 -0.565268 0.824685 -0.0170964 -0.008632
0.247696 -0.702406 2.4732 -0.560647 0.827809 -0.0178144 -0.00952478
0.256355 -0.699667 2.47428 -0.552796 0.833051 -0.0195465 -0.00774943
0.259037 -0.698499 2.47381 -0.550129 0.834802 -0.0201064 -0.00778931
0.264709 -0.696861 2.47452 -0.545982 0.837543 -0.0188843 -0.00826797
0.267466 -0.695746 2.47423 -0.543641 0.839023 -0.0206596 -0.00823585
0.27026 -0.694582 2.47449 -0.541138 0.840687 -0.0190308 -0.00731614
0.272857 -0.693351 2.47392 -0.538835 0.842116 -0.021267 -0.00679851
0.275416 -0.692084 2.47357 -0.536953 0.843352 -0.0195078 -0.00761656
0.280855 -0.689798 2.47377 -0.531703 0.846647 -0.0208633 -0.00676925
0.283981 -0.688502 2.47353 -0.529064 0.848304 -0.0202836 -0.00776764
0.286717 -0.686735 2.47249 -0.526133 0.850098 -0.0221816 -0.00503979
0.297936 -0.680888 2.47284 -0.518343 0.854873 -0.0216704 -0.00649728
0.303334 -0.677689 2.47177 -0.514362 0.857311 -0.0195885 -0.00810986
0.306016 -0.676345 2.47158 -0.511562 0.858935 -0.0222274 -0.00638893
0.308965 -0.674949 2.47134 -0.509466 0.860182 -0.0220327 -0.00678733
0.311839 -0.673169 2.47113 -0.507138 0.861557 -0.0221569 -0.00628554
0.317925 -0.669363 2.47064 -0.502537 0.864265 -0.0213694 -0.00676264
0.32082 -0.667364 2.47155 -0.500407 0.865513 -0.021131 -0.00578067
0.323204 -0.66531 2.47051 -0.498758 0.866451 -0.0216206 -0.00595056
0.325686 -0.663722 2.47119 -0.49686 0.867554 -0.0213874 -0.00476863
0.327976 -0.661755 2.47002 -0.495331 0.868411 -0.0218462 -0.00559787
0.330502 -0.659956 2.47001 -0.49366 0.869367 -0.0216324 -0.0056728
0.333034 -0.658268 2.47023 -0.491819 0.870436 -0.0206021 -0.00549465
0.335504 -0.656511 2.46972 -0.489711 0.871569 -0.0228849 -0.00519433
0.338202 -0.655098 2.47028 -0.48811 0.872504 -0.0213988 -0.00515124
0.340701 -0.653057 2.4692 -0.486206 0.873569 -0.0212691 -0.0053775
0.343508 -0.651346 2.47011 -0.48445 0.87455 -0.0211324 -0.00480943
0.346053 -0.649078 2.4693 -0.482483 0.875638 -0.0211538 -0.00451959
0.348892 -0.646799 2.46877 -0.480667 0.876648 -0.0204358 -0.00555103
0.351779 -0.644528 2.46827 -0.478533 0.877805 -0.0208604 -0.00536893
0.354241 -0.642851 2.46903 -0.477007 0.878621 -0.0217408 -0.00403222
0.356513 -0.640927 2.46915 -0.475457 0.879501 -0.0200144 -0.00417283
0.35881 -0.63883 2.46869 -0.473116 0.880719 -0.0220531 -0.00308393
0.361365 -0.63689 2.4683 -0.471658 0.881509 -0.0214256 -0.00468798
0.363908 -0.635212 2.46851 -0.469336 0.882764 -0.0207387 -0.00460746
0.366087 -0.633265 2.46746 -0.466759 0.884064 -0.023496 -0.00379344
0.368589 -0.631568 2.46774 -0.463946 0.885543 -0.0236988 -0.00240451
0.371131 -0.629801 2.46749 -0.461753 0.886721 -0.0223601 -0.00322718
0.373351 -0.627626 2.46638 -0.459708 0.887744 -0.0238759 -0.00306088
0.375925 -0.625905 2.46742 -0.45696 0.889196 -0.0226644 -0.00216981
0.378518 -0.623931 2.46754 -0.454421 0.8905 -0.0224233 -0.00285748
0.381312 -0.621646 2.46773 -0.451557 0.891958 -0.0223331 -0.00283772
0.383618 -0.619397 2.46707 -0.449621 0.892923 -0.02279 -0.00302831
0.385835 -0.617429 2.46661 -0.447586 0.893956 -0.0222386 -0.0039295
0.388086 -0.615181 2.466 -0.445328 0.895058 -0.023365 -0.00292125
0.390578 -0.613358 2.46585 -0.443498 0.895989 -0.022228 -0.00433635
0.39307 -0.611793 2.46725 -0.441706 0.896886 -0.0219748 -0.00278115
0.395151 -0.609478 2.46593 -0.439468 0.897939 -0.0236867 -0.00342345
0.397515 -0.607384 2.46612 -0.437329 0.898995 -0.0234099 -0.00182516
0.399912 -0.605318 2.46597 -0.435232 0.899995 -0.0241044 -0.00130744
0.401762 -0.603009 2.46394 -0.432669 0.901175 -0.0260663 -0.00128003
0.40457 -0.601842 2.46688 -0.430435 0.902342 -0.0224353 -0.00136439
0.406952 -0.599852 2.46556 -0.427299 0.903773 -0.0246889 -0.000657518
0.409311 -0.598039 2.4653 -0.425218 0.904728 -0.0256147 -0.000824694
0.411524 -0.596049 2.46522 -0.423304 0.905671 -0.0239452 0.000217283
0.413766 -0.593961 2.46513 -0.4208 0.906841 -0.0238081 1.11193e-05
0.416033 -0.591597 2.46411 -0.418809 0.907722 -0.0252916 -0.000283656
0.418899 -0.589407 2.46505 -0.416533 0.90882 -0.0233755 -1.50619e-05
0.421349 -0.587002 2.46446 -0.414755 0.909644 -0.0229167 -0.000955114
0.423746 -0.584854 2.46465 -0.412589 0.910626 -0.0230447 0.000206966
0.425925 -0.582762 2.4647 -0.41007 0.911755 -0.0233425 0.000872005
0.428287 -0.580778 2.46559 -0.4082 0.912625 -0.022054 0.00147735
0.430419 -0.578185 2.46409 -0.405674 0.9137 -0.0240816 0.00134194
0.432601 -0.57576 2.46343 -0.403359 0.914705 -0.0248278 0.00089055
0.435102 -0.573539 2.46369 -0.400965 0.915803 -0.0230628 0.000835521
0.437623 -0.571235 2.46395 -0.398663 0.916782 -0.0240249 0.00121329
0.439785 -0.568924 2.46362 -0.396579 0.917706 -0.0231781 0.00159216
0.441735 -0.56629 2.46267 -0.394294 0.91866 -0.0244115 0.000905212
0.444194 -0.564056 2.46353 -0.392558 0.919386 -0.0249968 0.00156415
0.44679 -0.561638 2.4635 -0.390427 0.920304 -0.0245802 0.00175166
0.449484 -0.559662 2.4642 -0.38838 0.921214 -0.0228632 0.00180476
0.451727 -0.557663 2.46367 -0.385794 0.922283 -0.0235062 0.00210037
0.453806 -0.555388 2.46249 -0.384197 0.922933 -0.0242356 0.000770025
0.455812 -0.55314 2.4608 -0.380927 0.924151 -0.0288538 0.00247986
0.458262 -0.55084 2.46133 -0.379687 0.924693 -0.0277116 0.00356068
0.460506 -0.549681 2.4648 -0.376722 0.925991 -0.0247631 0.00271894
0.462178 -0.547113 2.46339 -0.374431 0.926916 -0.0248277 0.00333928
0.464491 -0.544909 2.464 -0.372108 0.927943 -0.0212318 0.00257383
0.466687 -0.542443 2.4638 -0.369526 0.928968 -0.021552 0.00201198
0.46846 -0.54018 2.46397 -0.3672 0.929887 -0.0215938 0.00267711
0.470018 -0.537605 2.46288 -0.365267 0.930632 -0.0224007 0.00174741
0.471945 -0.535391 2.46392 -0.362918 0.931563 -0.0218307 0.0022442
0.47367 -0.532675 2.46281 -0.360625 0.932419 -0.023269 0.00183617
0.475581 -0.530071 2.46199 -0.358527 0.933265 -0.021779 0.00117385
0.47766 -0.528005 2.46299 -0.355756 0.93429 -0.0230966 0.00249504
0.479549 -0.525475 2.46264 -0.35314 0.935283 -0.0230837 0.00215024
0.481383 -0.522898 2.46208 -0.351102 0.936073 -0.0221942 0.00128047
0.483399 -0.520569 2.46218 -0.348443 0.937065 -0.0222127 0.00180588
0.485443 -0.518169 2.46191 -0.345683 0.938052 -0.0235689 0.00260663
0.487936 -0.515484 2.46223 -0.342228 0.939328 -0.0232042 0.00197674
0.490222 -0.512444 2.46181 -0.340223 0.940074 -0.0224482 0.00219983
0.492411 -0.509609 2.46145 -0.338209 0.940798 -0.0225477 0.00204999
0.494552 -0.507332 2.46227 -0.335701 0.941713 -0.0218746 0.00174994
0.496136 -0.50503 2.46189 -0.333673 0.942427 -0.0220703 0.00234831
0.49793 -0.502937 2.46179 -0.330786 0.943385 -0.0243904 0.00310753
0.499928 -0.500827 2.46247 -0.329022 0.94406 -0.0221829 0.00194873
0.501644 -0.498157 2.46137 -0.327055 0.944733 -0.0224646 0.00302431
0.503538 -0.495663 2.46145 -0.324836 0.945468 -0.023744 0.00295791
0.505773 -0.493206 2.46255 -0.322546 0.946307 -0.0213933 0.00298787
0.507666 -0.490577 2.46264 -0.320534 0.947011 -0.0204364 0.00313371
0.509296 -0.487971 2.4618 -0.317882 0.947873 -0.0218088 0.00343578
0.511224 -0.485322 2.46096 -0.315265 0.948736 -0.0223917 0.00271815
0.513696 -0.48263 2.46246 -0.312427 0.9497 -0.0210619 0.00404888
0.515226 -0.479851 2.46127 -0.309954 0.950457 -0.0233769 0.00375395
0.516872 -0.477277 2.46119 -0.307982 0.951115 -0.022582 0.00412361
0.518588 -0.474811 2.46227 -0.305589 0.951937 -0.020333 0.00415227
0.520181 -0.471882 2.46135 -0.303612 0.952515 -0.0227545 0.00417394
0.521874 -0.469003 2.46115 -0.301357 0.953207 -0.0235636 0.00498429
0.523774 -0.466198 2.46105 -0.299446 0.953859 -0.0217836 0.00321506
0.525557 -0.463458 2.4603 -0.297147 0.95457 -0.0220672 0.00355734
0.527582 -0.460868 2.46059 -0.295429 0.955097 -0.022257 0.00389941
0.52942 -0.457997 2.46015 -0.2925 0.955973 -0.0232897 0.00423448
0.531489 -0.455305 2.46058 -0.289802 0.956821 -0.0220824 0.00462654
0.533198 -0.452331 2.45975 -0.286709 0.957747 -0.0225434 0.00316974
0.535135 -0.449078 2.45883 -0.284309 0.958446 -0.0231223 0.00393274
0.537422 -0.446898 2.46083 -0.281336 0.959323 -0.0231331 0.00374517
0.539009 -0.444302 2.45972 -0.278615 0.96012 -0.0231645 0.00248918
0.541135 -0.442223 2.46163 -0.275437 0.96106 -0.0221181 0.00282707
0.542968 -0.439835 2.46115 -0.272935 0.961757 -0.0228122 0.00325335
0.544808 -0.437542 2.46098 -0.269942 0.962587 -0.023409 0.00294176
0.546502 -0.435183 2.46108 -0.267369 0.963323 -0.0226162 0.00321854
0.548056 -0.432697 2.46092 -0.264801 0.964015 -0.0232384 0.00391681
0.54952 -0.430171 2.46039 -0.261882 0.964814 -0.0232418 0.00323903
0.551214 -0.42782 2.46083 -0.259285 0.965507 -0.0235763 0.00343689
0.552504 -0.425217 2.46059 -0.256358 0.966256 -0.0247232 0.00435503
0.554027 -0.422617 2.46125 -0.253591 0.966982 -0.0247768 0.00480101
0.555433 -0.419974 2.46117 -0.251121 0.967654 -0.0236736 0.004767
0.556752 -0.417422 2.4609 -0.249001 0.968179 -0.0245594 0.00502261
0.558271 -0.414821 2.46174 -0.246637 0.968816 -0.0232945 0.00488686
0.559372 -0.411668 2.45961 -0.243696 0.969494 -0.0260916 0.00347425
0.561205 -0.408797 2.46018 -0.241485 0.970106 -0.0237779 0.00366335
0.562993 -0.405878 2.46003 -0.23911 0.970698 -0.0235839 0.0039863
0.564681 -0.403268 2.45997 -0.236568 0.971318 -0.0237401 0.00370568
0.565878 -0.400436 2.45904 -0.233458 0.972004 -0.0263575 0.00323536
0.567837 -0.398131 2.46148 -0.230285 0.972801 -0.0246302 0.00455443
0.568256 -0.394717 2.45662 -0.226623 0.973546 -0.0289626 0.0032944
0.570735 -0.392331 2.45981 -0.224921 0.974065 -0.024223 0.00471328
0.572454 -0.389516 2.46019 -0.221706 0.974803 -0.0241652 0.00459491
0.573657 -0.386219 2.45908 -0.218773 0.975422 -0.0260986 0.00298803
0.575413 -0.383469 2.46053 -0.21608 0.976067 -0.0238937 0.00558116
0.576597 -0.38058 2.46021 -0.21389 0.976554 -0.0239153 0.00469907
0.577911 -0.377854 2.46012 -0.211323 0.977088 -0.0248446 0.00491537
0.578885 -0.374903 2.45867 -0.209224 0.977524 -0.0255429 0.00444323
0.580586 -0.37247 2.46033 -0.207296 0.977976 -0.0238446 0.00470811
0.581818 -0.369695 2.46015 -0.204716 0.978523 -0.0236643 0.00493393
0.583012 -0.366862 2.45965 -0.202547 0.978963 -0.0241527 0.00484096
0.58426 -0.363902 2.45963 -0.200655 0.979399 -0.0221214 0.00503295
0.585172 -0.360899 2.45832 -0.197861 0.979899 -0.0251226 0.00425886
0.586639 -0.358094 2.45914 -0.196017 0.980295 -0.023913 0.00526464
0.588019 -0.355387 2.4592 -0.193588 0.980757 -0.0246357 0.00579109
0.589204 -0.352258 2.45873 -0.190768 0.981316 -0.024457 0.00525245
0.590307 -0.349177 2.45931 -0.188731 0.981695 -0.0247965 0.00637577
0.59131 -0.346385 2.45908 -0.187106 0.982015 -0.024536 0.00591219
0.591691 -0.343257 2.45792 -0.185313 0.982377 -0.0236349 0.00593622
0.592514 -0.340489 2.45842 -0.183419 0.982736 -0.0235887 0.00563081
0.593414 -0.337475 2.45864 -0.181153 0.983141 -0.0240922 0.00612057
0.594027 -0.334516 2.45777 -0.179062 0.983495 -0.0251715 0.00636901
0.595197 -0.331959 2.45848 -0.176163 0.984038 -0.0243115 0.00672
0.595991 -0.329251 2.4576 -0.173331 0.984493 -0.026247 0.00644258
0.597143 -0.326509 2.45826 -0.170911 0.984942 -0.0251956 0.00664729
0.597843 -0.323537 2.45791 -0.167985 0.985419 -0.0260988 0.00706436
0.59864 -0.320575 2.45808 -0.165459 0.985869 -0.0251104 0.0074525
0.599509 -0.317425 2.45752 -0.162319 0.986416 -0.0240285 0.0077061
0.600244 -0.313822 2.45686 -0.159313 0.986873 -0.0254359 0.00740722
0.601211 -0.310778 2.45723 -0.157429 0.98718 -0.0254119 0.00677095
0.602017 -0.30791 2.45748 -0.154853 0.987599 -0.0248571 0.00717538
0.60252 -0.305014 2.45655 -0.152786 0.987913 -0.0254327 0.00615442
0.603437 -0.302275 2.45706 -0.150886 0.988243 -0.0237257 0.00674152
0.604222 -0.299383 2.4576 -0.148725 0.988553 -0.0241301 0.00789573
0.60508 -0.296436 2.45797 -0.146047 0.988933 -0.0250086 0.00757902
0.605642 -0.293353 2.45701 -0.143608 0.989291 -0.0249232 0.00760743
0.606455 -0.290449 2.45693 -0.141658 0.989537 -0.0263262 0.00754194
0.607217 -0.28725 2.45584 -0.139483 0.989879 -0.0252805 0.00676463
0.608415 -0.284342 2.45754 -0.137081 0.990214 -0.024999 0.00768952
0.609028 -0.281153 2.45689 -0.134184 0.990598 -0.0255865 0.00744422
0.609968 -0.27781 2.45685 -0.131615 0.990983 -0.0240703 0.00714025
0.610659 -0.274693 2.45717 -0.129093 0.991282 -0.0249304 0.00856891
0.61121 -0.271881 2.45772 -0.127358 0.991499 -0.0247229 0.00992199
0.611226 -0.268708 2.45665 -0.125078 0.991797 -0.0246915 0.00919418
0.611441 -0.265279 2.45569 -0.12279 0.992034 -0.0264169 0.00968415
0.612124 -0.261779 2.45619 -0.121034 0.992315 -0.0236315 0.0101919
0.612832 -0.25819 2.45628 -0.118932 0.99256 -0.0239042 0.0104541
0.613508 -0.25492 2.45634 -0.11597 0.992904 -0.0241844 0.0104167
0.61412 -0.251811 2.45611 -0.113781 0.993164 -0.0240365 0.0101188
0.61481 -0.24872 2.4562 -0.111181 0.993422 -0.0251071 0.0110412
0.615423 -0.245449 2.45609 -0.108724 0.993675 -0.0260404 0.0105263
0.616362 -0.24199 2.45737 -0.10618 0.993974 -0.0247575 0.0113049
0.616918 -0.238223 2.45682 -0.103326 0.994343 -0.0222092 0.0105666
0.617048 -0.234795 2.45486 -0.101481 0.994516 -0.0235292 0.00930464
0.618112 -0.2318 2.45675 -0.098883 0.994754 -0.0237904 0.0109679
0.618898 -0.228405 2.45727 -0.0967123 0.995012 -0.0219599 0.0107075
0.619526 -0.224875 2.45662 -0.0942225 0.995216 -0.0236103 0.0105044
0.620175 -0.22158 2.45594 -0.092368 0.995399 -0.023403 0.0101065
0.621335 -0.218691 2.45709 -0.0900156 0.995608 -0.0232335 0.0110736
0.622307 -0.215807 2.45787 -0.0872542 0.995867 -0.0224667 0.0114359
0.622626 -0.21267 2.45702 -0.0850404 0.996017 -0.0240599 0.0118281
0.623159 -0.209496 2.45666 -0.0824457 0.996229 -0.0244055 0.0115927
0.623753 -0.206503 2.45673 -0.0797415 0.996475 -0.0232677 0.0117317
0.624163 -0.203581 2.45626 -0.0769152 0.996697 -0.0234993 0.0112693
0.62491 -0.200784 2.45789 -0.0744126 0.996916 -0.0213588 0.0128209
0.625069 -0.197677 2.45658 -0.071616 0.997102 -0.0231602 0.0110495
0.625614 -0.19466 2.45733 -0.0691544 0.99731 -0.0208784 0.0124299
0.625666 -0.191486 2.45638 -0.0662902 0.997493 -0.0214753 0.0123278
0.626313 -0.18821 2.4574 -0.0637885 0.997677 -0.0203699 0.0124888
0.626318 -0.184776 2.45616 -0.0611574 0.997826 -0.0215487 0.0117414
0.626613 -0.181461 2.45614 -0.0587166 0.997973 -0.0215304 0.0117753
0.627051 -0.178296 2.45666 -0.0564185 0.998157 -0.0192322 0.011367
0.62744 -0.175132 2.45731 -0.0534307 0.998312 -0.0192682 0.0121584
0.627586 -0.17187 2.45681 -0.050701 0.998449 -0.0194973 0.0122024
0.627667 -0.168722 2.45675 -0.0484128 0.99856 -0.019732 0.0120642
0.627768 -0.165279 2.45624 -0.0457424 0.998715 -0.0180239 0.0122908
0.627935 -0.161792 2.45636 -0.042737 0.998839 -0.018257 0.0127088
0.627787 -0.158335 2.45588 -0.0410496 0.99893 -0.0179552 0.0114409
0.627296 -0.154739 2.45438 -0.0395719 0.998974 -0.0189298 0.011252
0.628053 -0.151494 2.45691 -0.0375884 0.999073 -0.015977 0.0135962
0.628242 -0.148378 2.457 -0.035344 0.999141 -0.0165639 0.0139529
0.628412 -0.145474 2.45728 -0.0334005 0.999205 -0.0164286 0.0142925
0.628102 -0.142335 2.45625 -0.031248 0.999292 -0.016424 0.0130093
0.62793 -0.139137 2.45677 -0.0291736 0.999338 -0.0162703 0.014447
0.627837 -0.135901 2.45693 -0.0277517 0.9994 -0.0142736 0.0150367
0.627715 -0.132577 2.4567 -0.0255793 0.999424 -0.015994 0.0155726
0.62745 -0.129283 2.45598 -0.0235446 0.999492 -0.0157591 0.0145803
0.627448 -0.126178 2.45755 -0.0214179 0.999492 -0.0157762 0.0175528
0.627129 -0.122792 2.45654 -0.0187547 0.999596 -0.0136161 0.0164521
0.626948 -0.119246 2.45626 -0.0170307 0.999654 -0.0117883 0.016199
0.626491 -0.116234 2.45523 -0.0146177 0.999645 -0.0150284 0.0164656
0.626413 -0.113259 2.45598 -0.0127008 0.999624 -0.0156896 0.0185488
0.626256 -0.110188 2.45644 -0.0110143 0.999741 -0.0113835 0.0163415
0.626019 -0.106728 2.45598 -0.00845169 0.999752 -0.00960253 0.0182232
0.625763 -0.103691 2.45525 -0.00598568 0.999708 -0.0146346 0.018294
0.624635 -0.100165 2.451 -0.00450292 0.999779 -0.0168567 0.0117321
0.623574 -0.0968657 2.44828 -0.00228802 0.999875 -0.0131259 0.0085486
0.622212 -0.0939486 2.44517 0.00119848 0.999756 -0.0145244 0.0166217
0.626586 -0.09093 2.46325 0.00265463 0.999189 -0.0194927 0.0351395
0.623162 -0.0865641 2.44836 0.00304916 0.999673 -0.0128416 0.0219227
0.624673 -0.08311 2.45232 0.00714654 0.999802 -0.0105072 0.0153197
0.624599 -0.0794347 2.45354 0.0109734 0.999656 -0.0164448 0.0172604
0.623965 -0.0764341 2.45076 0.013204 0.999678 -0.0147093 0.0159403
0.624383 -0.0736621 2.45286 0.0148782 0.999697 -0.00975799 0.0169842
0.624795 -0.0710678 2.45441 0.018101 0.99962 -0.0100523 0.0182127
0.624502 -0.0683881 2.45365 0.0214386 0.999482 -0.0166459 0.0173192
0.624309 -0.0653851 2.4531 0.0237101 0.99947 -0.0138024 0.017537
0.624224 -0.0624709 2.45252 0.0268417 0.999439 -0.0120596 0.0159678
0.623983 -0.0595106 2.45214 0.0287951 0.999404 -0.010649 0.0157976
0.623727 -0.0566004 2.45218 0.0320604 0.999263 -0.0138816 0.0159326
0.62342 -0.053557 2.45186 0.0349326 0.999148 -0.0142362 0.0167439
0.622995 -0.0503934 2.45139 0.0375985 0.999087 -0.0121136 0.0162519
0.622865 -0.0472362 2.45119 0.0407162 0.998985 -0.0103135 0.016248
0.622346 -0.0438358 2.45035 0.0442272 0.998791 -0.0139799 0.0162576
0.622105 -0.040861 2.45125 0.0467392 0.998679 -0.0136986 0.0163717
0.621616 -0.0380099 2.45043 0.0493736 0.998556 -0.013836 0.0159976
0.621228 -0.0350453 2.45082 0.051815 0.99848 -0.0105374 0.0155433
0.620569 -0.0318548 2.44994 0.0541173 0.998352 -0.010582 0.0159099
0.619852 -0.0286052 2.44897 0.0568492 0.998188 -0.0129843 0.0148345
0.619406 -0.0251313 2.44877 0.0589113 0.998082 -0.0120833 0.014699
0.619155 -0.0218438 2.44922 0.0617274 0.997915 -0.0111885 0.0151925
0.618596 -0.0188408 2.44829 0.0646018 0.997718 -0.0129588 0.0147794
0.618446 -0.0159377 2.44838 0.0677143 0.997529 -0.012009 0.0143736
0.617961 -0.0129 2.44734 0.0711963 0.997255 -0.0148248 0.0138969
0.617873 -0.00946351 2.4484 0.0740828 0.997057 -0.012523 0.0152693
0.61725 -0.00562367 2.4472 0.077007 0.99687 -0.0108518 0.014206
0.616455 -0.00196456 2.44708 0.0796371 0.996664 -0.00921458 0.0153143
0.615803 0.00124479 2.44714 0.0822727 0.996431 -0.0105435 0.0156843
0.615155 0.00433075 2.44684 0.0847037 0.996258 -0.0087094 0.0147923
0.614668 0.00735073 2.44661 0.086921 0.996049 -0.0101413 0.0150996
0.614224 0.0104889 2.44635 0.0892278 0.995848 -0.0110362 0.0142312
0.61367 0.0135379 2.44591 0.0919533 0.995586 -0.011011 0.0152043
0.613355 0.0165441 2.44638 0.0942322 0.995392 -0.00999793 0.014651
0.612689 0.0193779 2.44615 0.0966275 0.99515 -0.0102299 0.0153145
0.61205 0.0223163 2.44613 0.0991428 0.994889 -0.0112709 0.0154695
0.610844 0.0253909 2.44457 0.102003 0.994582 -0.0132415 0.0150282
0.61005 0.0286505 2.44436 0.104272 0.99437 -0.0112771 0.015103
0.609411 0.0318277 2.44533 0.106475 0.994135 -0.00939159 0.0164486
0.608377 0.0348187 2.44382 0.108645 0.993888 -0.0116334 0.0157405
0.607908 0.0378549 2.44418 0.111061 0.993625 -0.0115481 0.0155143
0.607374 0.0408899 2.44461 0.113924 0.993298 -0.011617 0.0156557
0.606704 0.0443101 2.44382 0.116814 0.992971 -0.0119114 0.0149022
0.606167 0.0477258 2.44329 0.118976 0.992732 -0.0108473 0.0145017
0.605423 0.0507659 2.4417 0.121698 0.992434 -0.00965396 0.0131151
0.605232 0.0534417 2.4426 0.12528 0.991927 -0.013852 0.0139361
0.604806 0.0562417 2.44397 0.127969 0.991586 -0.0104222 0.0165363
0.603885 0.0590961 2.44321 0.131455 0.991129 -0.0118741 0.0155369
0.603024 0.0620967 2.4426 0.134225 0.990785 -0.0112582 0.0142246
0.601906 0.0648739 2.44087 0.138005 0.990227 -0.0143945 0.0141021
0.601368 0.0680076 2.44165 0.141115 0.989822 -0.0115894 0.014298
0.600704 0.0709504 2.443 0.144377 0.989319 -0.0121328 0.0160205
0.599711 0.0737524 2.44262 0.147161 0.98891 -0.0119608 0.0160566
0.598726 0.076367 2.4419 0.149845 0.988499 -0.0132315 0.0154986
0.59811 0.0791688 2.44151 0.152695 0.988101 -0.0119675 0.0140676
0.597669 0.0819911 2.4416 0.155597 0.98762 -0.0131611 0.0149587
0.596837 0.08476 2.44009 0.158848 0.987114 -0.0143529 0.0129531
0.59634 0.0875486 2.44117 0.161368 0.986693 -0.0137431 0.0144313
0.595133 0.0902106 2.44023 0.163762 0.986303 -0.0137861 0.0140958
0.593884 0.0927189 2.43981 0.165954 0.98595 -0.0133433 0.0135705
0.592659 0.0952541 2.43988 0.168599 0.98545 -0.0159858 0.0143909
0.591516 0.098041 2.43999 0.170793 0.985085 -0.0141742 0.0153947
0.590631 0.101036 2.44045 0.173669 0.984591 -0.0131908 0.015681
0.589296 0.104161 2.43964 0.175998 0.984201 -0.0122919 0.0149289
0.588237 0.106919 2.4399 0.17865 0.983675 -0.0152888 0.0153204
0.587513 0.109687 2.44105 0.180626 0.983324 -0.012988 0.0166977
0.585853 0.112359 2.43933 0.182952 0.982924 -0.012118 0.0155785
0.584814 0.115458 2.4401 0.185175 0.982491 -0.0131503 0.0157774
0.583268 0.118415 2.43934 0.187503 0.982034 -0.0145289 0.0154908
0.5817 0.121356 2.43941 0.189275 0.981705 -0.013092 0.0160605
0.580011 0.124076 2.43914 0.191785 0.981196 -0.014153 0.0165098
0.578598 0.126885 2.4392 0.193773 0.980788 -0.0137425 0.0178255
0.577021 0.129756 2.43842 0.196139 0.980333 -0.0141124 0.0166388
0.575482 0.132728 2.43804 0.198407 0.979889 -0.013858 0.016143
0.574014 0.136114 2.43826 0.201562 0.979278 -0.011379 0.0160801
0.57223 0.139345 2.43856 0.203628 0.978831 -0.0118361 0.0168792
0.570795 0.142181 2.43877 0.205483 0.978412 -0.0122538 0.0183604
0.569015 0.144745 2.43822 0.207918 0.977898 -0.0127841 0.0179496
0.56754 0.147428 2.43793 0.209744 0.977532 -0.0129926 0.0164471
0.566442 0.150393 2.43955 0.211244 0.977155 -0.0121444 0.0199136
0.564747 0.153172 2.43785 0.213644 0.976663 -0.013189 0.0176634
0.56362 0.156254 2.43878 0.21575 0.976179 -0.0112238 0.0200288
0.562369 0.159109 2.43848 0.218003 0.975703 -0.0109392 0.018925
0.560898 0.161838 2.4383 0.220182 0.97518 -0.0121427 0.0199363
0.559388 0.164653 2.43779 0.222193 0.974752 -0.0112261 0.0190301
0.557791 0.167422 2.43712 0.224926 0.974112 -0.0132468 0.0183753
0.556184 0.17043 2.43638 0.22649 0.973822 -0.00834681 0.0173925
0.553987 0.173255 2.43414 0.229964 0.972989 -0.0111338 0.016916
0.553186 0.176213 2.43778 0.232139 0.972477 -0.00776486 0.0184462
0.55147 0.178668 2.43703 0.234895 0.971756 -0.00933485 0.0206967
0.549882 0.181081 2.43739 0.236971 0.971245 -0.00827968 0.0214281
0.547952 0.183528 2.43605 0.239881 0.970529 -0.0137288 0.0184918
0.546281 0.186428 2.43563 0.242406 0.969927 -0.0116811 0.0185846
0.544718 0.18931 2.43587 0.244641 0.96937 -0.0103994 0.0191044
0.543073 0.192003 2.43517 0.247326 0.968697 -0.00954967 0.0190873
0.541564 0.194635 2.43494 0.250417 0.96789 -0.0117696 0.0184775
0.540085 0.197378 2.4352 0.252824 0.967255 -0.00973545 0.0200891
0.538651 0.200082 2.43612 0.255576 0.9665 -0.0125691 0.0199966
0.536401 0.202785 2.43371 0.25835 0.965837 -0.0102431 0.017582
0.534541 0.205906 2.4338 0.26128 0.965038 -0.0111745 0.0175712
0.532567 0.208952 2.43501 0.262838 0.964599 -0.00774313 0.0201225
0.530638 0.212185 2.43476 0.264483 0.96417 -0.00638834 0.0195964
0.529093 0.215161 2.43552 0.267209 0.963384 -0.00821102 0.0205795
0.527237 0.217656 2.43351 0.269779 0.9627 -0.00938821 0.0184382
0.526022 0.220194 2.43386 0.271966 0.962071 -0.00884111 0.0194099
0.524585 0.222662 2.43362 0.274568 0.961306 -0.0101101 0.0200063
0.523281 0.225501 2.43465 0.276792 0.960689 -0.0065027 0.0205121
0.521433 0.228208 2.43402 0.279171 0.959993 -0.00908064 0.0198841
0.519452 0.230965 2.43352 0.281022 0.959474 -0.00550704 0.0201623
0.517413 0.233413 2.43244 0.283418 0.958759 -0.00831053 0.0196595
0.51563 0.236118 2.43372 0.285493 0.958101 -0.00404308 0.0228144
0.513796 0.238829 2.43379 0.287872 0.957398 -0.00772971 0.0214263
0.511987 0.24118 2.43329 0.289299 0.956958 -0.00274737 0.0230007
0.509914 0.243645 2.43311 0.291937 0.956164 -0.00316163 0.0226616
0.507691 0.24592 2.43154 0.294647 0.955363 -0.00870302 0.0197085
0.505665 0.248837 2.43199 0.296563 0.954766 -0.00576338 0.0209473
0.50371 0.251722 2.43147 0.298838 0.954052 -0.00566841 0.0212004
0.501876 0.254458 2.43159 0.300856 0.953429 -0.00550049 0.0207152
0.500122 0.257069 2.43248 0.302862 0.95276 -0.0056529 0.0221558
0.497757 0.259569 2.4308 0.304815 0.952176 -0.00259015 0.0210119
0.49557 0.262109 2.43025 0.306855 0.951518 -0.00315899 0.0210646
0.493407 0.264776 2.42984 0.30896 0.950857 -0.00283532 0.0201872
0.491381 0.267422 2.42945 0.311524 0.950018 -0.0032242 0.020203
0.489388 0.27023 2.43039 0.314288 0.949071 -0.00339368 0.0218225
0.487351 0.272797 2.43031 0.316449 0.948358 -0.00265074 0.0217069
0.485371 0.275217 2.4294 0.318335 0.947732 -0.000524813 0.0215928
0.483509 0.277397 2.4296 0.320926 0.946872 -0.00267543 0.020803
0.481755 0.279745 2.42957 0.323321 0.946022 -0.00174765 0.0224414
0.4801 0.282169 2.42916 0.326031 0.945131 -0.00270916 0.0205713
0.478697 0.284619 2.42995 0.328605 0.944201 -0.00287317 0.0222374
0.476696 0.286634 2.42797 0.331731 0.943167 -0.00461611 0.019214
0.474624 0.288641 2.42743 0.333748 0.942459 -0.00249202 0.0194127
0.472752 0.290979 2.42777 0.336617 0.941413 -0.00173585 0.0206931
0.47091 0.293252 2.42787 0.339129 0.940519 -0.002765 0.0201735
0.468762 0.295529 2.42723 0.341718 0.939576 -0.00364756 0.020331
0.466666 0.297866 2.42671 0.344546 0.93855 -0.00259309 0.0201129
0.464494 0.300211 2.42654 0.346924 0.937699 -0.0027127 0.0188978
0.462562 0.30225 2.42729 0.349106 0.936847 -0.00217461 0.0209111
0.460575 0.304143 2.42683 0.351131 0.936119 -0.00168348 0.0196058
0.458222 0.305995 2.42522 0.353762 0.935175 -0.00415269 0.0168204
0.455918 0.308256 2.42494 0.355963 0.93433 -0.00315198 0.0175664
0.453597 0.31062 2.42512 0.357733 0.933656 -0.00137741 0.0176367
0.451216 0.313109 2.42462 0.359818 0.932839 0.000207151 0.0184783
0.449427 0.315578 2.42606 0.36315 0.931542 -0.00133566 0.0187176
0.447063 0.317739 2.42415 0.365729 0.93056 -0.000645235 0.0173117
0.445218 0.320055 2.42454 0.368304 0.929531 -0.000837214 0.0180033
0.443141 0.322174 2.42535 0.371536 0.92821 -0.00679754 0.0184636
0.440653 0.32457 2.42443 0.37351 0.927453 3.25723e-05 0.0179009
0.437816 0.327057 2.42393 0.37768 0.925796 -0.00455224 0.0154368
0.435512 0.329284 2.42408 0.379824 0.92493 -0.00637956 0.0140396
0.432792 0.331555 2.42348 0.380651 0.924568 -0.00318674 0.0164288
0.430708 0.333878 2.42636 0.383156 0.92348 0.00079035 0.0193945
0.428146 0.335352 2.42277 0.384743 0.922928 -0.00154464 0.0132218
0.425938 0.33701 2.42247 0.387406 0.921784 -0.00652478 0.0137352
0.424122 0.339642 2.42574 0.389381 0.920885 -0.00361893 0.0184286
0.421273 0.341614 2.42249 0.391319 0.920101 0.000514006 0.0168382
0.419102 0.34395 2.42374 0.3937 0.919061 -0.00265727 0.0178965
0.416527 0.345705 2.42208 0.396056 0.918095 -0.00559442 0.0145019
0.414506 0.348282 2.42368 0.39832 0.917079 -0.0005948 0.0175444
0.41184 0.350432 2.42251 0.400961 0.915949 -0.00161327 0.0162871
0.409187 0.352947 2.4222 0.403662 0.914761 -0.00160402 0.0163485
0.406672 0.355054 2.42199 0.405283 0.914041 -0.00228321 0.0164192
0.404382 0.357094 2.42214 0.407299 0.913122 -0.00212998 0.0176263
0.402021 0.358815 2.42201 0.409862 0.911991 -0.000708804 0.0168978
0.399545 0.360852 2.42172 0.411987 0.911037 -0.000866435 0.0166359
0.397217 0.363146 2.42199 0.414047 0.910069 -0.000723478 0.0184249
0.394767 0.365094 2.42053 0.416583 0.908953 -0.00273656 0.0159625
0.392869 0.367434 2.42184 0.419769 0.907462 -0.00383073 0.0171095
0.390614 0.369333 2.42125 0.422479 0.906234 -0.0031733 0.0155694
0.388373 0.371289 2.42203 0.425301 0.904909 -0.00370701 0.0156246
0.385891 0.373131 2.42146 0.428057 0.90362 -0.00339152 0.0150873
0.383434 0.375089 2.42152 0.430886 0.902268 -0.00194511 0.0156787
0.380811 0.377185 2.42123 0.434081 0.900758 -0.00114582 0.0144112
0.378105 0.378992 2.42131 0.437002 0.899315 -0.00260374 0.0159595
0.375691 0.380908 2.42125 0.43944 0.898158 -0.0021478 0.0141748
0.373259 0.382846 2.42175 0.441719 0.897014 -0.00126381 0.0157637
0.370726 0.384672 2.42095 0.443755 0.896021 -0.000205234 0.0150593
0.368535 0.386366 2.4208 0.446396 0.894733 -0.00237786 0.0133372
0.366511 0.388095 2.42171 0.448672 0.893573 -0.00325378 0.0144879
0.36413 0.389724 2.42082 0.451444 0.892175 -0.00173488 0.0147858
0.361943 0.39156 2.42071 0.454239 0.890781 -0.00393367 0.0127092
0.359529 0.393567 2.42095 0.456042 0.889841 -0.00117147 0.0144194
0.356799 0.395319 2.42058 0.458078 0.888816 -0.00133374 0.0130119
0.35437 0.39723 2.42064 0.460668 0.887458 -0.000670397 0.0142812
0.351912 0.398868 2.42056 0.462843 0.886337 -0.00160531 0.0134432
0.349378 0.400488 2.42066 0.464736 0.885332 0.000399682 0.0143805
0.346797 0.40205 2.42043 0.4671 0.884112 -0.00339555 0.012367
0.34398 0.403277 2.41871 0.469168 0.883026 -0.000519026 0.0120778
0.341431 0.405393 2.42022 0.471177 0.881953 -0.00167936 0.0121857
0.338581 0.407216 2.41977 0.472472 0.881266 -0.000914936 0.0118228
0.335686 0.409073 2.42065 0.474228 0.880282 0.00248621 0.0143088
0.332805 0.410667 2.42075 0.476574 0.879028 -0.00210134 0.0135115
0.329898 0.412013 2.42019 0.478542 0.877967 -0.00184276 0.0129702
0.327065 0.413568 2.42008 0.480613 0.876839 -0.00150769 0.0127476
0.324385 0.415168 2.42038 0.482661 0.87571 -0.0025139 0.0127884
0.321392 0.416604 2.41933 0.48467 0.874601 -0.00111693 0.0128814
0.318456 0.41826 2.41923 0.48709 0.873266 -0.00186606 0.0120989
0.315605 0.42009 2.42042 0.488996 0.872189 -0.000752427 0.0129839
0.31294 0.421599 2.42046 0.490701 0.871239 -0.001096 0.0124259
0.310165 0.422996 2.42004 0.492537 0.870212 -0.00121833 0.0116881
0.307217 0.424458 2.4189 0.494764 0.868961 -0.000806997 0.0106866
0.304521 0.426299 2.41986 0.496051 0.868197 0.00144609 0.0128419
0.301897 0.427761 2.41996 0.497977 0.867119 -0.00235068 0.0108225
0.299215 0.42937 2.42059 0.500026 0.865933 -0.00268498 0.0112261
0.296374 0.430783 2.42074 0.501111 0.865275 -0.000659972 0.0136504
0.29342 0.431968 2.41894 0.503153 0.86412 -0.00201446 0.0113907
0.290603 0.433454 2.41959 0.50451 0.863292 0.000300983 0.0139922
0.287902 0.434923 2.42021 0.50693 0.861892 -0.00149207 0.0127413
0.285104 0.436184 2.41958 0.508988 0.86068 -0.00150407 0.0126033
0.282092 0.437823 2.42034 0.511305 0.859303 0.000181981 0.0128801
0.279159 0.438954 2.41963 0.513254 0.858148 -8.37251e-05 0.012391
0.276729 0.440264 2.4208 0.515316 0.856914 -0.00182005 0.0120046
0.273983 0.441179 2.42088 0.517572 0.85554 -0.00300512 0.0126904
0.270946 0.442199 2.42004 0.519687 0.854273 -0.00164564 0.011853
0.267938 0.443479 2.42056 0.521223 0.853319 -0.000352848 0.0131794
0.264555 0.444468 2.41805 0.523657 0.851868 0.00203217 0.0100199
0.262191 0.446261 2.42158 0.525748 0.850533 -0.00555889 0.0123225
0.259374 0.447338 2.4216 0.527667 0.849354 -0.000790682 0.0128101
0.256471 0.448383 2.42108 0.530276 0.847743 -0.00318034 0.0113471
0.253543 0.449579 2.4206 0.532443 0.846384 -0.00400422 0.0110491
0.250362 0.451253 2.421 0.535157 0.844657 -0.00139871 0.0126693
0.24675 0.452815 2.42093 0.537295 0.843303 0.000490274 0.0124231
0.243467 0.454034 2.42085 0.539061 0.842179 -0.00194225 0.0119802
0.24018 0.455467 2.42076 0.540518 0.841257 -0.00155544 0.0111809
0.2374 0.456794 2.42182 0.542453 0.839986 -0.00251507 0.012707
0.234469 0.457728 2.42117 0.544294 0.838791 -0.00130841 0.0131061
0.231768 0.458898 2.42123 0.546257 0.837521 -0.00299836 0.0123604
0.228899 0.460052 2.42071 0.548159 0.836275 -0.000282862 0.0128693
0.225913 0.461456 2.42095 0.55026 0.834892 -0.00278049 0.0126993
0.22301 0.463 2.42151 0.552317 0.83355 -0.00382483 0.0112251
0.219776 0.464167 2.42064 0.554089 0.832361 -0.000105738 0.0126543
0.216833 0.465351 2.42094 0.555955 0.831117 -0.00201249 0.0123889
0.213542 0.465941 2.41881 0.558351 0.82955 -0.00101461 0.00942374
0.210275 0.46718 2.42006 0.560364 0.828128 0.00365143 0.0135302
0.207148 0.468129 2.41962 0.562279 0.826876 -0.00109035 0.0108165
0.204407 0.469096 2.42011 0.563842 0.825808 -0.00277769 0.010772
0.201386 0.469635 2.41973 0.56534 0.82477 -0.00136183 0.0119502
0.198184 0.470418 2.41995 0.567273 0.823434 -0.000473164 0.0125688
0.195022 0.471408 2.41995 0.569241 0.822081 0.000185774 0.0121797
0.19189 0.472504 2.41976 0.57132 0.820647 -0.00315897 0.0110262
0.188742 0.473784 2.41992 0.57296 0.819465 -0.000183429 0.0139183
0.185509 0.474649 2.41822 0.574997 0.818071 0.000993894 0.0117603
0.1824 0.475984 2.41909 0.576912 0.816722 -0.00047919 0.0116997
0.179097 0.476972 2.41815 0.578591 0.815536 0.000526659 0.0115263
0.175855 0.478035 2.41814 0.58132 0.813612 5.00868e-05 0.0101323
0.172312 0.478943 2.41605 0.583842 0.811839 -3.90017e-05 0.00672726
0.169074 0.479987 2.4179 0.58569 0.810492 -0.00202724 0.00809059
0.166065 0.481142 2.41764 0.587625 0.80907 -0.000174865 0.0101295
0.163098 0.482117 2.41763 0.589595 0.807645 0.000956299 0.00928632
0.160126 0.482988 2.41705 0.591893 0.80597 0.00100322 0.00860021
0.157385 0.484086 2.41697 0.593696 0.804634 0.00124635 0.00934586
0.154644 0.484805 2.41551 0.596435 0.802629 -7.28862e-05 0.0072832
0.151912 0.485972 2.4168 0.598195 0.801303 0.00136128 0.00867025
0.149043 0.486693 2.41679 0.60011 0.799873 0.00165682 0.00830848
0.146029 0.487291 2.41605 0.60249 0.798085 0.000787993 0.00808884
0.143178 0.487889 2.41594 0.604199 0.796788 0.00204743 0.00832945
0.140229 0.488506 2.41553 0.606146 0.795303 0.00296377 0.00840803
0.137317 0.489325 2.41623 0.608504 0.793517 0.000366857 0.0072945
0.134369 0.489643 2.41593 0.610181 0.79222 0.000503598 0.00819209
0.131366 0.490164 2.41629 0.612067 0.790769 0.000749732 0.00757292
0.12845 0.490579 2.41578 0.614162 0.789156 0.000448615 0.00616238
0.125338 0.491534 2.41605 0.61624 0.78752 0.0020159 0.00754516
0.122263 0.492425 2.41654 0.618202 0.78599 -0.00010889 0.00684645
0.119054 0.49285 2.41546 0.619753 0.784775 0.000710042 0.0058565
0.115962 0.493855 2.41705 0.621696 0.783227 -0.00152944 0.00681671
0.112917 0.494256 2.41589 0.623729 0.781622 4.65507e-05 0.0053552
0.11 0.495097 2.41709 0.625947 0.779841 -0.00212928 0.00583938
0.107075 0.495582 2.41671 0.627903 0.77827 -0.000729267 0.00573694
0.104106 0.496292 2.41697 0.630162 0.776426 -0.00169175 0.00754106
0.101062 0.497232 2.41773 0.632838 0.774257 -0.00204943 0.00617937
0.0977362 0.497843 2.41756 0.634852 0.772615 -0.00221937 0.00482315
0.0945191 0.498369 2.41756 0.636579 0.771184 -5.08075e-05 0.00652254
0.0914607 0.498817 2.41837 0.63864 0.769469 -0.00261213 0.00708268
0.0884029 0.499227 2.41869 0.64035 0.768039 -0.0021952 0.0078985
0.0853338 0.499883 2.41848 0.64224 0.766463 -0.00356271 0.0069971
0.082386 0.500521 2.41824 0.643608 0.765313 -0.00177684 0.00780768
0.0793851 0.501346 2.41885 0.645825 0.763456 -0.00403876 0.00541294
0.0762269 0.502183 2.41962 0.647416 0.762098 -0.0023845 0.00727917
0.0732368 0.502665 2.42015 0.648753 0.760961 -0.00411205 0.0063732
0.0702955 0.502486 2.41958 0.650213 0.759712 -0.0039623 0.00668124
0.0673419 0.50251 2.42 0.65205 0.758115 -0.00294017 0.0091619
0.0642396 0.502794 2.41996 0.654074 0.756378 -0.00341445 0.00818886
0.0607737 0.503685 2.42143 0.655841 0.754826 -0.00411077 0.00964746
0.0574367 0.503821 2.42045 0.657322 0.753555 -0.00428215 0.00805859
0.0543244 0.504269 2.42095 0.658637 0.752392 -0.00523766 0.00874475
0.0512814 0.504414 2.42084 0.660403 0.750843 -0.00462183 0.00899454
0.0482112 0.504779 2.42201 0.662015 0.749408 -0.00504569 0.00986169
0.0449479 0.504883 2.42097 0.663848 0.747807 -0.00614577 0.00730989
0.0417254 0.505089 2.42043 0.665151 0.746654 -0.00245918 0.00872074
0.0387254 0.50552 2.42098 0.667413 0.744607 -0.00637182 0.0088789
0.0357228 0.505954 2.42176 0.66951 0.742699 -0.00572229 0.0110271
0.0326609 0.506268 2.42146 0.671666 0.740776 -0.00347671 0.0101539
0.0295673 0.506521 2.4216 0.673766 0.738835 -0.00362367 0.0122513
0.0264697 0.506977 2.42161 0.67657 0.736283 -0.00340357 0.0113569
0.0229401 0.507282 2.4222 0.679239 0.733827 -0.005192 0.0102791
0.0196861 0.507227 2.42218 0.681561 0.731666 -0.00606868 0.010185
0.0166942 0.50716 2.42079 0.683118 0.730225 -0.00385462 0.0103608
0.0136445 0.50734 2.42106 0.685219 0.728275 -0.00531296 0.00795169
0.0106466 0.50754 2.42014 0.686644 0.72692 9.71843e-05 0.010327
0.00776394 0.507819 2.42103 0.689074 0.724629 -0.00583985 0.00748172
0.00481008 0.507784 2.42028 0.690643 0.723133 -0.00362738 0.00876538
0.00180828 0.508001 2.42042 0.692427 0.721397 -0.00385274 0.0107762
-0.00116757 0.508126 2.42006 0.693978 0.719925 -0.000730717 0.0101067
-0.00421744 0.508725 2.42149 0.696732 0.717264 -0.00508211 0.00845742
-0.00744747 0.508701 2.42103 0.697759 0.716218 -0.0009008 0.0127621
-0.0105789 0.508614 2.41934 0.700734 0.713382 -0.00486428 0.00591131
-0.0137133 0.509019 2.42015 0.702392 0.711695 -0.00670869 0.00950539
-0.0165884 0.509295 2.42348 0.705189 0.708978 -0.00489219 0.0059541
-0.0189672 0.508917 2.42184 0.706567 0.707622 -0.00323987 0.0048287
-0.0218426 0.507592 2.41371 0.709784 0.70437 -0.0038517 -0.00739649
-0.0257431 0.508674 2.41836 0.71047 0.703704 -0.000502635 0.00575803
-0.0288382 0.508915 2.42003 0.712566 0.701526 -0.00849688 0.00615326
-0.0321804 0.508394 2.41903 0.713673 0.700415 -0.00536028 0.0078173
-0.0352653 0.50791 2.41809 0.715681 0.698379 -0.00804862 0.00180715
-0.0384064 0.508231 2.42044 0.717102 0.696936 -0.00388215 0.00541006
-0.0414275 0.507553 2.41809 0.719239 0.694733 -0.00547979 0.00332725
-0.0444022 0.507185 2.41731 0.720813 0.693101 -0.00573667 0.00258444
-0.0477633 0.507064 2.41869 0.722512 0.691302 -0.0049491 0.00732901
-0.051151 0.507075 2.41969 0.724564 0.689135 -0.0085319 0.00514108
-0.0547326 0.50691 2.41865 0.726598 0.687025 -0.00545749 0.00468333
-0.0580565 0.506704 2.41875 0.728386 0.685141 -0.00513141 0.00309518
-0.0613344 0.506514 2.41833 0.730172 0.683231 -0.00614657 0.00272135
-0.064546 0.506616 2.41953 0.731595 0.681683 -0.00664322 0.0057529
-0.06786 0.506424 2.41868 0.73305 0.680146 -0.00434259 0.00451874
-0.0709864 0.50636 2.41895 0.734444 0.678643 -0.00437183 0.00401668
-0.0741314 0.506211 2.4185 0.73638 0.676544 -0.00465278 0.0032884
-0.0770858 0.506184 2.41888 0.738194 0.674559 -0.00525777 0.00346777
-0.0799988 0.506327 2.41978 0.739993 0.672563 -0.00778456 0.0030836
-0.083059 0.506038 2.41974 0.741438 0.670966 -0.0057748 0.0064304
-0.0860719 0.505982 2.42077 0.743342 0.668829 -0.00952256 0.0043534
-0.089076 0.505706 2.42033 0.744878 0.667137 -0.00853702 0.00345488
-0.0921419 0.505118 2.4199 0.746647 0.665161 -0.00793178 0.00387292
-0.0951756 0.504843 2.42081 0.748454 0.66313 -0.00760809 0.00402428
-0.0979286 0.504345 2.42081 0.750107 0.66125 -0.00877442 0.00326196
-0.100895 0.503735 2.42073 0.75174 0.659388 -0.00862877 0.00446288
-0.104017 0.503252 2.4209 0.753322 0.657594 -0.00801887 0.00352282
-0.107192 0.502818 2.42128 0.754868 0.655816 -0.00790253 0.00413837
-0.11024 0.502397 2.42178 0.756479 0.653941 -0.00924285 0.00406763
-0.113193 0.502037 2.42227 0.758145 0.651996 -0.0103593 0.0032833
-0.116135 0.50128 2.4221 0.759524 0.650383 -0.00979346 0.00549992
-0.119144 0.500678 2.42195 0.761462 0.64813 -0.00903649 0.00458624
-0.122169 0.500211 2.42269 0.76295 0.646342 -0.0115252 0.00411155
-0.125274 0.499644 2.42311 0.764681 0.64431 -0.0104473 0.00418291
-0.128608 0.498663 2.42283 0.765959 0.642799 -0.00941967 0.00521534
-0.131813 0.497699 2.42384 0.766982 0.64156 -0.0107001 0.00495262
-0.135187 0.496662 2.42409 0.768121 0.640184 -0.0107902 0.00625678
-0.138397 0.496022 2.42405 0.769731 0.638243 -0.011597 0.00512772
-0.141462 0.495562 2.42458 0.770808 0.636948 -0.0106363 0.00626371
-0.144347 0.494862 2.42394 0.772047 0.635437 -0.0115581 0.00541037
-0.147245 0.494205 2.42429 0.773387 0.633822 -0.0107768 0.00514221
-0.150339 0.493416 2.42434 0.774931 0.631922 -0.0105861 0.00674042
-0.153368 0.492571 2.42386 0.776147 0.630432 -0.010315 0.00670094
-0.156442 0.491897 2.42489 0.777411 0.628837 -0.0126455 0.0059713
-0.159433 0.490619 2.42354 0.778522 0.627496 -0.00923349 0.00820243
-0.162545 0.489725 2.42365 0.780057 0.625573 -0.0110189 0.00694102
-0.165843 0.489071 2.42571 0.781668 0.623497 -0.0135494 0.00794175
-0.169239 0.48767 2.42449 0.782635 0.622308 -0.0111885 0.00947525
-0.171984 0.48647 2.42381 0.783808 0.620866 -0.0116492 0.00586239
-0.174756 0.485397 2.42452 0.78498 0.619325 -0.0135711 0.00762035
-0.177638 0.484123 2.42352 0.786476 0.617464 -0.0108332 0.00870013
-0.18079 0.483136 2.42374 0.787919 0.615619 -0.0114588 0.00803548
-0.183856 0.481937 2.42287 0.789185 0.614008 -0.0119575 0.00621428
-0.187052 0.481114 2.42403 0.79047 0.612331 -0.0120431 0.00794417
-0.190162 0.48 2.42345 0.791673 0.610783 -0.0110307 0.00874616
-0.193434 0.479001 2.42359 0.793015 0.609039 -0.0105965 0.00933983
-0.196846 0.477908 2.42356 0.794144 0.607545 -0.0126634 0.00800993
-0.20008 0.476865 2.42335 0.795699 0.60554 -0.0112972 0.00757331
-0.203641 0.475836 2.42479 0.797753 0.602784 -0.0137621 0.00724888
-0.206845 0.474334 2.42318 0.799103 0.600998 -0.0137041 0.00695434
-0.209766 0.47348 2.4226 0.800364 0.599372 -0.011042 0.0069912
-0.212415 0.472291 2.42145 0.801965 0.597256 -0.00857879 0.00797908
-0.215283 0.471832 2.42301 0.803665 0.594962 -0.0101414 0.00638756
-0.21811 0.471032 2.42218 0.805372 0.592661 -0.00973319 0.00591384
-0.220978 0.470357 2.42271 0.806598 0.59095 -0.0105844 0.00808824
-0.223908 0.469404 2.42241 0.80826 0.588645 -0.0105887 0.010012
-0.226852 0.46849 2.42276 0.81001 0.58626 -0.0115257 0.00713189
-0.229725 0.467362 2.42244 0.811413 0.584361 -0.00999252 0.00559189
-0.232734 0.466587 2.42415 0.812839 0.582312 -0.0109533 0.00920835
-0.235503 0.465406 2.42368 0.814475 0.580033 -0.0114415 0.00785501
-0.238448 0.464233 2.42374 0.816255 0.577522 -0.0119672 0.00732413
-0.241716 0.462851 2.42382 0.81802 0.575014 -0.0111088 0.0088731
-0.244485 0.461439 2.42276 0.819185 0.573387 -0.0107192 0.00691513
-0.247154 0.460442 2.42456 0.820388 0.57164 -0.0115083 0.00762476
-0.249708 0.458856 2.42383 0.821696 0.569764 -0.0106872 0.00835998
-0.252647 0.457621 2.42532 0.82338 0.567277 -0.0140426 0.00668559
-0.255777 0.456061 2.42487 0.824626 0.565446 -0.0137544 0.00860395
-0.259037 0.454706 2.42474 0.825845 0.563663 -0.0127728 0.0100179
-0.262126 0.453827 2.42543 0.827456 0.561307 -0.0148845 0.00540725
-0.265155 0.452985 2.42641 0.829174 0.558751 -0.0139257 0.00854072
-0.268053 0.45192 2.42573 0.830665 0.55651 -0.0151822 0.00785589
-0.270971 0.450698 2.42598 0.8318 0.554826 -0.0143703 0.00840621
-0.273933 0.449251 2.42594 0.833429 0.552383 -0.0139404 0.00865537
-0.277474 0.448192 2.42803 0.835111 0.549784 -0.0150289 0.0100456
-0.280663 0.446437 2.42723 0.836577 0.5476 -0.0147417 0.00751542
-0.283647 0.44509 2.42727 0.837796 0.545688 -0.0149033 0.0100036
-0.286697 0.443741 2.42759 0.838898 0.544023 -0.012912 0.0110948
-0.289465 0.44218 2.4276 0.839922 0.542412 -0.0139793 0.0111656
-0.292479 0.441103 2.42858 0.840937 0.540777 -0.0141218 0.0136555
-0.295222 0.439877 2.42849 0.842124 0.538934 -0.0155899 0.0115625
-0.29813 0.438549 2.42906 0.843214 0.537227 -0.0135876 0.0138456
-0.300618 0.436765 2.42837 0.844485 0.535257 -0.0141477 0.0120418
-0.303432 0.43525 2.42887 0.845432 0.533733 -0.0161227 0.0106749
-0.306262 0.43387 2.42954 0.846528 0.531966 -0.0149245 0.0133803
-0.30894 0.4323 2.42924 0.847831 0.529907 -0.0164927 0.0104666
-0.31194 0.430715 2.42988 0.84857 0.528768 -0.0137047 0.0120541
-0.314648 0.429023 2.43097 0.849736 0.526618 -0.0203131 0.0144521
-0.317495 0.427306 2.43101 0.850159 0.525929 -0.0191657 0.0161347
-0.319924 0.42533 2.42808 0.851709 0.523747 -0.0130417 0.0105527
-0.32303 0.423859 2.42982 0.852709 0.521918 -0.0141543 0.0169912
-0.325924 0.422226 2.42975 0.85373 0.520283 -0.0135321 0.0163864
-0.32894 0.420877 2.43083 0.854816 0.518502 -0.0148744 0.0149603
-0.33159 0.419217 2.43013 0.855881 0.516746 -0.0135887 0.0160447
-0.334195 0.417735 2.4306 0.857076 0.514749 -0.0145778 0.0155586
-0.336783 0.415943 2.42981 0.858315 0.512695 -0.0131151 0.0163531
-0.339423 0.414359 2.43009 0.859688 0.510373 -0.0140492 0.0160842
-0.342037 0.412803 2.43028 0.861195 0.50778 -0.0147381 0.0168972
-0.344817 0.411216 2.42975 0.862782 0.505112 -0.0124993 0.0177088
-0.34787 0.409934 2.43159 0.864445 0.502247 -0.0146824 0.0163316
-0.350357 0.40812 2.42964 0.865792 0.499964 -0.0116718 0.0174483
-0.352723 0.40657 2.42923 0.867078 0.497775 -0.012327 0.0156029
-0.355433 0.405126 2.4303 0.868375 0.495494 -0.0129783 0.015557
-0.358062 0.403637 2.4301 0.869541 0.49347 -0.0122553 0.0153602
-0.360347 0.402188 2.42971 0.870555 0.491661 -0.0125265 0.0157202
-0.362873 0.400737 2.43001 0.871914 0.489202 -0.0131452 0.016534
-0.365173 0.399147 2.42916 0.873155 0.487073 -0.0118275 0.0148336
-0.36783 0.397645 2.4305 0.874321 0.484931 -0.0138537 0.0145758
-0.370277 0.395913 2.43014 0.875587 0.482704 -0.0138847 0.0122931
-0.372928 0.394153 2.43003 0.876544 0.480903 -0.0121019 0.0160134
-0.375722 0.392661 2.4301 0.878085 0.4781 -0.0123499 0.0153092
-0.378312 0.390681 2.42945 0.879513 0.475447 -0.0116598 0.0164302
-0.380814 0.389082 2.43045 0.880724 0.473129 -0.0157637 0.0150431
-0.383438 0.387826 2.43228 0.881955 0.470836 -0.0155739 0.0150437
-0.385738 0.385952 2.43116 0.883173 0.468581 -0.0146555 0.0149023
-0.38816 0.383893 2.42951 0.884288 0.466528 -0.0120333 0.0155358
-0.390953 0.382178 2.43055 0.885512 0.464201 -0.0149128 0.0127958
-0.393612 0.38006 2.43043 0.886657 0.462035 -0.0139655 0.0129736
-0.396412 0.378127 2.431 0.887877 0.459633 -0.014713 0.0139583
-0.398967 0.376008 2.43014 0.888916 0.457633 -0.0121994 0.0158437
-0.401675 0.374209 2.4313 0.890171 0.455143 -0.0153556 0.0142712
-0.404031 0.372161 2.43053 0.89136 0.452837 -0.0142277 0.0145869
-0.40705 0.370169 2.43131 0.892953 0.449684 -0.0144141 0.014558
-0.410081 0.36785 2.43202 0.894413 0.446779 -0.0162231 0.0122954
-0.412482 0.36559 2.4301 0.895264 0.445101 -0.0130994 0.01472
-0.415006 0.363923 2.43141 0.896426 0.442737 -0.0149727 0.0134701
-0.417284 0.361855 2.43045 0.897366 0.440862 -0.0124556 0.0148432
-0.42002 0.360042 2.43076 0.898138 0.439281 -0.0128659 0.0146437
-0.422608 0.357936 2.43116 0.89912 0.437236 -0.0136507 0.0148606
-0.42538 0.356002 2.43239 0.900079 0.435191 -0.0159684 0.0145469
-0.427962 0.354079 2.4316 0.901155 0.433021 -0.0129669 0.0156127
-0.43045 0.352249 2.43144 0.902387 0.430411 -0.0144212 0.0153844
-0.433113 0.35061 2.43133 0.903482 0.428116 -0.0130971 0.0162945
-0.435433 0.348737 2.43146 0.904543 0.4259 -0.0139871 0.0146896
-0.437892 0.346833 2.43198 0.905799 0.423213 -0.0145934 0.0143595
-0.440422 0.344871 2.43242 0.907346 0.419891 -0.0144689 0.0143188
-0.442776 0.342592 2.43233 0.908208 0.417975 -0.0139971 0.0160841
-0.444648 0.340627 2.43152 0.909403 0.415388 -0.0137979 0.0157377
-0.446714 0.338842 2.43303 0.910631 0.412693 -0.0153838 0.0140737
-0.448762 0.336722 2.43301 0.91177 0.410125 -0.0163385 0.0143579
-0.450861 0.33445 2.43226 0.91282 0.407835 -0.0152929 0.014046
-0.453374 0.332592 2.43361 0.91384 0.405492 -0.0158586 0.014861
-0.455511 0.330406 2.43251 0.915155 0.402562 -0.0148541 0.0146335
-0.457743 0.328333 2.43208 0.916334 0.399888 -0.0149996 0.0140058
-0.459979 0.326227 2.43177 0.917646 0.396854 -0.014146 0.0152306
-0.46256 0.324519 2.43322 0.918837 0.394021 -0.0166208 0.0144934
-0.465155 0.3227 2.43457 0.919958 0.391392 -0.0154177 0.0158702
-0.46766 0.320399 2.43467 0.921606 0.387494 -0.0178167 0.013131
-0.470104 0.317771 2.43558 0.922503 0.385205 -0.0213208 0.0122798
-0.471926 0.314713 2.4317 0.922527 0.385116 -0.013634 0.0210447
-0.475258 0.313258 2.43502 0.92496 0.379512 -0.0179423 0.00986578
-0.477604 0.311136 2.43565 0.925619 0.377819 -0.019312 0.0104229
-0.479973 0.309012 2.43598 0.926439 0.375674 -0.0180009 0.0159954
-0.481821 0.306952 2.43439 0.927563 0.373099 -0.0145251 0.0146162
-0.484252 0.305236 2.4354 0.928499 0.370689 -0.0152898 0.0156479
-0.486399 0.303213 2.43588 0.929396 0.368395 -0.0155588 0.0163095
-0.488672 0.30108 2.43644 0.930271 0.366232 -0.0159843 0.0146736
-0.490607 0.298472 2.4351 0.931261 0.363716 -0.0148972 0.0155285
-0.492938 0.296326 2.43692 0.932059 0.36156 -0.0170586 0.0158206
-0.495048 0.29394 2.43692 0.933234 0.358597 -0.0172922 0.013526
-0.497071 0.291597 2.43642 0.93397 0.356621 -0.0153468 0.0168876
-0.498907 0.289437 2.43628 0.934864 0.35434 -0.0159343 0.0148063
-0.500886 0.287141 2.43663 0.93574 0.352003 -0.0166735 0.0143582
-0.502909 0.284775 2.43722 0.936503 0.349897 -0.0173237 0.0152778
-0.505239 0.282359 2.43868 0.937322 0.347619 -0.018356 0.0158459
-0.507358 0.279805 2.4388 0.938083 0.345506 -0.0185942 0.016717
-0.509307 0.277262 2.43829 0.938837 0.343595 -0.016708 0.0157631
-0.51131 0.274879 2.43924 0.939623 0.341403 -0.0187158 0.0142552
-0.513321 0.272285 2.43968 0.940265 0.339585 -0.0180707 0.0160171
-0.515281 0.26961 2.44031 0.940928 0.337724 -0.0189795 0.0153909
-0.517311 0.266759 2.44012 0.941491 0.336074 -0.0186997 0.0173087
-0.519301 0.264097 2.43987 0.942499 0.333408 -0.0176229 0.0149405
-0.521021 0.261135 2.43928 0.943111 0.331559 -0.0170791 0.0178623
-0.522643 0.258596 2.4384 0.943959 0.329356 -0.0161278 0.0143638
-0.524645 0.256215 2.44013 0.944607 0.32739 -0.0167719 0.0158551
-0.526342 0.253781 2.44017 0.945518 0.324781 -0.0166954 0.0153064
-0.528547 0.251642 2.4416 0.946319 0.322392 -0.0175003 0.0153807
-0.530383 0.249405 2.44155 0.94704 0.32023 -0.0178151 0.0158502
-0.532361 0.247115 2.44159 0.947922 0.317623 -0.0162577 0.0171625
-0.534235 0.244657 2.44163 0.948713 0.315274 -0.01635 0.0166857
-0.535883 0.242018 2.44113 0.94931 0.313483 -0.0160326 0.0167811
-0.537575 0.239539 2.4415 0.949954 0.311487 -0.015773 0.0177158
-0.53908 0.236935 2.44196 0.950781 0.308999 -0.0163813 0.0163474
-0.540775 0.234283 2.44256 0.951571 0.306473 -0.0169894 0.017276
-0.54266 0.23146 2.44313 0.952521 0.303558 -0.0170064 0.0163404
-0.544192 0.228512 2.44251 0.953196 0.3014 -0.0159369 0.0179334
-0.545543 0.225845 2.4417 0.953656 0.299938 -0.0154545 0.0184146
-0.547367 0.223487 2.44449 0.954313 0.297708 -0.0183513 0.0179109
-0.548488 0.220488 2.44287 0.955025 0.295448 -0.0163063 0.0192996
-0.550495 0.217865 2.44448 0.955814 0.292986 -0.0184223 0.0154487
-0.552413 0.214904 2.44504 0.956414 0.290913 -0.0186079 0.017179
-0.55423 0.212284 2.44541 0.9569 0.289169 -0.0187692 0.019247
-0.555675 0.209414 2.44513 0.958015 0.285668 -0.0187561 0.0158078
-0.557345 0.20667 2.44454 0.958547 0.28389 -0.0158009 0.0185836
-0.558962 0.20395 2.44437 0.95929 0.281319 -0.0169474 0.018319
-0.560796 0.201112 2.44399 0.960192 0.278341 -0.0142269 0.0188494
-0.563025 0.198101 2.4457 0.961002 0.275452 -0.0164771 0.0181568
-0.564503 0.19476 2.44551 0.961512 0.27354 -0.0167584 0.0197455
-0.566385 0.192034 2.44679 0.962122 0.271441 -0.0181077 0.0176766
-0.567826 0.189009 2.44609 0.962626 0.269523 -0.0157889 0.0214162
-0.569062 0.186397 2.44577 0.963357 0.267072 -0.0158039 0.0191509
-0.570722 0.183679 2.44658 0.963823 0.265322 -0.0165318 0.0193898
-0.572307 0.180874 2.44745 0.964395 0.263198 -0.0176119 0.0189591
-0.573588 0.177931 2.44636 0.96494 0.261199 -0.0156122 0.0205352
-0.575087 0.175049 2.44717 0.965471 0.25924 -0.0180399 0.0183071
-0.576879 0.172239 2.44812 0.966146 0.256646 -0.017784 0.0194777
-0.57839 0.169343 2.44784 0.96678 0.254346 -0.0172504 0.018608
-0.579958 0.166368 2.4485 0.967253 0.25243 -0.0181265 0.0192862
-0.581786 0.163181 2.44876 0.967866 0.249989 -0.0177065 0.020688
-0.583156 0.159891 2.44828 0.968534 0.247522 -0.0167432 0.0198377
-0.58431 0.156882 2.44734 0.968842 0.246187 -0.015982 0.0219503
-0.585581 0.154218 2.44792 0.969459 0.24389 -0.0165289 0.0198548
-0.586713 0.151432 2.4477 0.97001 0.241614 -0.0162798 0.0209118
-0.588289 0.148549 2.44844 0.970544 0.239408 -0.0176681 0.0204114
-0.589822 0.145474 2.44845 0.971015 0.237547 -0.0164457 0.0207524
-0.591418 0.142601 2.44844 0.971537 0.235266 -0.0147944 0.0233677
-0.593159 0.140042 2.44998 0.972519 0.231659 -0.0166197 0.0162857
-0.593912 0.13731 2.44778 0.973038 0.229344 -0.016196 0.0183002
-0.595324 0.134361 2.44768 0.973525 0.226945 -0.0146888 0.0229985
-0.596917 0.131492 2.44887 0.974242 0.223921 -0.0159656 0.021377
-0.598398 0.128593 2.44916 0.974898 0.220973 -0.015516 0.0224588
-0.600184 0.125478 2.45001 0.975624 0.217777 -0.0147734 0.0226502
-0.601218 0.122342 2.44922 0.976289 0.214867 -0.0141472 0.0221848
-0.602728 0.119502 2.44972 0.976853 0.212436 -0.0140769 0.0207697
-0.604086 0.116541 2.45031 0.977303 0.210273 -0.014043 0.0215892
-0.60536 0.113606 2.45062 0.977786 0.208051 -0.0143995 0.0210051
-0.606744 0.110957 2.45084 0.97832 0.20556 -0.0136139 0.0212192
-0.607649 0.108217 2.44971 0.97871 0.203576 -0.0131652 0.0225856
-0.608768 0.105458 2.44977 0.979279 0.201033 -0.0126376 0.0209515
-0.609947 0.102565 2.45097 0.979714 0.198798 -0.0133787 0.0214499
-0.610884 0.0995541 2.45011 0.980162 0.196564 -0.0129539 0.0218615
-0.612263 0.0966541 2.45077 0.980614 0.19419 -0.0123219 0.0231008
-0.613657 0.0939111 2.45152 0.981199 0.191378 -0.0139614 0.0207107
-0.614796 0.0912115 2.45076 0.981701 0.188646 -0.0117243 0.0232109
-0.61582 0.0885299 2.45012 0.982339 0.185623 -0.0117232 0.0204073
-0.617021 0.0856891 2.45086 0.982708 0.183434 -0.0125874 0.0218867
-0.618507 0.0829029 2.45214 0.983247 0.180541 -0.0123842 0.0218582
-0.619804 0.0797839 2.45211 0.983588 0.17855 -0.0117136 0.0231776
-0.620992 0.0765678 2.45195 0.98404 0.176133 -0.011852 0.0223939
-0.622068 0.0733229 2.4521 0.984413 0.173956 -0.0122897 0.022772
-0.622955 0.0701624 2.45236 0.984823 0.171667 -0.0117885 0.0226934
-0.623529 0.0671293 2.45183 0.985259 0.169129 -0.0107933 0.0233128
-0.624662 0.0641186 2.45277 0.985653 0.166967 -0.012481 0.0213337
-0.625415 0.0610908 2.45199 0.985989 0.164815 -0.0111042 0.0232193
-0.626485 0.057906 2.45239 0.986463 0.161976 -0.0117371 0.0227135
-0.627678 0.0546688 2.45298 0.986814 0.159643 -0.0114202 0.0241321
-0.628806 0.0514647 2.45395 0.987269 0.15707 -0.0123165 0.0218505
-0.629647 0.0484859 2.45383 0.987647 0.154696 -0.0121675 0.0217802
-0.630395 0.0454218 2.45396 0.987987 0.152625 -0.0112979 0.0214219
-0.631339 0.0423125 2.45425 0.988233 0.150877 -0.0106458 0.0227507
-0.631901 0.039299 2.45322 0.988532 0.148991 -0.0102284 0.0224174
-0.633245 0.036216 2.455 0.988847 0.146828 -0.0110351 0.0223893
-0.634076 0.033142 2.45446 0.989169 0.144585 -0.0107803 0.0228803
-0.634978 0.0302562 2.45441 0.989511 0.142243 -0.0109783 0.0226792
-0.635975 0.0274438 2.45455 0.989908 0.139611 -0.0106824 0.0218377
-0.636672 0.0245526 2.45454 0.990159 0.137577 -0.0114072 0.0229751
-0.63771 0.0215867 2.45564 0.990568 0.13492 -0.0116383 0.0209035
-0.638633 0.0184282 2.4561 0.990923 0.132082 -0.0120084 0.0219505
-0.639115 0.0151008 2.45489 0.991249 0.129517 -0.0119552 0.0225285
-0.63976 0.0122056 2.45533 0.991551 0.127362 -0.0111211 0.0219305
-0.640267 0.00938536 2.45565 0.991921 0.124509 -0.0118473 0.0212077
-0.640748 0.00631765 2.45594 0.992226 0.121987 -0.010947 0.0220552
-0.641438 0.00324418 2.45653 0.992473 0.119829 -0.0117898 0.0223395
-0.642121 0.000120713 2.45688 0.992834 0.116931 -0.012419 0.0213038
-0.643026 -0.00291946 2.45809 0.9932 0.114027 -0.012615 0.0197958
-0.643355 -0.00596279 2.45661 0.993464 0.111492 -0.010923 0.0218967
-0.644051 -0.00891738 2.4565 0.993773 0.108562 -0.0109637 0.0225737
-0.644995 -0.0119328 2.45708 0.994164 0.105217 -0.010598 0.0213382
-0.645978 -0.0151289 2.45741 0.994551 0.101552 -0.0106007 0.0210539
-0.646735 -0.0188476 2.45762 0.994878 0.0978485 -0.0107542 0.0229725
-0.64744 -0.0221643 2.45789 0.995142 0.0954095 -0.0111714 0.0215382
-0.648051 -0.0254684 2.45702 0.995323 0.0934911 -0.00952905 0.0223917
-0.648972 -0.0284736 2.45881 0.995634 0.0903606 -0.0122616 0.0199518
-0.649291 -0.0313452 2.45757 0.995817 0.0880071 -0.0106106 0.0221349
-0.650006 -0.0342083 2.45842 0.996002 0.0858243 -0.0111061 0.02217
-0.650892 -0.0371633 2.45942 0.99625 0.0830057 -0.0110087 0.0217994
-0.651322 -0.0401048 2.4587 0.996381 0.0808241 -0.010817 0.0239806
-0.652094 -0.0430793 2.45939 0.996662 0.0779113 -0.011237 0.021663
-0.652363 -0.046264 2.4581 0.996818 0.0756151 -0.00970009 0.0233003
-0.65303 -0.0494617 2.45873 0.997047 0.0728568 -0.00959683 0.0223044
-0.653567 -0.0525847 2.45936 0.997192 0.0702077 -0.0109673 0.0236413
-0.654226 -0.0556977 2.45995 0.997423 0.0670861 -0.0102428 0.0232963
-0.654149 -0.0590584 2.45857 0.997543 0.0646555 -0.00969003 0.0251628
-0.654543 -0.0621026 2.45912 0.997804 0.0617797 -0.0106498 0.0213849
-0.654626 -0.0650304 2.4586 0.997895 0.0597236 -0.0100738 0.0231579
-0.654984 -0.0679469 2.45948 0.998045 0.0573458 -0.0101954 0.0226543
-0.6554 -0.071091 2.46053 0.998135 0.0553062 -0.0117241 0.0230429
-0.655804 -0.074351 2.46054 0.998275 0.05273 -0.0117956 0.0229633
-0.656168 -0.0774947 2.46057 0.998417 0.0503676 -0.0110232 0.0224849
-0.656749 -0.080794 2.46145 0.998562 0.047715 -0.0112424 0.021677
-0.656882 -0.0839972 2.4606 0.998612 0.0455849 -0.0106938 0.0241035
-0.657339 -0.0874044 2.46108 0.998725 0.0431681 -0.0107334 0.0238581
-0.657746 -0.0907293 2.46127 0.998861 0.0400708 -0.0117867 0.0230571
-0.657924 -0.0940959 2.46093 0.998913 0.0378958 -0.0110072 0.0247952
-0.658131 -0.0976895 2.46084 0.999049 0.0346318 -0.0103057 0.0244164
-0.65792 -0.100923 2.45982 0.999109 0.0324989 -0.00898461 0.0253988
-0.658114 -0.103976 2.45985 0.999173 0.0303604 -0.00879448 0.0255782
-0.658499 -0.107072 2.4607 0.999266 0.0273409 -0.00899532 0.0252851
-0.65878 -0.110044 2.46049 0.999315 0.0251701 -0.00852311 0.0257396
-0.65935 -0.112984 2.46144 0.999323 0.0232844 -0.00889877 0.0270496
-0.659211 -0.115782 2.46024 0.999395 0.020635 -0.00810778 0.0267965
-0.659733 -0.118802 2.46194 0.999482 0.0182123 -0.00971684 0.0246996
-0.659739 -0.121792 2.46195 0.999575 0.0155734 -0.0103883 0.0223451
-0.659554 -0.124771 2.4618 0.999593 0.0136694 -0.00817637 0.0236711
-0.658628 -0.127728 2.45945 0.999535 0.0108024 -0.00594365 0.0279001
-0.657606 -0.130636 2.4575 0.999215 0.0098945 -0.0114281 0.0366241
-0.657894 -0.133587 2.45841 0.999598 0.00670684 -0.00964505 0.0258111
-0.657721 -0.136498 2.45891 0.999419 0.00567087 -0.00831363 0.0325567
-0.654695 -0.138555 2.44754 0.999586 0.00387698 0.00309609 0.0283405
-0.661494 -0.143386 2.47555 0.999503 0.000258935 -0.0216201 0.0229488
-0.656646 -0.145739 2.45793 0.999532 0.000181957 -0.00511406 0.0301588
-0.657575 -0.149107 2.46299 0.999743 -0.00454398 -0.00947533 0.0200881
-0.658135 -0.152611 2.46615 0.999546 -0.00489303 -0.0127709 0.0268366
-0.65673 -0.155676 2.46073 0.999548 -0.00854396 -0.00618132 0.0281566
-0.656621 -0.158686 2.46089 0.999538 -0.0113942 -0.0061704 0.0274999
-0.657144 -0.161875 2.46284 0.999553 -0.0138451 -0.00804684 0.0252567
-0.6564 -0.164863 2.46086 0.999467 -0.0157118 -0.00655306 0.027858
-0.656234 -0.168266 2.46142 0.999477 -0.0184117 -0.00608204 0.0258954
-0.656285 -0.171888 2.46326 0.999433 -0.0213506 -0.00746487 0.0249243
-0.655557 -0.175373 2.46265 0.999372 -0.0233097 -0.00725355 0.0257006
-0.655298 -0.178674 2.4635 0.999308 -0.0250555 -0.0083032 0.0262137
-0.654253 -0.181823 2.46111 0.999219 -0.027377 -0.00574503 0.0279067
-0.653906 -0.184885 2.46153 0.999199 -0.0297182 -0.00587282 0.0261358
-0.653396 -0.188262 2.46097 0.999116 -0.0311816 -0.00507706 0.0277198
-0.653397 -0.191414 2.46257 0.999073 -0.0334227 -0.00689859 0.0262383
-0.652903 -0.194424 2.46169 0.999004 -0.0354339 -0.00583449 0.0264975
-0.652783 -0.197586 2.46288 0.998918 -0.0375634 -0.00731908 0.0264431
-0.652309 -0.200695 2.46228 0.998842 -0.0396654 -0.00698548 0.026316
-0.652022 -0.203797 2.46254 0.998732 -0.0420995 -0.0062072 0.0268793
-0.651325 -0.206945 2.46184 0.998656 -0.0443251 -0.00625255 0.0261252
-0.650904 -0.210431 2.46243 0.998542 -0.0466848 -0.00580508 0.0264626
-0.650125 -0.213926 2.46275 0.998454 -0.0482003 -0.00673348 0.0268343
-0.64929 -0.216907 2.46223 0.99839 -0.0495785 -0.00732652 0.0265497
-0.648379 -0.219726 2.46189 0.998288 -0.0518295 -0.00686551 0.0262086
-0.64767 -0.222767 2.46158 0.998143 -0.0541986 -0.00688171 0.0269435
-0.647638 -0.226217 2.4632 0.998062 -0.0561095 -0.00765717 0.0258093
-0.64677 -0.229331 2.46219 0.997924 -0.0580933 -0.00616869 0.0271058
-0.646185 -0.232356 2.46182 0.997769 -0.060658 -0.00575298 0.0273034
-0.646067 -0.235436 2.46336 0.997639 -0.0635573 -0.00771464 0.0248508
-0.645138 -0.238375 2.46158 0.997442 -0.0662817 -0.00585418 0.026118
-0.644924 -0.241522 2.46233 0.997239 -0.0693091 -0.00678182 0.0257791
-0.644817 -0.244699 2.46311 0.997017 -0.0729202 -0.00666917 0.0243867
-0.644491 -0.248171 2.46329 0.996725 -0.0761054 -0.00559361 0.0267738
-0.64362 -0.251731 2.46338 0.996528 -0.0790753 -0.00641417 0.0252482
-0.642542 -0.254652 2.46201 0.99632 -0.0816725 -0.00584143 0.0253324
-0.641778 -0.257587 2.46178 0.996102 -0.0842543 -0.00525284 0.025595
-0.641252 -0.260474 2.46244 0.995911 -0.0867283 -0.00562243 0.0246613
-0.640731 -0.263345 2.46221 0.995697 -0.0890775 -0.00529104 0.0249807
-0.640026 -0.266173 2.46185 0.995496 -0.090999 -0.00476854 0.0261546
-0.639452 -0.269299 2.46283 0.995255 -0.0936496 -0.00577332 0.0257484
-0.638669 -0.272293 2.46253 0.995048 -0.0958401 -0.00518545 0.0258189
-0.637914 -0.275489 2.46287 0.994819 -0.0982034 -0.00612471 0.0255504
-0.637051 -0.278604 2.46209 0.99463 -0.100173 -0.005361 0.0254374
-0.636159 -0.281471 2.46183 0.994368 -0.102945 -0.00446095 0.0247878
-0.635676 -0.284519 2.4626 0.994004 -0.106198 -0.00554223 0.0254347
-0.635178 -0.287778 2.46333 0.993728 -0.10872 -0.00617069 0.0254165
-0.634465 -0.290841 2.46372 0.993485 -0.11131 -0.00637867 0.0236178
-0.633292 -0.293525 2.46234 0.993237 -0.113173 -0.00623279 0.0251481
-0.632317 -0.296304 2.46229 0.992931 -0.115563 -0.00601239 0.0264046
-0.631539 -0.299436 2.46319 0.992715 -0.117727 -0.00699181 0.0246576
-0.630487 -0.302577 2.46342 0.99245 -0.119906 -0.00744531 0.0247089
-0.629094 -0.305552 2.46238 0.992187 -0.121964 -0.00579251 0.0256198
-0.627833 -0.308592 2.46176 0.991855 -0.124461 -0.00661398 0.0262564
-0.627018 -0.31166 2.46254 0.991602 -0.126782 -0.00632227 0.0247407
-0.626269 -0.314804 2.46356 0.991304 -0.128891 -0.00770147 0.025379
-0.625054 -0.317723 2.46315 0.991024 -0.131042 -0.00746311 0.0253841
-0.62382 -0.320631 2.46235 0.990698 -0.133408 -0.00724653 0.025842
-0.622952 -0.32424 2.46368 0.990279 -0.136219 -0.00801809 0.0269837
-0.621692 -0.327548 2.46338 0.989969 -0.138823 -0.00752281 0.0251439
-0.620393 -0.330594 2.4629 0.989653 -0.140914 -0.0069578 0.0261294
-0.619485 -0.333736 2.46374 0.989341 -0.142942 -0.00727396 0.0268032
-0.618343 -0.336717 2.46403 0.988998 -0.145686 -0.00686015 0.0247443
-0.617062 -0.339591 2.46313 0.988776 -0.146717 -0.00729026 0.027241
-0.615884 -0.34249 2.46246 0.988485 -0.148823 -0.00685204 0.0264875
-0.615192 -0.345475 2.46412 0.988222 -0.150545 -0.00818792 0.026193
-0.613773 -0.348037 2.46307 0.9879 -0.152643 -0.00706289 0.0265386
-0.61293 -0.350971 2.46419 0.987566 -0.154914 -0.00812938 0.0254932
-0.611235 -0.353323 2.46156 0.987182 -0.157267 -0.00537144 0.0266272
-0.610499 -0.356254 2.46246 0.986734 -0.159983 -0.00685561 0.0267313
-0.609416 -0.359009 2.46207 0.986249 -0.163027 -0.00674687 0.0262665
-0.608595 -0.361852 2.46314 0.985758 -0.165917 -0.00730525 0.02646
-0.607425 -0.364399 2.46316 0.985393 -0.168048 -0.00756329 0.0265273
-0.606412 -0.367125 2.46414 0.984933 -0.17078 -0.00842255 0.025906
-0.605345 -0.369948 2.46428 0.984437 -0.173747 -0.00749362 0.0252882
-0.604048 -0.372989 2.4636 0.984004 -0.176111 -0.00674951 0.0259837
-0.603203 -0.37619 2.4648 0.983602 -0.17836 -0.0073411 0.0257002
-0.601677 -0.378774 2.46355 0.983051 -0.181264 -0.00651536 0.0266641
-0.600569 -0.381583 2.46421 0.982561 -0.183978 -0.00700476 0.0260126
-0.599212 -0.384335 2.46424 0.982085 -0.186334 -0.00707429 0.0271946
-0.59792 -0.387115 2.46409 0.981596 -0.189221 -0.00715019 0.0247907
-0.596774 -0.390057 2.46469 0.981129 -0.191615 -0.00709335 0.0248821
-0.595651 -0.393231 2.46593 0.980563 -0.194562 -0.00736789 0.0242524
-0.593928 -0.396177 2.46565 0.980115 -0.196651 -0.00815055 0.0252213
-0.592178 -0.399117 2.46481 0.979725 -0.198461 -0.00742088 0.0264047
-0.59088 -0.402261 2.46523 0.979222 -0.201154 -0.00745423 0.0246093
-0.589619 -0.405077 2.46555 0.978769 -0.203395 -0.00709877 0.0242966
-0.588275 -0.407728 2.46498 0.978241 -0.205767 -0.00701128 0.0255868
-0.587711 -0.410759 2.46672 0.977705 -0.208286 -0.00784345 0.0254622
-0.586341 -0.413282 2.46573 0.9772 -0.21062 -0.00758172 0.0257402
-0.585122 -0.416129 2.46569 0.976733 -0.212854 -0.00750926 0.0250791
-0.583732 -0.41903 2.46614 0.976247 -0.215105 -0.00840178 0.0245054
-0.582094 -0.421828 2.46577 0.975794 -0.216996 -0.00867235 0.0257462
-0.580912 -0.424633 2.46689 0.975237 -0.219533 -0.00877592 0.0253119
-0.57905 -0.427138 2.4659 0.974547 -0.222576 -0.00900127 0.0252278
-0.577718 -0.430505 2.46708 0.97406 -0.224722 -0.00878386 0.0250956
-0.574842 -0.432527 2.46159 0.973398 -0.227387 -0.00780477 0.0270464
-0.574594 -0.436035 2.46709 0.973016 -0.229283 -0.0106296 0.0235832
-0.57296 -0.438589 2.46717 0.972384 -0.231978 -0.0100581 0.0235633
-0.570871 -0.441186 2.46591 0.972001 -0.233357 -0.00891362 0.0260469
-0.569543 -0.444217 2.46742 0.971459 -0.235779 -0.00908465 0.024368
-0.567457 -0.446871 2.46599 0.970895 -0.238055 -0.00912934 0.0246853
-0.565837 -0.449569 2.46579 0.970288 -0.240481 -0.00945713 0.024904
-0.564234 -0.452597 2.46634 0.969688 -0.242771 -0.0100507 0.0258277
-0.562799 -0.45571 2.46666 0.968987 -0.245582 -0.00993884 0.0255856
-0.561073 -0.458654 2.46544 0.968299 -0.248103 -0.00976615 0.0273376
-0.559965 -0.462116 2.4673 0.967311 -0.252177 -0.0109033 0.0244462
-0.557609 -0.464926 2.4659 0.966683 -0.254522 -0.0100539 0.0253185
-0.556065 -0.467615 2.46602 0.966015 -0.257139 -0.00967174 0.0245054
-0.5546 -0.470097 2.46577 0.96537 -0.259461 -0.00968295 0.0254487
-0.552996 -0.472274 2.46509 0.964618 -0.26235 -0.00896684 0.0245743
-0.551794 -0.474976 2.46616 0.963916 -0.264925 -0.0086143 0.0246139
-0.550161 -0.477369 2.46522 0.963184 -0.26755 -0.00806689 0.0250474
-0.548562 -0.479811 2.46481 0.962467 -0.270133 -0.00818787 0.0248593
-0.547395 -0.482513 2.46605 0.961695 -0.272903 -0.00891065 0.0242501
-0.545756 -0.484735 2.46601 0.961024 -0.275197 -0.0102006 0.0243848
-0.544132 -0.487095 2.46618 0.960319 -0.277758 -0.00941491 0.0234339
-0.542033 -0.489307 2.4647 0.959509 -0.280519 -0.00868078 0.0240245
-0.540883 -0.492436 2.46686 0.958723 -0.283269 -0.00934967 0.0228272
-0.539099 -0.49505 2.46611 0.95778 -0.286141 -0.010338 0.0259621
-0.537151 -0.497733 2.46536 0.956832 -0.289429 -0.0089615 0.0249568
-0.535143 -0.500139 2.46516 0.956054 -0.292109 -0.00869062 0.023635
-0.533503 -0.502449 2.46548 0.955272 -0.29474 -0.00858287 0.0225683
-0.531435 -0.504553 2.46491 0.954666 -0.296457 -0.00909517 0.025347
-0.529656 -0.507165 2.46576 0.953948 -0.298918 -0.00864692 0.0235664
-0.527846 -0.509939 2.46606 0.953144 -0.301468 -0.00854178 0.0236756
-0.525963 -0.5125 2.46548 0.952256 -0.304291 -0.00764144 0.0235865
-0.524164 -0.514852 2.46486 0.951352 -0.307229 -0.0070945 0.0220986
-0.522515 -0.517312 2.46492 0.95041 -0.309857 -0.00778991 0.0254664
-0.52077 -0.519647 2.46412 0.949471 -0.312889 -0.0069483 0.0235955
-0.519472 -0.522855 2.46722 0.948641 -0.315423 -0.00865207 0.0226775
-0.517229 -0.525273 2.46577 0.947748 -0.318063 -0.0076875 0.0234504
-0.515364 -0.528387 2.46694 0.946779 -0.321009 -0.00779616 0.0224138
-0.512551 -0.530905 2.46568 0.945968 -0.323248 -0.00848919 0.0241579
-0.51023 -0.533292 2.46555 0.945341 -0.325064 -0.00807157 0.0244733
-0.508056 -0.535438 2.46512 0.944539 -0.327407 -0.00724886 0.0244391
-0.505679 -0.537466 2.46421 0.94414 -0.328505 -0.00755296 0.0250354
-0.504364 -0.540366 2.46679 0.943242 -0.331253 -0.00827144 0.0223022
-0.501916 -0.542185 2.46442 0.942633 -0.332867 -0.00652162 0.0245074
-0.50011 -0.544637 2.46548 0.941902 -0.334932 -0.00722947 0.024259
-0.49796 -0.546778 2.46561 0.941241 -0.336825 -0.00768673 0.0235768
-0.49573 -0.548748 2.46499 0.940428 -0.339104 -0.00768445 0.0233429
-0.493725 -0.551164 2.46577 0.939816 -0.340827 -0.00821815 0.0227151
-0.491524 -0.55354 2.46587 0.939066 -0.342925 -0.00714875 0.0225066
-0.489005 -0.555671 2.46542 0.938493 -0.344429 -0.0083634 0.0230297
-0.486672 -0.557974 2.46536 0.937914 -0.346072 -0.00767728 0.0221882
-0.484061 -0.559843 2.46457 0.937305 -0.347646 -0.0072418 0.0234431
-0.481945 -0.562139 2.46562 0.936576 -0.349725 -0.0073103 0.0215592
-0.47979 -0.564796 2.46621 0.93575 -0.351893 -0.00778698 0.021961
-0.477323 -0.567135 2.46527 0.934992 -0.353916 -0.00672132 0.0220956
-0.475128 -0.569521 2.46531 0.934416 -0.355292 -0.0074926 0.024041
-0.472785 -0.571418 2.46468 0.933538 -0.357769 -0.00580909 0.0217931
-0.470476 -0.573582 2.46489 0.932642 -0.36003 -0.0078426 0.0222454
-0.467966 -0.575586 2.46391 0.931771 -0.362188 -0.00700056 0.0239625
-0.465862 -0.577784 2.46449 0.93065 -0.365035 -0.00785234 0.0240472
-0.46352 -0.5799 2.46438 0.929727 -0.367383 -0.00708274 0.0242261
-0.461347 -0.582297 2.46558 0.928746 -0.370023 -0.0064505 0.0217494
-0.458778 -0.584305 2.46522 0.927713 -0.372538 -0.00699492 0.0226853
-0.456816 -0.587113 2.46703 0.92705 -0.374329 -0.00745972 0.0200329
-0.453289 -0.587928 2.46318 0.925972 -0.376676 -0.00637717 0.0254915
-0.451137 -0.590322 2.4643 0.925243 -0.378703 -0.00416387 0.0221775
-0.450919 -0.59453 2.47446 0.924414 -0.380849 -0.00894604 0.018219
-0.447276 -0.594517 2.46596 0.923734 -0.382356 -0.00540663 0.022131
-0.444975 -0.596408 2.46385 0.922441 -0.385321 -0.00545385 0.024488
-0.442574 -0.598447 2.46332 0.921655 -0.387182 -0.00343302 0.025091
-0.440443 -0.600817 2.46564 0.920922 -0.388924 -0.00658153 0.0244363
-0.438012 -0.602878 2.46606 0.920109 -0.390812 -0.00701687 0.0248314
-0.435536 -0.604525 2.46521 0.919259 -0.392951 -0.00550097 0.0228706
-0.43315 -0.60682 2.4653 0.91803 -0.395689 -0.00622446 0.0247455
-0.430255 -0.608452 2.46291 0.917249 -0.39739 -0.00544843 0.0265683
-0.428565 -0.610877 2.46526 0.916209 -0.400007 -0.00514806 0.0230238
-0.426324 -0.612709 2.46563 0.915322 -0.402057 -0.00571426 0.0224385
-0.423674 -0.614623 2.46525 0.914303 -0.404197 -0.00559607 0.0253713
-0.421143 -0.616826 2.46574 0.913361 -0.406374 -0.00649581 0.0242933
-0.41847 -0.618886 2.46579 0.912503 -0.40829 -0.00708961 0.0242494
-0.41565 -0.620462 2.46437 0.911455 -0.410668 -0.00578025 0.0238241
-0.413488 -0.622682 2.46574 0.910303 -0.413214 -0.00564184 0.0239021
-0.411044 -0.624973 2.46579 0.909269 -0.415543 -0.00523049 0.0229336
-0.408478 -0.627048 2.46573 0.90824 -0.417714 -0.00559663 0.024174
-0.405695 -0.62911 2.46572 0.907143 -0.420115 -0.00615971 0.0236117
-0.402713 -0.631477 2.46635 0.905716 -0.423249 -0.00580037 0.0224624
-0.399694 -0.633327 2.46626 0.905031 -0.424674 -0.00639445 0.0230194
-0.397062 -0.635083 2.46636 0.904092 -0.426679 -0.00501165 0.0231898
-0.394358 -0.636542 2.4657 0.903185 -0.428598 -0.00454716 0.0232179
-0.392212 -0.638882 2.46697 0.90229 -0.430454 -0.00586313 0.0233901
-0.389826 -0.641058 2.46793 0.901564 -0.432068 -0.00460529 0.0218648
-0.386943 -0.642396 2.46638 0.900779 -0.433553 -0.00601837 0.024351
-0.384533 -0.644405 2.46695 0.899661 -0.435945 -0.00510435 0.0231529
-0.381941 -0.646152 2.46638 0.8987 -0.437978 -0.00525526 0.0220445
-0.379487 -0.648244 2.46674 0.897768 -0.439793 -0.00532296 0.0237806
-0.37711 -0.650552 2.46805 0.896692 -0.442096 -0.00521268 0.0216302
-0.374575 -0.652303 2.46762 0.895732 -0.443984 -0.00547488 0.0226352
-0.371929 -0.653844 2.46649 0.894258 -0.446916 -0.00401701 0.023507
-0.36932 -0.655954 2.46748 0.892807 -0.449916 -0.00424622 0.0212933
-0.366449 -0.657016 2.46571 0.891685 -0.452108 -0.00411863 0.0218908
-0.364211 -0.658564 2.46707 0.890634 -0.454175 -0.0053694 0.0215976
-0.36167 -0.659926 2.46716 0.889574 -0.456245 -0.00462336 0.0218424
-0.358979 -0.661423 2.46751 0.888392 -0.458577 -0.00449489 0.0211335
-0.356145 -0.663005 2.46669 0.887135 -0.460916 -0.00483215 0.0229055
-0.353641 -0.665188 2.46781 0.885857 -0.463338 -0.00467037 0.0235329
-0.351137 -0.666979 2.4685 0.88485 -0.465435 -0.00419379 0.0198521
-0.348139 -0.668211 2.46719 0.883571 -0.467703 -0.00415538 0.0232101
-0.345843 -0.670327 2.46926 0.882251 -0.470308 -0.00359363 0.0207591
-0.342928 -0.671597 2.46809 0.88101 -0.472632 -0.00375983 0.0206511
-0.340189 -0.673659 2.46986 0.879822 -0.474863 -0.00376877 0.0201044
-0.33716 -0.675374 2.46952 0.878384 -0.477507 -0.00287995 0.0204987
-0.33386 -0.676651 2.46878 0.877463 -0.479117 -0.00346842 0.0222169
-0.330831 -0.678353 2.46901 0.876521 -0.480878 -0.00295084 0.0214135
-0.327829 -0.679919 2.46828 0.875269 -0.483117 -0.00182904 0.0223381
-0.325258 -0.681632 2.46884 0.874512 -0.484494 -0.00264577 0.0220934
-0.322775 -0.683013 2.46841 0.873131 -0.487022 -0.00140072 0.0212156
-0.320601 -0.684873 2.4699 0.872259 -0.488575 -0.00247985 0.0212859
-0.317981 -0.686079 2.46911 0.871011 -0.490785 -0.00156178 0.021609
-0.315234 -0.687331 2.46823 0.870042 -0.492454 -0.00179522 0.022646
-0.312706 -0.689087 2.46874 0.868721 -0.494822 -0.00139435 0.0217397
-0.309996 -0.690633 2.46916 0.867634 -0.496758 -0.00273843 0.0208541
-0.307194 -0.69169 2.46857 0.866452 -0.49881 -0.00156673 0.021153
-0.304463 -0.693338 2.46952 0.865119 -0.501089 -0.00210394 0.0217741
-0.301873 -0.69471 2.46973 0.864071 -0.502948 -0.00144037 0.0205584
-0.299185 -0.696364 2.47093 0.862971 -0.504863 -0.00308632 0.0195924
-0.296222 -0.697527 2.46984 0.861816 -0.506771 -0.00226954 0.0212146
-0.293378 -0.699286 2.47069 0.860603 -0.508897 -0.000352835 0.0196472
-0.290267 -0.700576 2.47028 0.859548 -0.510612 -0.00111173 0.021227
-0.287278 -0.701805 2.46993 0.858516 -0.512306 -0.00151768 0.0221629
-0.284655 -0.703502 2.47106 0.857381 -0.514263 -0.00107901 0.0207497
-0.281833 -0.704864 2.47091 0.855993 -0.516629 -0.000340379 0.0192542
-0.278799 -0.706314 2.47088 0.854853 -0.518418 -0.000594202 0.0216562
-0.275759 -0.70775 2.4713 0.853659 -0.52046 -0.00163203 0.019621
-0.272633 -0.709624 2.47246 0.852414 -0.522506 -0.00171478 0.0193491
-0.269236 -0.710545 2.4698 0.851301 -0.52421 -0.001593 0.022075
-0.266836 -0.713004 2.47407 0.849278 -0.527698 0.00021382 0.0161435
-0.263578 -0.713574 2.47027 0.848285 -0.529085 0.000450122 0.0219408
-0.260752 -0.714817 2.47047 0.847173 -0.530872 0.000289051 0.0217459
-0.258124 -0.716578 2.47215 0.845833 -0.533055 0.00023623 0.0204594
-0.255395 -0.717652 2.47174 0.844457 -0.535286 0.00123616 0.0189845
-0.252767 -0.71878 2.47149 0.843127 -0.537352 0.000616074 0.0197218
-0.250239 -0.720233 2.47193 0.841429 -0.540024 0.00166592 0.019189
-0.247671 -0.721628 2.47222 0.839993 -0.542254 0.000993921 0.0192501
-0.244887 -0.722938 2.47208 0.838598 -0.544384 0.00123954 0.0199382
-0.241929 -0.723895 2.47139 0.837264 -0.546425 0.00110426 0.0201756
-0.239099 -0.725279 2.47187 0.835753 -0.548719 0.00100631 0.0205896
-0.236199 -0.726793 2.47263 0.833987 -0.551415 0.000878239 0.0201663
-0.233173 -0.727998 2.47313 0.832768 -0.553289 0.000431862 0.0192018
-0.23032 -0.728573 2.47183 0.831123 -0.555726 0.00114211 0.020073
-0.227601 -0.729576 2.47216 0.829966 -0.557444 0.000967031 0.0202769
-0.224649 -0.730377 2.47202 0.828796 -0.559173 -0.000120829 0.0205389
-0.22161 -0.73161 2.47276 0.827264 -0.561476 0.00141317 0.0194098
-0.218443 -0.73283 2.47283 0.825748 -0.563712 0.00175656 0.019131
-0.215337 -0.734232 2.47282 0.824282 -0.565829 0.00210691 0.0198117
-0.212426 -0.735216 2.47287 0.822778 -0.568004 0.00133686 0.0201653
-0.209657 -0.736639 2.47435 0.821217 -0.570268 0.000980241 0.019886
-0.206772 -0.73735 2.47333 0.819429 -0.572829 0.0013683 0.0200445
-0.203917 -0.738758 2.47357 0.817453 -0.575601 0.00143811 0.0212774
-0.200677 -0.740255 2.47361 0.815482 -0.578365 0.00141505 0.0219318
0.00124685 -0.772566 2.47543 0.71436 -0.699457 0.00797578 0.0196772
0.004348 -0.773304 2.47786 0.713095 -0.700821 0.0098055 0.0157956
0.00726272 -0.772682 2.4751 0.712009 -0.701882 0.0119767 0.0161426
0.00725939 -0.773031 2.47637 0.711158 -0.702795 0.0133724 0.0124201
0.00514572 -0.772768 2.47586 0.710001 -0.703902 0.0186619 0.0084579
0.00457671 -0.773823 2.47892 0.712082 -0.701864 0.0108318 0.0144822
0.00440491 -0.77409 2.4797 0.712151 -0.701806 0.0100548 0.0144492
0.00474075 -0.773335 2.47727 0.71206 -0.70186 0.0116755 0.015083
0.00491557 -0.773364 2.47752 0.711208 -0.702721 0.0147018 0.0122811
0.00483428 -0.773148 2.477 0.711702 -0.702237 0.0128699 0.0133531
0.00476585 -0.773648 2.47868 0.711495 -0.702478 0.0122045 0.0122943
0.00482793 -0.773211 2.47698 0.711767 -0.702162 0.0122945 0.0142936
0.00485101 -0.773389 2.47738 0.711592 -0.702343 0.0122296 0.0141809
0.00477967 -0.773546 2.47833 0.711483 -0.70248 0.0128598 0.0122214
0.00469116 -0.773607 2.47861 0.7116 -0.702363 0.0127445 0.0122183
0.00485628 -0.773377 2.47765 0.71135 -0.7026 0.0133129 0.0125346
0.00485501 -0.77345 2.47777 0.711402 -0.702546 0.0129079 0.0130533
0.00477464 -0.773587 2.47844 0.711407 -0.702562 0.01294 0.0118058
0.00471489 -0.773504 2.47823 0.711744 -0.702218 0.0120745 0.0127923
0.00482159 -0.773286 2.47749 0.711662 -0.70228 0.0128862 0.0131925
0.00486226 -0.773449 2.47789 0.711352 -0.702606 0.0128367 0.0125728
0.00481507 -0.773548 2.47813 0.711532 -0.702415 0.0126225 0.0132508
0.00474871 -0.77337 2.47764 0.711885 -0.702048 0.0121806 0.0141084
0.00482512 -0.773358 2.47753 0.711496 -0.702443 0.0133875 0.0129445
0.00482972 -0.773214 2.47728 0.711541 -0.702399 0.0136439 0.0126144
0.00476911 -0.77362 2.47858 0.711738 -0.702225 0.0116386 0.0131823
0.00481273 -0.773558 2.47826 0.711338 -0.702612 0.0137401 0.0120473
0.00480257 -0.773527 2.47801 0.711576 -0.702361 0.0129161 0.0134819
0.00480921 -0.773296 2.47749 0.711609 -0.702332 0.0129864 0.0131317
0.00480663 -0.773271 2.47746 0.711484 -0.70247 0.0133228 0.0121618
0.0047833 -0.773179 2.47713 0.711797 -0.702148 0.0118892 0.0138185
0.00482071 -0.773196 2.4771 0.711692 -0.702249 0.012426 0.0136686
0.00478495 -0.773487 2.47796 0.711718 -0.702221 0.0125465 0.0136112
0.00478663 -0.773321 2.47757 0.711766 -0.70218 0.0122746 0.0134923
0.00479472 -0.773323 2.47769 0.711748 -0.702202 0.012344 0.0132325
0.00481452 -0.77329 2.4776 0.711441 -0.702515 0.0134864 0.0119747
0.00481361 -0.773436 2.478 0.711487 -0.702466 0.0130958 0.0125273
0.00481323 -0.773685 2.47861 0.711218 -0.702738 0.0136256 0.0119142
0.00482606 -0.773417 2.47786 0.711429 -0.70253 0.0128899 0.0124108
0.00481914 -0.773378 2.47786 0.711461 -0.702499 0.0131526 0.0120574
0.00477518 -0.773503 2.47824 0.711565 -0.702389 0.0132358 0.0122812
0.00480691 -0.773598 2.47845 0.711483 -0.702482 0.0125823 0.0124043
0.00482128 -0.773397 2.47773 0.711639 -0.702313 0.0121633 0.0133926
0.00479686 -0.773146 2.47693 0.711658 -0.702279 0.0126266 0.0137304
0.004786 -0.773514 2.47821 0.711564 -0.702395 0.0126108 0.0126108
0.0048092 -0.773352 2.47772 0.711679 -0.702272 0.0127122 0.0128789
0.00480394 -0.773239 2.47732 0.711646 -0.7023 0.0126034 0.0133035
0.00480063 -0.773418 2.47794 0.711582 -0.702373 0.0125226 0.012853
0.0048061 -0.773499 2.47791 0.711499 -0.702433 0.0134347 0.0132902
0.00484784 -0.773248 2.47717 0.711619 -0.702317 0.0128716 0.0135451
0.00481703 -0.773417 2.47789 0.711597 -0.702355 0.0128811 0.0127178
0.00480506 -0.773446 2.47796 0.711604 -0.702352 0.0123055 0.013035
0.00480949 -0.773332 2.47759 0.71168 -0.70227 0.0122171 0.0134061
0.00477977 -0.77327 2.47741 0.711837 -0.702106 0.0121154 0.0137568
0.00479892 -0.773509 2.47809 0.711507 -0.702449 0.0126614 0.0127955
0.00481015 -0.773442 2.47812 0.711653 -0.702304 0.0130032 0.0122333
0.00476655 -0.77314 2.47702 0.711826 -0.70211 0.0123774 0.013843
0.00485046 -0.773414 2.47791 0.71151 -0.702444 0.0128892 0.012656
0.00480867 -0.773374 2.47775 0.711644 -0.702306 0.0127716 0.0128896
0.00480894 -0.7734 2.47783 0.711691 -0.702258 0.0122583 0.0134044
0.0048273 -0.77342 2.47787 0.711409 -0.702544 0.0130155 0.0126363
0.00476707 -0.773423 2.47792 0.711504 -0.702456 0.0129692 0.0122419
0.0047287 -0.773507 2.47827 0.711763 -0.702194 0.0120823 0.0130472
0.00482632 -0.773428 2.47801 0.711549 -0.70241 0.0128138 0.0124248
0.0048073 -0.773618 2.47849 0.711462 -0.702499 0.0126483 0.0124943
0.00481761 -0.773343 2.47761 0.711425 -0.702527 0.0134586 0.0122593
0.00481642 -0.77352 2.47824 0.711362 -0.702599 0.0133094 0.0119179
0.00477548 -0.77347 2.47822 0.711588 -0.70237 0.0131103 0.0121641
0.00479613 -0.773475 2.4782 0.711661 -0.702302 0.0124852 0.0124394
0.00477613 -0.773723 2.4788 0.711472 -0.7025 0.0122736 0.0123078
0.00477799 -0.773753 2.47897 0.7114 -0.702568 0.0128473 0.012001
0.00473959 -0.773378 2.47776 0.711782 -0.702163 0.0123889 0.0134093
0.00478557 -0.77313 2.47709 0.711793 -0.702147 0.0129699 0.0131181
0.00476743 -0.773243 2.47753 0.711755 -0.702201 0.0124156 0.0128388
0.00479966 -0.773576 2.47835 0.711521 -0.702439 0.0125021 0.0126982
0.00477756 -0.773579 2.47844 0.711686 -0.702277 0.0118035 0.0130765
0.00481589 -0.773506 2.47824 0.711536 -0.702429 0.0126317 0.0122749
0.0047363 -0.773751 2.47905 0.711378 -0.702594 0.0130954 0.0114715
0.00478245 -0.773475 2.47821 0.711576 -0.702384 0.0127296 0.0123889
0.00475519 -0.773642 2.47878 0.71142 -0.702559 0.0125658 0.0116193
0.00483782 -0.773376 2.47778 0.711395 -0.702549 0.0137722 0.0123623
0.00479378 -0.773461 2.47809 0.711339 -0.702621 0.0133812 0.0119296
0.00478041 -0.773618 2.47875 0.711587 -0.702377 0.0127242 0.0121778
0.00476982 -0.773558 2.47841 0.711511 -0.702453 0.0127158 0.0122369
0.00481645 -0.773443 2.47798 0.711325 -0.702635 0.013336 0.0119277
0.00479564 -0.773221 2.47732 0.711851 -0.702095 0.012316 0.0133867
0.00484027 -0.773386 2.47779 0.711578 -0.702371 0.0129476 0.0128521
0.00482557 -0.773297 2.4775 0.711517 -0.702432 0.0131135 0.0126618
0.00478786 -0.773566 2.47837 0.711522 -0.702433 0.0131495 0.0123138
0.00479013 -0.773415 2.47809 0.711489 -0.702472 0.0129355 0.0122162
0.00480673 -0.77346 2.47811 0.711547 -0.702409 0.0127992 0.0126339
0.00478439 -0.773098 2.47702 0.711753 -0.702201 0.0122071 0.0131756
0.00481837 -0.773298 2.4776 0.711446 -0.702513 0.0132369 0.0120691
0.00481707 -0.773268 2.47751 0.711513 -0.702434 0.0135542 0.0123429
0.00476817 -0.77339 2.47806 0.71164 -0.702327 0.0126677 0.0120671
0.00479533 -0.77342 2.47811 0.71161 -0.702352 0.0130683 0.0119152
0.0047913 -0.773501 2.47835 0.711536 -0.702435 0.0125864 0.0119885
0.00474297 -0.773713 2.47892 0.711496 -0.702477 0.0127027 0.011745
0.00481257 -0.773322 2.47771 0.711492 -0.70247 0.0128753 0.0121952
0.00476613 -0.773504 2.47829 0.711615 -0.702356 0.0121598 0.0123445
0.00477436 -0.773441 2.47807 0.711643 -0.702319 0.0125251 0.0125044
0.00484533 -0.7734 2.4779 0.71137 -0.702584 0.0136654 0.011904
0.00480831 -0.773549 2.47849 0.711398 -0.702568 0.0134758 0.0113613
0.00477267 -0.773242 2.47744 0.711669 -0.702277 0.0129985 0.0128964
0.00475027 -0.773337 2.47764 0.711742 -0.702208 0.0123102 0.0132341
0.00482779 -0.773329 2.47763 0.711461 -0.702488 0.0135546 0.0122947
0.00478993 -0.773409 2.47798 0.711625 -0.702331 0.0129526 0.0123437
0.00481346 -0.773263 2.47745 0.711497 -0.702463 0.0128975 0.0123172
0.00482737 -0.77342 2.47799 0.711413 -0.702549 0.0132719 0.0118789
0.00478846 -0.773258 2.47746 0.711767 -0.702184 0.0125883 0.0129498
0.00477279 -0.773231 2.47741 0.711681 -0.702269 0.0128527 0.0127657
0.00478962 -0.773654 2.47883 0.711228 -0.702741 0.0138042 0.0109065
0.00480789 -0.773385 2.47789 0.711429 -0.702523 0.0138398 0.011759
0.00477848 -0.773552 2.47847 0.711463 -0.702502 0.0133203 0.0115581
0.00479071 -0.773341 2.47797 0.711611 -0.702354 0.0127456 0.0121295
0.00480953 -0.773364 2.47781 0.71157 -0.702394 0.0124049 0.0124953
0.00481016 -0.773655 2.47863 0.711417 -0.702544 0.0130498 0.0121437
0.00482445 -0.773347 2.47775 0.711554 -0.702402 0.012968 0.0124177
0.00478407 -0.77343 2.47819 0.711577 -0.702392 0.012452 0.0122135
0.0047877 -0.773179 2.47729 0.711778 -0.702175 0.0120272 0.0132842
0.00484051 -0.77317 2.47722 0.711559 -0.702399 0.0126851 0.0125805
0.00479579 -0.773142 2.47708 0.711823 -0.702121 0.0123813 0.0134439
0.00476489 -0.773487 2.4783 0.71157 -0.702396 0.0123824 0.0124222
0.00482531 -0.77329 2.47787 0.71149 -0.702473 0.0133077 0.0117278
0.00477905 -0.773537 2.47833 0.711464 -0.702496 0.0129727 0.0122632
