-0.00249823 -0.739766 2.47681 0.714943 -0.698969 0.0121128 0.0122892
-0.00255585 -0.739808 2.47696 0.714811 -0.699106 0.0121405 0.0121665
-0.00250331 -0.739747 2.4767 0.714908 -0.699017 0.0115089 0.012224
-0.00246216 -0.739777 2.47682 0.715005 -0.698909 0.0114308 0.0128058
-0.0025053 -0.740081 2.47801 0.715058 -0.698866 0.0109674 0.0125527
-0.00248046 -0.73973 2.47669 0.715005 -0.698909 0.0112441 0.0129888
-0.00252832 -0.739897 2.47736 0.71482 -0.699112 0.0119971 0.0114627
-0.0024775 -0.73999 2.47761 0.715044 -0.69887 0.0104744 0.0135216
-0.00250193 -0.739844 2.477 0.714973 -0.698942 0.0116629 0.0125721
-0.00245922 -0.739848 2.47708 0.714955 -0.698955 0.0108977 0.0134959
-0.00250274 -0.740046 2.47774 0.715019 -0.698907 0.0112986 0.0121826
-0.0024837 -0.739902 2.47733 0.714928 -0.698983 0.0115344 0.0129628
-0.00248678 -0.740104 2.47792 0.715108 -0.698807 0.0113432 0.0126852
-0.00246446 -0.739837 2.47687 0.715024 -0.698869 0.0120407 0.0133045
-0.00250383 -0.740049 2.47767 0.71506 -0.698863 0.0113738 0.0122289
-0.00251206 -0.740123 2.47777 0.715036 -0.698884 0.0107755 0.012971
-0.00251889 -0.739799 2.47679 0.715137 -0.698779 0.0112084 0.0127055
-0.00243149 -0.739992 2.47724 0.715018 -0.698881 0.0113508 0.01363
-0.00250426 -0.739968 2.47697 0.715052 -0.69888 0.0120438 0.011081
-0.00169674 -0.739778 2.47675 0.714768 -0.699147 0.0123105 0.0121894
0.00954984 -0.741903 2.48319 0.709981 -0.704121 -0.00151099 0.0117534
0.0162568 -0.738886 2.47352 -0.704315 0.709713 -0.0120527 -0.0101559
0.0224244 -0.739327 2.47723 -0.700828 0.713163 -0.0133655 -0.00781787
0.0282219 -0.73883 2.477 -0.697648 0.716237 -0.012945 -0.0111519
0.0342973 -0.738427 2.4779 -0.694678 0.719122 -0.0128461 -0.0109694
0.0505765 -0.736946 2.47676 -0.685697 0.727684 -0.0130465 -0.0111843
0.0573618 -0.736464 2.47645 -0.681584 0.731541 -0.0129621 -0.0111199
0.0630443 -0.735379 2.47561 -0.678044 0.734796 -0.0151609 -0.010102
0.0693293 -0.734956 2.47613 -0.674737 0.737861 -0.0132536 -0.0107322
0.0759771 -0.733795 2.47466 -0.671233 0.741012 -0.0142518 -0.0119709
0.0824477 -0.732903 2.4755 -0.667769 0.744162 -0.013896 -0.0106825
0.0887883 -0.73188 2.47535 -0.664124 0.747419 -0.0145318 -0.00959884
0.106229 -0.728698 2.47483 -0.654539 0.755799 -0.0148083 -0.0113062
0.116064 -0.727136 2.47444 -0.650517 0.759268 -0.0140778 -0.0118843
0.125122 -0.725603 2.47454 -0.644866 0.76409 -0.0145504 -0.0101608
0.131162 -0.724748 2.47429 -0.640864 0.767438 -0.0141866 -0.0114334
0.139815 -0.722693 2.4733 -0.634613 0.772605 -0.0158684 -0.0098124
0.14598 -0.721349 2.47332 -0.630104 0.776247 -0.0173177 -0.0104731
0.152201 -0.719825 2.47256 -0.626374 0.779261 -0.0173757 -0.0102463
0.161285 -0.717566 2.47362 -0.620196 0.784218 -0.0158107 -0.0104634
0.167491 -0.716167 2.47291 -0.615315 0.78802 -0.0169707 -0.0111173
0.183396 -0.712541 2.47345 -0.604924 0.795994 -0.0181688 -0.0113879
0.189188 -0.711342 2.47378 -0.601331 0.798748 -0.0170938 -0.0104649
0.195141 -0.709545 2.47358 -0.597231 0.801767 -0.0190664 -0.011071
0.201243 -0.707247 2.47296 -0.593798 0.804361 -0.0172747 -0.010414
0.207609 -0.705314 2.47296 -0.589511 0.807508 -0.0170994 -0.0106827
0.219776 -0.700638 2.47291 -0.581877 0.813044 -0.0170524 -0.00936563
0.226078 -0.698189 2.47359 -0.577881 0.81583 -0.0195638 -0.00963029
0.235703 -0.695284 2.47352 -0.572049 0.819989 -0.0172873 -0.00893826
0.245912 -0.690993 2.47391 -0.565312 0.824678 -0.0161009 -0.00830516
0.254718 -0.687092 2.47324 -0.559051 0.8289 -0.0177628 -0.00845208
0.290546 -0.671724 2.47083 -0.526795 0.849671 -0.0225706 -0.00600824
0.313754 -0.660446 2.47045 -0.507794 0.861189 -0.0213 -0.00669791
0.325739 -0.653849 2.47047 -0.497689 0.867051 -0.0223562 -0.00541179
0.339097 -0.646007 2.46937 -0.487185 0.872996 -0.0222211 -0.00590511
0.346913 -0.640999 2.46873 -0.480511 0.876712 -0.0215641 -0.00451455
0.352041 -0.637259 2.46873 -0.476932 0.878672 -0.0214021 -0.00370672
0.35463 -0.635347 2.46865 -0.475378 0.879536 -0.0205405 -0.00325447
0.367676 -0.626237 2.46823 -0.465391 0.884846 -0.0212492 -0.00275772
0.379276 -0.616176 2.46682 -0.453779 0.890839 -0.0219227 -0.00306486
0.383845 -0.611916 2.46624 -0.449342 0.893083 -0.0219305 -0.00359219
0.388479 -0.608228 2.4668 -0.445102 0.895216 -0.0215548 -0.00279048
0.393024 -0.604425 2.46643 -0.440889 0.897254 -0.0233015 -0.00287839
0.397563 -0.600369 2.4654 -0.436898 0.899235 -0.0221343 -0.00241936
0.409609 -0.589788 2.46601 -0.426781 0.904094 -0.0216943 -0.00108537
0.413377 -0.585154 2.46392 -0.422226 0.906157 -0.0245839 -5.34791e-05
0.417984 -0.580992 2.46403 -0.41831 0.907984 -0.0241212 -0.000525751
0.422609 -0.576396 2.46424 -0.414245 0.909864 -0.0234071 0.000320805
0.434133 -0.56436 2.46357 -0.402981 0.914935 -0.0223146 0.00161253
0.43921 -0.559354 2.46342 -0.398259 0.916975 -0.0231911 0.00289489
0.443785 -0.55483 2.46391 -0.394308 0.918697 -0.0226163 0.00228533
0.455881 -0.543789 2.46332 -0.3842 0.92295 -0.0234553 0.00201506
0.460673 -0.540509 2.46553 -0.379371 0.924985 -0.0211917 0.00562061
0.46851 -0.531288 2.46347 -0.367682 0.929672 -0.0225072 0.00355931
0.471831 -0.526365 2.46113 -0.362725 0.931556 -0.0249837 0.00301304
0.476174 -0.521773 2.46171 -0.35758 0.933539 -0.0250334 0.00373243
0.480588 -0.517197 2.46251 -0.352584 0.935508 -0.0224266 0.00267484
0.48429 -0.512011 2.46177 -0.347299 0.93749 -0.0220806 0.00272281
0.494948 -0.498736 2.46168 -0.334821 0.941987 -0.0234804 0.0020004
0.498947 -0.494113 2.46205 -0.331418 0.94326 -0.0204745 0.00196462
0.50232 -0.489421 2.46114 -0.326289 0.944985 -0.0231129 0.00238006
0.505811 -0.484387 2.46083 -0.322024 0.946444 -0.0231626 0.00285937
0.513029 -0.474191 2.45996 -0.3123 0.949646 -0.0250765 0.00357534
0.516281 -0.469068 2.45981 -0.308208 0.950997 -0.024402 0.00419826
0.522281 -0.461129 2.46068 -0.302452 0.95289 -0.0225881 0.00363377
0.525928 -0.455639 2.46062 -0.298023 0.954315 -0.02149 0.00175105
0.53332 -0.444392 2.46044 -0.288647 0.957176 -0.0221823 0.00226429
0.53819 -0.43637 2.45979 -0.281719 0.959233 -0.0222048 0.00358413
0.541382 -0.431361 2.45998 -0.277191 0.96053 -0.0232337 0.00282275
0.544905 -0.426883 2.46011 -0.271639 0.962124 -0.0228375 0.0029104
0.54783 -0.422013 2.45978 -0.26655 0.963515 -0.0240211 0.00363723
0.552257 -0.414099 2.45954 -0.258642 0.965694 -0.0228419 0.00416912
0.555406 -0.40847 2.45956 -0.253259 0.967118 -0.0229055 0.00410387
0.559543 -0.400355 2.45874 -0.246026 0.968969 -0.0237241 0.00288048
0.56251 -0.39458 2.45893 -0.240855 0.970253 -0.0240792 0.00424856
0.567158 -0.386516 2.4586 -0.231773 0.972444 -0.0248764 0.00397481
0.570734 -0.380902 2.45956 -0.226064 0.973886 -0.0208724 0.00248361
0.575109 -0.371841 2.45874 -0.218189 0.975574 -0.0250035 0.00486628
0.578247 -0.363479 2.45815 -0.210842 0.977141 -0.0266312 0.00567944
0.58194 -0.355115 2.45823 -0.204733 0.97849 -0.0247807 0.00526842
0.585467 -0.346587 2.45756 -0.196934 0.980064 -0.0256777 0.0056219
0.589169 -0.337369 2.45744 -0.189478 0.981532 -0.0255541 0.00640055
0.596453 -0.320152 2.45716 -0.173883 0.984393 -0.0260638 0.00743371
0.598604 -0.314496 2.45712 -0.16792 0.985463 -0.0247283 0.00731385
0.600371 -0.308196 2.45569 -0.161501 0.986538 -0.0248425 0.0064821
0.604364 -0.296011 2.4566 -0.15098 0.98821 -0.0243484 0.00732107
0.606416 -0.290848 2.45715 -0.146335 0.988901 -0.024599 0.00748714
0.608276 -0.285342 2.45784 -0.141166 0.989648 -0.0246074 0.00793547
0.61163 -0.269613 2.45677 -0.130297 0.991102 -0.0257893 0.00867172
0.612529 -0.263845 2.45612 -0.126148 0.991674 -0.0242253 0.00912407
0.614023 -0.25744 2.45662 -0.121354 0.992243 -0.0254999 0.00879339
0.61518 -0.250454 2.45622 -0.117673 0.992747 -0.0227766 0.009376
0.615962 -0.2438 2.45559 -0.11305 0.99326 -0.0239455 0.008952
0.618586 -0.226973 2.45578 -0.101719 0.994471 -0.0238828 0.0105214
0.619482 -0.220202 2.45695 -0.0978118 0.994922 -0.0207618 0.0115256
0.621188 -0.21385 2.4574 -0.0939952 0.995252 -0.0221598 0.012142
0.622678 -0.207186 2.45747 -0.0899222 0.995648 -0.0212639 0.0121566
0.625097 -0.192038 2.45687 -0.0768693 0.996767 -0.0202128 0.0117162
0.625905 -0.186291 2.45662 -0.072103 0.997088 -0.0213986 0.0126141
0.627239 -0.173422 2.45704 -0.0613363 0.997837 -0.0196785 0.0131443
0.628008 -0.167037 2.45663 -0.0559312 0.998184 -0.0181699 0.0130647
0.62822 -0.16041 2.45572 -0.0501014 0.998466 -0.0195929 0.013105
0.629113 -0.146585 2.4564 -0.0399928 0.998953 -0.0169262 0.0143771
0.629756 -0.131146 2.45547 -0.0277687 0.999353 -0.0173627 0.0148574
0.630476 -0.117777 2.45571 -0.0186923 0.999586 -0.0154836 0.0154332
0.629592 -0.105237 2.45556 -0.00961116 0.999657 -0.0158562 0.0185197
0.628033 -0.0948773 2.45114 -0.00240806 0.999748 -0.0173028 0.014098
0.629622 -0.088555 2.45825 0.00293062 0.999867 -0.0123661 0.0101916
0.62655 -0.0744915 2.45159 0.0107867 0.999732 -0.0142603 0.014734
0.626396 -0.0678661 2.45227 0.0152941 0.999605 -0.0160859 0.0172163
0.626441 -0.0615661 2.4534 0.0194716 0.999575 -0.0121859 0.0179419
0.62587 -0.0558435 2.45224 0.0238402 0.999531 -0.0113933 0.0154891
0.624812 -0.0443718 2.45139 0.0349647 0.999157 -0.0139029 0.0164129
0.623087 -0.0299423 2.45051 0.0483855 0.998619 -0.0123816 0.0163254
0.622238 -0.0234642 2.44784 0.0540568 0.99835 -0.0149742 0.0123223
0.621852 -0.0170788 2.44893 0.0588791 0.99809 -0.0124497 0.0139456
0.620335 -0.0107138 2.44691 0.0642822 0.997761 -0.0128359 0.0132867
0.619616 -0.00465718 2.44818 0.0696636 0.997373 -0.0127134 0.0152519
0.617727 0.00491995 2.44669 0.0777085 0.996837 -0.00961697 0.0136076
0.615799 0.01468 2.44631 0.0845935 0.996274 -0.00903744 0.0141511
0.613753 0.0235688 2.44561 0.0915814 0.995645 -0.0101354 0.0142005
0.611731 0.032188 2.44545 0.0987843 0.994928 -0.0110407 0.0154486
0.608399 0.0447035 2.44373 0.107967 0.993981 -0.0113047 0.014723
0.606331 0.0507391 2.44281 0.112656 0.993458 -0.0124152 0.0139603
0.603815 0.0599536 2.4418 0.120283 0.992545 -0.0134011 0.014345
0.599756 0.0757425 2.4411 0.137122 0.990373 -0.0107637 0.0155798
0.596267 0.0863119 2.44033 0.147889 0.988801 -0.012564 0.0156325
0.594823 0.091996 2.44127 0.153482 0.987903 -0.0140342 0.0171441
0.59273 0.0975334 2.4393 0.159268 0.987002 -0.0148978 0.0154582
0.591198 0.103199 2.43921 0.164751 0.98611 -0.0143377 0.0154451
0.588956 0.109353 2.43921 0.170636 0.985092 -0.01384 0.0169151
0.587115 0.115537 2.43961 0.176351 0.984057 -0.0148744 0.0176449
0.584302 0.123796 2.43908 0.184976 0.982476 -0.0151822 0.0171502
0.579937 0.135708 2.43864 0.196245 0.980307 -0.0135159 0.0174359
0.57755 0.141604 2.43806 0.201808 0.979156 -0.0142884 0.0179723
0.573491 0.151006 2.43895 0.209808 0.977487 -0.012651 0.0184097
0.568137 0.162628 2.4377 0.218568 0.975575 -0.013139 0.0175703
0.56527 0.16817 2.43827 0.222179 0.974749 -0.012562 0.0185441
0.557669 0.181555 2.43743 0.232842 0.972245 -0.013149 0.0187585
0.554493 0.186697 2.43678 0.237614 0.971093 -0.0121572 0.0192257
0.551253 0.192249 2.43602 0.242518 0.969912 -0.0101376 0.0187793
0.548141 0.197752 2.43612 0.247204 0.968741 -0.00880471 0.0188
0.544792 0.203117 2.43639 0.252266 0.967417 -0.00895047 0.0196294
0.541332 0.208389 2.43597 0.257289 0.966082 -0.00922065 0.0200925
0.533877 0.21939 2.43503 0.266705 0.96356 -0.0074596 0.0190831
0.528792 0.227257 2.43434 0.273318 0.961693 -0.00934672 0.018883
0.525958 0.23246 2.43352 0.278369 0.960255 -0.00771719 0.0189816
0.52272 0.237806 2.43302 0.282935 0.958923 -0.00774556 0.0188327
0.519261 0.243458 2.43453 0.287215 0.957612 -0.0060247 0.0212302
0.512838 0.250836 2.43264 0.293714 0.955637 -0.00377124 0.0218117
0.508457 0.255582 2.43157 0.298201 0.954289 -0.0043472 0.0197584
0.50259 0.263624 2.43147 0.305011 0.952092 -0.00555025 0.0214183
0.498221 0.268519 2.42896 0.30963 0.950659 -0.00652222 0.0182725
0.487433 0.282424 2.42928 0.321301 0.946762 -0.00209245 0.0200626
0.476253 0.296123 2.4282 0.335157 0.941944 -0.00225125 0.0201422
0.472133 0.300231 2.42727 0.340378 0.940058 -0.00555541 0.0200704
0.467786 0.304733 2.42569 0.345892 0.938092 -0.00223188 0.0183559
0.463571 0.30932 2.42608 0.350971 0.936199 -0.00294353 0.0185162
0.452628 0.319914 2.42457 0.36286 0.931684 -0.0028987 0.0169844
0.448268 0.324633 2.42388 0.367835 0.929727 -0.00118816 0.0174045
0.444385 0.329139 2.42556 0.37288 0.927648 3.84992e-05 0.0207543
0.440091 0.333739 2.42371 0.380228 0.924751 -0.00940234 0.0131767
0.427856 0.344522 2.42254 0.389487 0.920923 -0.00102392 0.0141349
0.416401 0.354473 2.42257 0.400186 0.91628 -0.00139367 0.0167411
0.411593 0.35849 2.42223 0.404816 0.914242 -0.00175748 0.0168112
0.401542 0.366993 2.42153 0.413342 0.910446 -0.00371374 0.0149428
0.39659 0.371284 2.42261 0.417027 0.908755 -0.00167821 0.0158102
0.384398 0.38086 2.42101 0.429603 0.902913 -0.000163539 0.0137786
0.374287 0.387956 2.42064 0.439344 0.898213 0.0004109 0.0137655
0.369599 0.391627 2.42169 0.444124 0.895835 -0.00342779 0.0148747
0.365079 0.395302 2.42139 0.449315 0.893263 -0.0027902 0.0137495
0.358296 0.400568 2.42016 0.456762 0.889499 -0.00184031 0.0125009
0.349792 0.406702 2.42048 0.463739 0.885876 -0.00258215 0.0127579
0.345123 0.40952 2.41999 0.468592 0.883325 -0.000719914 0.0125904
0.331628 0.418536 2.41994 0.480283 0.877012 -0.0022538 0.0131386
0.326119 0.421845 2.42006 0.485049 0.87438 -0.000666753 0.0136817
0.320152 0.42575 2.41962 0.490809 0.87118 -0.000729947 0.0122793
0.314213 0.428971 2.41941 0.495445 0.868536 -0.0022883 0.0131598
0.303683 0.435322 2.41958 0.503199 0.864062 -0.00275107 0.0134377
0.295223 0.44024 2.42023 0.509106 0.860617 -0.00174545 0.0121016
0.289618 0.443465 2.41995 0.513323 0.858082 -0.000402798 0.0139664
0.279107 0.448829 2.42094 0.522413 0.852617 -0.00183319 0.0112296
0.273511 0.4504 2.41967 0.526783 0.849885 -0.00289439 0.0136693
0.267684 0.452946 2.42077 0.530132 0.847795 0.000825617 0.0142401
0.262097 0.45543 2.42052 0.534808 0.844891 -0.00140455 0.0117381
0.253319 0.458644 2.42053 0.541522 0.840612 -0.00167462 0.0110612
0.246795 0.461487 2.42116 0.546003 0.837689 -0.00379226 0.0119722
0.240467 0.463706 2.42085 0.549347 0.835513 -0.00146104 0.0115518
0.226264 0.46947 2.4209 0.558968 0.829089 0.000372851 0.0128825
0.220341 0.471808 2.42129 0.562519 0.826699 -0.00012379 0.0118517
0.213835 0.473446 2.42019 0.56623 0.824167 -0.00162348 0.0114289
0.207854 0.475072 2.42048 0.569814 0.821696 -0.00265408 0.0109794
0.191666 0.479851 2.41945 0.57841 0.815671 1.09569e-05 0.0110751
0.185316 0.481713 2.41914 0.582119 0.813038 -2.09876e-05 0.0102687
0.178749 0.483537 2.41875 0.58556 0.810571 -0.000169573 0.00968909
0.172093 0.485271 2.41782 0.589231 0.807912 0.00217909 0.00896754
0.16568 0.48706 2.41747 0.592932 0.805189 0.00229584 0.00987258
0.159325 0.489259 2.41728 0.596621 0.802463 0.00354968 0.00912623
0.153918 0.491182 2.41698 0.601129 0.799103 0.00318815 0.00828672
0.148188 0.492309 2.41658 0.605179 0.796052 0.00226481 0.00737307
0.13049 0.495796 2.41548 0.617701 0.786378 0.00330831 0.00666327
0.124548 0.497302 2.41692 0.621534 0.783353 0.000702542 0.00736759
0.118359 0.498498 2.41683 0.625555 0.780137 0.000627672 0.00824718
0.106123 0.501112 2.41621 0.634393 0.772988 2.85916e-05 0.00590973
0.0961053 0.503379 2.41845 0.640845 0.76764 -0.0015529 0.00663694
0.0901657 0.504186 2.41793 0.644217 0.764822 -0.00204879 0.005257
0.084177 0.504797 2.41901 0.647644 0.761907 -0.00398124 0.00630224
0.0780408 0.505759 2.4198 0.650722 0.759259 -0.00195824 0.0091142
0.0687698 0.506724 2.42007 0.655978 0.754713 -0.00533979 0.00855424
0.0563787 0.50811 2.42038 0.663253 0.748332 -0.00364841 0.00903076
0.0501942 0.508388 2.42073 0.666355 0.74557 -0.00355919 0.00914748
0.0439454 0.50887 2.42082 0.669749 0.742512 -0.00529844 0.009153
0.0376962 0.509456 2.42109 0.673292 0.739288 -0.00647162 0.00940043
0.0280336 0.509993 2.42127 0.678734 0.73428 -0.00592221 0.0108178
0.0148562 0.510394 2.42118 0.686859 0.726684 -0.00137517 0.0123695
6.98995e-05 0.510508 2.4188 0.696052 0.717928 0.000385605 0.00948454
-0.00582739 0.510932 2.4203 0.699836 0.714223 -0.00719169 0.00798397
-0.0126425 0.509936 2.41667 0.702331 0.71165 0.00900812 0.0143083
-0.018845 0.510389 2.42025 0.7069 0.707203 -0.00808099 0.00954741
-0.03113 0.510305 2.41664 0.714488 0.69962 -0.00474876 0.00396515
-0.0376246 0.51043 2.41776 0.717962 0.696059 -0.00188786 0.00535948
-0.0471676 0.510208 2.41728 0.724057 0.689722 -0.00440885 0.0023904
-0.0603132 0.509263 2.41836 0.731124 0.682219 -0.00517261 0.00297017
-0.0668205 0.508911 2.41909 0.733848 0.679271 -0.00452213 0.00609774
-0.0730145 0.508295 2.41943 0.7369 0.675955 -0.0069674 0.00375229
-0.0793539 0.507773 2.41987 0.73979 0.67278 -0.00783206 0.0041151
-0.0855646 0.507034 2.41937 0.743178 0.669049 -0.00717391 0.00294436
-0.0971345 0.506378 2.42052 0.750843 0.660396 -0.0102348 0.00279656
-0.103211 0.505366 2.42048 0.7544 0.656329 -0.0103088 0.00268492
-0.10956 0.504444 2.42119 0.757631 0.652598 -0.00830507 0.00647138
-0.118541 0.503348 2.42245 0.763688 0.645469 -0.0114972 0.00429643
-0.124851 0.502629 2.42344 0.767774 0.640578 -0.0122405 0.00570835
-0.131684 0.501336 2.42284 0.771842 0.635713 -0.00993375 0.0055707
-0.146439 0.498389 2.42358 0.77866 0.627315 -0.0111555 0.00632399
-0.152018 0.496435 2.4227 0.78153 0.623753 -0.0103492 0.00595652
-0.157848 0.495206 2.42382 0.784153 0.620436 -0.0104497 0.00736189
-0.170452 0.490856 2.42466 0.78945 0.613624 -0.011686 0.00992687
-0.175476 0.488202 2.42336 0.791738 0.610698 -0.0109725 0.00888339
-0.181441 0.486094 2.42334 0.794623 0.606936 -0.0122951 0.00719326
-0.193864 0.481194 2.42322 0.799471 0.600521 -0.0126391 0.00778195
-0.200477 0.478692 2.42343 0.802531 0.596405 -0.0129435 0.00882106
-0.207214 0.476219 2.42269 0.805158 0.592922 -0.0110265 0.00646741
-0.213477 0.474141 2.42247 0.808065 0.588945 -0.0111274 0.00707355
-0.219131 0.472423 2.4224 0.810921 0.585008 -0.0105908 0.00780589
-0.224639 0.470556 2.42217 0.813889 0.580887 -0.00890338 0.00876506
-0.230326 0.46815 2.42186 0.816791 0.576788 -0.0108521 0.00710762
-0.244165 0.461608 2.42256 0.823309 0.567414 -0.011586 0.00833329
-0.250082 0.459078 2.42339 0.826517 0.562743 -0.0110731 0.00820918
-0.256299 0.457166 2.42462 0.828949 0.559122 -0.0115143 0.00971548
-0.271459 0.451128 2.42635 0.836679 0.547471 -0.012545 0.00930407
-0.277335 0.448442 2.42567 0.839438 0.543251 -0.0121272 0.00863003
-0.283289 0.44537 2.427 0.841834 0.539478 -0.0128229 0.0107102
-0.289196 0.442533 2.42704 0.843888 0.536262 -0.0124911 0.0109329
-0.297541 0.438577 2.42776 0.847415 0.530578 -0.0154812 0.0116388
-0.303086 0.435775 2.42837 0.850098 0.526284 -0.0158121 0.0103766
-0.314536 0.429744 2.42926 0.85427 0.519467 -0.015359 0.0118472
-0.322796 0.42463 2.42951 0.858014 0.513248 -0.015125 0.0126207
-0.328602 0.421562 2.42953 0.860246 0.509419 -0.016784 0.0136911
-0.336795 0.416469 2.42966 0.863713 0.503505 -0.0157812 0.0152543
-0.342459 0.412898 2.43005 0.866868 0.498034 -0.0160012 0.0156759
-0.347569 0.408659 2.42867 0.869238 0.493912 -0.0126026 0.0178141
-0.359625 0.400519 2.42933 0.874949 0.483717 -0.014204 0.0167563
-0.364578 0.397124 2.43009 0.877309 0.47947 -0.0138653 0.0156506
-0.369613 0.393928 2.43055 0.879714 0.475118 -0.0148895 0.012031
-0.375292 0.389774 2.42932 0.881978 0.470833 -0.0131908 0.016033
-0.386953 0.380891 2.4302 0.887764 0.459798 -0.0149422 0.0154401
-0.392233 0.377268 2.43018 0.890037 0.455345 -0.0152516 0.0161767
-0.397342 0.372852 2.42977 0.892296 0.450883 -0.0142328 0.0175816
-0.402448 0.369289 2.43068 0.895016 0.445539 -0.0160804 0.0134755
-0.407825 0.364387 2.43012 0.897154 0.441188 -0.0137982 0.0166737
-0.415438 0.358651 2.43057 0.900292 0.434779 -0.0140879 0.0155507
-0.420534 0.354561 2.43132 0.902269 0.43061 -0.0144042 0.0166809
-0.425761 0.350968 2.43306 0.904115 0.42674 -0.0162124 0.0143474
-0.435142 0.342634 2.43244 0.908011 0.418379 -0.0154546 0.0153904
-0.439631 0.339381 2.4335 0.91024 0.413544 -0.0165259 0.0130858
-0.448673 0.331149 2.43399 0.914605 0.403819 -0.0164657 0.0125266
-0.452518 0.326415 2.43206 0.916499 0.399432 -0.0153625 0.0157499
-0.457579 0.321533 2.43416 0.918774 0.394025 -0.0154719 0.0189401
-0.462536 0.317937 2.43513 0.921907 0.386687 -0.0201645 0.0124183
-0.468976 0.3105 2.43288 0.924284 0.380912 -0.00785289 0.0232923
-0.474284 0.306531 2.43425 0.92645 0.375807 -0.0117214 0.0179308
-0.478459 0.302226 2.43421 0.928511 0.370689 -0.01362 0.0164667
-0.484334 0.29642 2.43525 0.931051 0.364221 -0.0140275 0.0170648
-0.48859 0.291434 2.43576 0.93312 0.358817 -0.0146982 0.0179531
-0.499001 0.279776 2.43892 0.937548 0.346987 -0.0186356 0.0160145
-0.505148 0.272211 2.4386 0.940202 0.339825 -0.01733 0.015415
-0.509521 0.267917 2.43924 0.942101 0.334484 -0.0178605 0.0157139
-0.514388 0.262548 2.44111 0.944028 0.32891 -0.0191951 0.0161545
-0.525147 0.249962 2.44157 0.948365 0.316222 -0.0174949 0.0173863
-0.528845 0.246054 2.44135 0.950085 0.311 -0.017927 0.0172321
-0.53256 0.241321 2.44167 0.951913 0.305346 -0.017743 0.0176476
-0.539681 0.231447 2.44237 0.955132 0.295186 -0.0159035 0.0183352
-0.54265 0.226283 2.44391 0.956632 0.290334 -0.0177173 0.0157434
-0.544836 0.22072 2.44287 0.957848 0.286289 -0.0164255 0.0171873
-0.550069 0.212523 2.44529 0.959852 0.279429 -0.0184311 0.016244
-0.556625 0.201129 2.44624 0.962493 0.270073 -0.0189758 0.0175251
-0.559944 0.19497 2.44546 0.963901 0.265101 -0.0166465 0.0184409
-0.563242 0.189249 2.44688 0.96501 0.260867 -0.0168107 0.0205162
-0.566236 0.183193 2.44561 0.966068 0.257059 -0.0137858 0.0210786
-0.569558 0.177631 2.44814 0.967089 0.252974 -0.0176894 0.0207549
-0.5767 0.163409 2.44899 0.969896 0.242083 -0.0166894 0.0204651
-0.580191 0.154441 2.44715 0.971303 0.236234 -0.0162415 0.0223884
-0.583682 0.148294 2.44969 0.972249 0.232378 -0.0147919 0.0226684
-0.589374 0.136623 2.44854 0.974526 0.222672 -0.0142539 0.0226284
-0.592008 0.130672 2.44872 0.975651 0.21782 -0.0142807 0.0213694
-0.594728 0.124434 2.4504 0.976837 0.212263 -0.0162491 0.0216847
-0.599577 0.112824 2.45034 0.978915 0.202729 -0.0124529 0.0216897
-0.604185 0.101869 2.45013 0.980869 0.192781 -0.0125016 0.0239783
-0.606925 0.0962562 2.45096 0.981873 0.187964 -0.0128008 0.0207558
-0.609818 0.0894098 2.45202 0.982696 0.183402 -0.012601 0.0226662
-0.611237 0.0838018 2.45081 0.983611 0.178664 -0.0115754 0.0213243
-0.615958 0.068548 2.45115 0.985496 0.167566 -0.0122704 0.0238325
-0.617919 0.062167 2.45247 0.986306 0.162749 -0.0121949 0.0237533
-0.620023 0.05602 2.45326 0.987184 0.157371 -0.0121035 0.0235652
-0.622592 0.0458552 2.45287 0.988378 0.150025 -0.0108433 0.0219778
-0.623916 0.0400595 2.45335 0.988913 0.146115 -0.011485 0.0238728
-0.625491 0.0339966 2.45355 0.989555 0.141889 -0.0111639 0.0228666
-0.627458 0.0278451 2.4553 0.990147 0.137713 -0.0129737 0.0218208
-0.631501 0.0127798 2.45535 0.991849 0.124855 -0.0112188 0.0228157
-0.63204 0.00730759 2.45411 0.99238 0.120451 -0.0101076 0.023919
-0.635488 -0.00765777 2.45638 0.993983 0.106653 -0.0110398 0.0223734
-0.636456 -0.0138678 2.45596 0.994512 0.101267 -0.010709 0.0240028
-0.638278 -0.0199813 2.45812 0.995227 0.0946773 -0.011304 0.020778
-0.638813 -0.0268086 2.45597 0.995616 0.0897026 -0.00937384 0.0247849
-0.64101 -0.0390448 2.45667 0.996419 0.0807675 -0.00838246 0.0235498
-0.643505 -0.047933 2.45882 0.997064 0.0723562 -0.0098917 0.023009
-0.644804 -0.0538838 2.46049 0.997459 0.0670773 -0.0110974 0.0212779
-0.645267 -0.0604762 2.45898 0.997748 0.0617664 -0.0104377 0.0239758
-0.647286 -0.0761473 2.4587 0.998483 0.0488997 -0.00799975 0.0240228
-0.648137 -0.0826192 2.46042 0.998709 0.0439503 -0.00949843 0.0236455
-0.64856 -0.0890386 2.46063 0.998911 0.0392591 -0.0087479 0.0236526
-0.649596 -0.102712 2.46105 0.999194 0.0292361 -0.00995312 0.0256562
-0.649735 -0.108774 2.46009 0.999252 0.0244003 -0.00975117 0.0283551
-0.650196 -0.114978 2.45966 0.999477 0.0195528 -0.00714243 0.0247585
-0.651336 -0.120825 2.46245 0.999495 0.0139854 -0.00851755 0.0272338
-0.650246 -0.126403 2.45806 0.999368 0.00869577 -0.0105887 0.0328003
-0.650895 -0.138595 2.45789 0.999442 -0.001988 -0.00531163 0.0329036
-0.651094 -0.144322 2.46109 0.999584 -0.00741044 -0.00914231 0.0263299
-0.650127 -0.15048 2.4612 0.999515 -0.011598 -0.00677109 0.0281022
-0.648759 -0.163203 2.45923 0.99937 -0.0202606 -0.00525721 0.0286626
-0.648816 -0.169495 2.4626 0.999307 -0.0256585 -0.00742338 0.0259061
-0.647536 -0.176233 2.46051 0.999119 -0.0313936 -0.00492787 0.0274036
-0.64691 -0.182878 2.4617 0.999008 -0.0357547 -0.00563332 0.025935
-0.645931 -0.189228 2.46207 0.998835 -0.0395809 -0.0061215 0.0269084
-0.643869 -0.201449 2.46265 0.998497 -0.0475335 -0.00707147 0.0263328
-0.641994 -0.210858 2.46123 0.998122 -0.0542745 -0.00552825 0.0278517
-0.640921 -0.217626 2.46277 0.997893 -0.05889 -0.00719512 0.0262485
-0.637203 -0.22952 2.46153 0.997442 -0.0661891 -0.00649823 0.0261987
-0.635467 -0.239072 2.4617 0.996943 -0.0728644 -0.00675492 0.0273715
-0.634338 -0.245266 2.462 0.996545 -0.0785673 -0.00689874 0.026029
-0.633038 -0.251818 2.46213 0.996043 -0.0844185 -0.00673851 0.0269349
-0.630264 -0.26127 2.46249 0.995437 -0.0918428 -0.00598247 0.0251773
-0.629104 -0.267491 2.46388 0.995002 -0.0965327 -0.00696011 0.0245881
-0.624368 -0.281775 2.46181 0.993802 -0.107883 -0.00626139 0.026062
-0.622334 -0.288523 2.46204 0.993314 -0.112334 -0.00557331 0.0260419
-0.620846 -0.29431 2.46186 0.992726 -0.117725 -0.00585853 0.0245394
-0.62003 -0.300622 2.46417 0.992126 -0.122901 -0.00718004 0.0230042
-0.616759 -0.309946 2.46227 0.991243 -0.129287 -0.00705192 0.0259252
-0.611179 -0.325202 2.46282 0.989642 -0.140967 -0.0072304 0.0261674
-0.609116 -0.331527 2.46403 0.988986 -0.145701 -0.00755768 0.0248968
-0.60647 -0.337385 2.46281 0.988323 -0.149874 -0.00657803 0.0266761
-0.604855 -0.343847 2.46332 0.987662 -0.154188 -0.00627617 0.0266573
-0.600677 -0.355322 2.46383 0.986246 -0.163176 -0.00766533 0.0251764
-0.597224 -0.363706 2.46431 0.984998 -0.170506 -0.00839909 0.0252252
-0.592188 -0.374299 2.46487 0.98324 -0.180371 -0.00841239 0.025176
-0.589489 -0.379942 2.46528 0.982348 -0.185466 -0.00734941 0.023244
-0.585003 -0.387838 2.46503 0.980995 -0.192254 -0.00904194 0.0246014
-0.582404 -0.393584 2.46533 0.979785 -0.198402 -0.00787092 0.0244254
-0.579455 -0.399975 2.46572 0.97859 -0.20393 -0.00917965 0.0262581
-0.573925 -0.410687 2.46506 0.976678 -0.213114 -0.00806822 0.0248407
-0.57003 -0.418407 2.46433 0.975061 -0.220484 -0.00788834 0.02408
-0.567974 -0.424802 2.46794 0.974038 -0.225042 -0.00915614 0.0228392
-0.56422 -0.429924 2.46575 0.972788 -0.230006 -0.00922709 0.0263714
-0.559001 -0.437732 2.46575 0.971281 -0.236446 -0.00938919 0.0248864
-0.551878 -0.448493 2.46537 0.969196 -0.244757 -0.00991033 0.0255771
-0.548579 -0.45381 2.46493 0.967954 -0.249728 -0.00910889 0.0248621
-0.543352 -0.462904 2.4645 0.965924 -0.257277 -0.00903983 0.0267842
-0.539573 -0.468927 2.46465 0.964602 -0.262264 -0.00873344 0.026169
-0.532881 -0.479519 2.46443 0.962124 -0.271399 -0.00771677 0.0245011
-0.530017 -0.48476 2.46452 0.960493 -0.27681 -0.00844506 0.0275173
-0.527234 -0.489614 2.46552 0.958892 -0.282336 -0.00903126 0.0270289
-0.52204 -0.496953 2.46468 0.9564 -0.290907 -0.00800986 0.0246784
-0.515177 -0.507227 2.46557 0.953284 -0.300908 -0.00788121 0.0253422
-0.511181 -0.512132 2.46554 0.95199 -0.304983 -0.00840075 0.0250821
-0.507197 -0.517101 2.46473 0.95032 -0.310156 -0.00740848 0.0253134
-0.503481 -0.522031 2.46493 0.948571 -0.315634 -0.00671034 0.0233164
-0.499814 -0.527478 2.46622 0.946712 -0.321161 -0.00734756 0.0231876
-0.495996 -0.532267 2.46559 0.945017 -0.326204 -0.00632458 0.0222277
-0.491543 -0.537609 2.46504 0.943426 -0.330721 -0.00699247 0.0228568
-0.483364 -0.546505 2.46443 0.940196 -0.339844 -0.00667294 0.0222245
-0.477587 -0.553753 2.46425 0.93765 -0.346641 -0.00622223 0.0247671
-0.470974 -0.561026 2.46402 0.935098 -0.353668 -0.00601106 0.0217692
-0.457488 -0.574022 2.46378 0.93064 -0.365062 -0.00721195 0.0242097
-0.450263 -0.579967 2.4632 0.927614 -0.372693 -0.0070023 0.0241363
-0.44574 -0.58511 2.46427 0.925088 -0.379251 -0.0054568 0.0187464
-0.44135 -0.589239 2.46576 0.923552 -0.38258 -0.0073022 0.0251187
-0.434504 -0.594962 2.46687 0.921007 -0.388902 -0.00658126 0.0213887
-0.42459 -0.602168 2.46591 0.917746 -0.396577 -0.00593717 0.0208287
-0.419196 -0.606968 2.46663 0.915943 -0.400568 -0.00698491 0.0233391
-0.413773 -0.610426 2.46543 0.914058 -0.40487 -0.00570571 0.0233746
-0.406488 -0.615724 2.46516 0.911328 -0.411023 -0.00549888 0.0226062
-0.401536 -0.619976 2.46636 0.909533 -0.414888 -0.00579588 0.0241672
-0.391095 -0.627861 2.46645 0.905595 -0.423425 -0.00580151 0.0239734
-0.384889 -0.631528 2.46632 0.903652 -0.427603 -0.00609433 0.0230597
-0.379424 -0.635612 2.46699 0.901475 -0.432185 -0.00510968 0.0230858
-0.365875 -0.644843 2.46642 0.897431 -0.440493 -0.00556362 0.0235295
-0.360869 -0.648382 2.46716 0.895486 -0.444508 -0.00440716 0.0222998
-0.353381 -0.654196 2.46616 0.89186 -0.451698 -0.00380011 0.0232496
-0.348828 -0.657562 2.46758 0.889521 -0.456276 -0.00453421 0.0233433
-0.343594 -0.661223 2.46812 0.887105 -0.461062 -0.00357738 0.0212932
-0.338043 -0.664571 2.46778 0.884942 -0.465061 -0.00401906 0.0240811
-0.332583 -0.667206 2.46634 0.882468 -0.469819 -0.00281613 0.0226197
-0.324488 -0.672619 2.46861 0.878531 -0.477189 -0.00225445 0.0216751
-0.318887 -0.675572 2.46855 0.876048 -0.48177 -0.00200254 0.020822
-0.308213 -0.682304 2.4697 0.871571 -0.489811 -0.000944077 0.0211764
-0.303272 -0.685277 2.46932 0.868951 -0.494498 -0.000851757 0.019859
-0.289771 -0.693051 2.47021 0.863283 -0.504262 -0.000544428 0.0214975
-0.283663 -0.695355 2.46961 0.860915 -0.508355 0.000683531 0.0199738
-0.278197 -0.697668 2.46966 0.858732 -0.512002 0.000124088 0.0208304
-0.26661 -0.703523 2.47198 0.854385 -0.519328 0.000147736 0.0180329
-0.257191 -0.707186 2.47045 0.850736 -0.525222 0.0017747 0.0196767
-0.250527 -0.710389 2.47185 0.848124 -0.529405 0.000318573 0.0204001
-0.244788 -0.712325 2.47124 0.845824 -0.533108 0.000867295 0.0194026
-0.231633 -0.718746 2.47266 0.839111 -0.543669 0.000140053 0.0177897
-0.226119 -0.720802 2.47217 0.836315 -0.547918 6.25555e-05 0.0190664
-0.220604 -0.723178 2.47298 0.833293 -0.552511 0.000588571 0.0188062
-0.209273 -0.727372 2.47296 0.827117 -0.561725 0.00113755 0.0184669
-0.203375 -0.729475 2.47321 0.824227 -0.565954 0.00139677 0.0185197
-0.191125 -0.733716 2.47339 0.818621 -0.574021 0.00165048 0.0189099
-0.18199 -0.737383 2.4737 0.812963 -0.582013 0.00270241 0.0185663
-0.169814 -0.741917 2.47554 0.807002 -0.590252 0.0033709 0.018448
-0.166656 -0.742073 2.47363 0.805929 -0.591644 0.00303545 0.020662
-0.160845 -0.743782 2.47478 0.803272 -0.595256 0.00260646 0.0204379
0.00465893 -0.771135 2.47735 0.717325 -0.696545 0.0115376 0.0116961
0.0114599 -0.770521 2.47579 0.713274 -0.700695 0.0134249 0.00934155
0.0171921 -0.770923 2.47822 0.71147 -0.702534 0.00767333 0.0140617
0.0231746 -0.769941 2.47591 0.709016 -0.705051 0.0055022 0.0130483
0.0359863 -0.769125 2.4758 -0.700431 0.713487 -0.0107186 -0.0147724
0.0422849 -0.768975 2.47771 -0.696237 0.717612 -0.0109354 -0.0129393
0.049254 -0.768325 2.47697 -0.692373 0.721353 -0.00963855 -0.0133053
0.0649996 -0.76726 2.47706 -0.683947 0.729294 -0.014042 -0.0122243
0.1749 -0.748441 2.47519 -0.619886 0.78442 -0.0182263 -0.00966829
0.177961 -0.747838 2.47542 -0.618173 0.785778 -0.0177478 -0.0100481
0.187348 -0.745419 2.47551 -0.612511 0.79021 -0.01682 -0.0107608
0.193505 -0.744063 2.47551 -0.607389 0.794162 -0.0173086 -0.00925912
0.212763 -0.738755 2.47612 -0.595197 0.803341 -0.0168408 -0.00996303
0.218565 -0.73675 2.47708 -0.591494 0.806091 -0.0167997 -0.00834028
0.230288 -0.732009 2.47495 -0.583601 0.811761 -0.0191241 -0.00934835
0.243106 -0.727673 2.47539 -0.576121 0.817123 -0.0182725 -0.00784549
0.248855 -0.724752 2.47484 -0.572329 0.819767 -0.0189418 -0.00796119
0.2552 -0.722395 2.47553 -0.568973 0.822124 -0.0177014 -0.00831136
0.261375 -0.720318 2.47547 -0.564796 0.824994 -0.0178709 -0.0083848
0.267109 -0.718151 2.47486 -0.559893 0.828322 -0.0184001 -0.00796388
0.279804 -0.712869 2.47517 -0.54915 0.835484 -0.0183582 -0.00795459
0.3017 -0.702837 2.47295 -0.530959 0.847074 -0.0223016 -0.00715303
0.308203 -0.700451 2.47512 -0.527197 0.849514 -0.0184234 -0.00705402
0.316008 -0.695906 2.47243 -0.519478 0.854124 -0.0239199 -0.00652066
0.328257 -0.69048 2.47256 -0.510634 0.859495 -0.0219497 -0.00636808
0.333794 -0.687077 2.47239 -0.50595 0.862292 -0.0208403 -0.00564326
0.339417 -0.683751 2.47145 -0.501479 0.864878 -0.0215219 -0.00640704
0.34552 -0.680533 2.47201 -0.496373 0.867823 -0.0215149 -0.00583828
0.35586 -0.67375 2.4705 -0.48819 0.872416 -0.0230484 -0.00537385
0.361148 -0.670749 2.47065 -0.484568 0.874475 -0.0215231 -0.00491248
0.366531 -0.667183 2.47042 -0.481014 0.876451 -0.0209749 -0.00443063
0.373921 -0.662072 2.47069 -0.475504 0.879462 -0.0206682 -0.00395916
0.378554 -0.658385 2.46901 -0.470327 0.88217 -0.0236344 -0.00307587
0.383009 -0.655026 2.46953 -0.466059 0.884448 -0.0229288 -0.00370516
0.392171 -0.647122 2.46831 -0.457339 0.88894 -0.0249383 -0.00232615
0.399517 -0.641175 2.46878 -0.451284 0.892091 -0.0225477 -0.00284916
0.404324 -0.636554 2.46726 -0.445483 0.89496 -0.024224 -0.00201684
0.408825 -0.632197 2.46765 -0.442426 0.896497 -0.023435 -0.00171921
0.413144 -0.628088 2.46698 -0.438616 0.898345 -0.024265 -0.00195221
0.424248 -0.618419 2.46612 -0.428279 0.903329 -0.0239424 -0.000731863
0.42906 -0.614108 2.46675 -0.424547 0.905091 -0.0238997 -1.67817e-05
0.437762 -0.604353 2.46531 -0.416119 0.908992 -0.0240432 0.000792138
0.441784 -0.599475 2.46491 -0.412287 0.910682 -0.0258591 0.00291359
0.446714 -0.595141 2.46546 -0.408226 0.912577 -0.0234827 0.00190113
0.450925 -0.590194 2.46441 -0.40458 0.914174 -0.0244077 0.00221159
0.458244 -0.582791 2.4643 -0.398222 0.916943 -0.0250279 0.00278754
0.463189 -0.577726 2.46423 -0.393544 0.918955 -0.0252582 0.00269474
0.468276 -0.573434 2.46478 -0.3895 0.92072 -0.0236425 0.00224326
0.473137 -0.56955 2.46546 -0.385161 0.922526 -0.0242159 0.00321668
0.477128 -0.565381 2.46229 -0.378351 0.925181 -0.0295789 0.00389882
0.483377 -0.558985 2.46413 -0.372294 0.927836 -0.0223012 0.0045849
0.487394 -0.554337 2.46304 -0.367184 0.929777 -0.0260523 0.0032898
0.497636 -0.542563 2.46282 -0.355372 0.934365 -0.0257186 0.00334792
0.502159 -0.537742 2.4634 -0.351494 0.935898 -0.0233088 0.00181554
0.510593 -0.52819 2.46243 -0.340321 0.939968 -0.0252284 0.00214546
0.514979 -0.523279 2.46324 -0.335432 0.941739 -0.0246168 0.00280915
0.520695 -0.5151 2.46282 -0.329808 0.943744 -0.0238356 0.00241044
0.524505 -0.510113 2.4626 -0.325663 0.945184 -0.0237304 0.00288038
0.531691 -0.500189 2.46354 -0.318352 0.947702 -0.0222838 0.0040234
0.534874 -0.494613 2.46203 -0.313381 0.94931 -0.0243563 0.00314742
0.539934 -0.486229 2.46196 -0.308388 0.950985 -0.0226881 0.00302969
0.546778 -0.47545 2.46139 -0.300722 0.953463 -0.0217081 0.00201794
0.550263 -0.470243 2.46178 -0.296054 0.954889 -0.0228526 0.00416238
0.553787 -0.465152 2.46218 -0.290388 0.956642 -0.0222184 0.00413221
0.558908 -0.456488 2.46137 -0.281505 0.959276 -0.0230865 0.00330851
0.565005 -0.446721 2.46258 -0.272556 0.961882 -0.0218684 0.00421098
0.567713 -0.441323 2.46109 -0.26731 0.963289 -0.0245935 0.00388061
0.570873 -0.436216 2.46047 -0.262085 0.964741 -0.0240096 0.00294806
0.578871 -0.422037 2.46108 -0.250538 0.967802 -0.023857 0.00460144
0.58006 -0.419487 2.46053 -0.247636 0.968537 -0.0244887 0.00357698
0.583206 -0.414011 2.46155 -0.242986 0.969735 -0.0234453 0.00463813
0.590174 -0.398847 2.4594 -0.230299 0.972777 -0.0256409 0.00324716
0.593455 -0.392389 2.46015 -0.224853 0.974087 -0.0237168 0.00581289
0.596247 -0.386544 2.45969 -0.219894 0.975209 -0.0245068 0.00356596
0.602154 -0.375181 2.46092 -0.21144 0.977069 -0.0244482 0.00563731
0.606271 -0.367195 2.46053 -0.204115 0.978622 -0.0245919 0.00560126
0.608651 -0.361443 2.46026 -0.199223 0.979635 -0.0243288 0.00586716
0.610838 -0.356587 2.4612 -0.194014 0.980634 -0.0259705 0.0063581
0.615961 -0.345351 2.45916 -0.182292 0.982898 -0.0256863 0.00460532
0.618608 -0.339764 2.46089 -0.176885 0.983922 -0.0237815 0.00653854
0.621512 -0.331076 2.45942 -0.168189 0.985411 -0.0253186 0.00601392
0.623361 -0.324953 2.45761 -0.162054 0.986438 -0.025635 0.00463695
0.627543 -0.31312 2.45813 -0.152259 0.988009 -0.025101 0.00513085
0.629802 -0.307563 2.45931 -0.147859 0.988695 -0.0242563 0.00569398
0.632308 -0.298939 2.45786 -0.140146 0.989769 -0.0261264 0.0059037
0.635641 -0.286557 2.45892 -0.130663 0.991109 -0.0241678 0.00678083
0.636674 -0.280556 2.45983 -0.126947 0.991588 -0.0239244 0.00807079
0.637264 -0.274152 2.45935 -0.12348 0.992068 -0.0219721 0.00845017
0.638818 -0.268002 2.46008 -0.11904 0.992605 -0.0218958 0.00919427
0.640225 -0.254589 2.45764 -0.110528 0.993547 -0.023877 0.00884881
0.641485 -0.247071 2.45817 -0.105596 0.994086 -0.0233923 0.0097587
0.644008 -0.235054 2.45927 -0.0973023 0.994927 -0.0230997 0.0108827
0.645519 -0.226244 2.45764 -0.0895679 0.995674 -0.022877 0.00936058
0.64721 -0.213836 2.45786 -0.079443 0.996527 -0.0226581 0.0104125
0.64787 -0.207061 2.45772 -0.0745883 0.996903 -0.0223552 0.0110324
0.647974 -0.201407 2.45883 -0.0703293 0.99719 -0.0227962 0.0120549
0.649148 -0.187791 2.45707 -0.0610752 0.997857 -0.0209947 0.010507
0.650243 -0.174576 2.45687 -0.0500526 0.998447 -0.0220499 0.0105874
0.650984 -0.167228 2.45658 -0.0447214 0.998753 -0.0190331 0.0113849
0.651661 -0.160376 2.45654 -0.0395246 0.99896 -0.0189815 0.0125458
0.652678 -0.137528 2.45816 -0.0245278 0.999449 -0.0162104 0.0153861
0.65236 -0.130728 2.45711 -0.019988 0.999546 -0.0170356 0.0147887
0.652306 -0.124482 2.45772 -0.0161605 0.999605 -0.0160981 0.0164061
0.651885 -0.117296 2.45515 -0.0116902 0.999716 -0.0160329 0.0131889
0.651894 -0.1075 2.45207 -0.0036687 0.999792 -0.0188959 0.00670022
0.650901 -0.101363 2.44924 0.000422331 0.999756 -0.0159764 0.0152324
0.652353 -0.0886606 2.45586 0.0126424 0.9997 -0.0139683 0.0156465
0.650818 -0.0825118 2.45397 0.0171679 0.999618 -0.0152555 0.0153887
0.649884 -0.0732868 2.45256 0.0235121 0.999521 -0.0160241 0.0121635
0.649202 -0.0673851 2.45333 0.0280104 0.99942 -0.0143297 0.0129965
0.64736 -0.0550202 2.45251 0.0369358 0.999157 -0.011763 0.0134893
0.646342 -0.0482865 2.45202 0.0410657 0.99898 -0.012646 0.0138655
0.645129 -0.0393625 2.45224 0.0489652 0.998628 -0.012044 0.0140914
0.643985 -0.0329642 2.45035 0.054057 0.998362 -0.0125542 0.0138775
0.642143 -0.0231816 2.44998 0.0611616 0.997968 -0.0108102 0.0142027
0.641005 -0.0162967 2.44903 0.067137 0.99762 -0.00896563 0.0129156
0.639586 -0.00966249 2.44856 0.071767 0.997282 -0.00878159 0.0141754
0.636829 0.00202075 2.44781 0.0805812 0.996584 -0.0104863 0.0147237
0.635664 0.00807437 2.44824 0.0844516 0.996251 -0.0105441 0.0155293
0.634344 0.0145007 2.4474 0.0890961 0.995825 -0.0112665 0.0163855
0.633444 0.0206618 2.44735 0.0946224 0.995312 -0.0118553 0.016153
0.632123 0.0266406 2.44667 0.0999824 0.994801 -0.0120327 0.0151826
0.629576 0.0378044 2.44574 0.111639 0.99356 -0.0130569 0.0143298
0.627524 0.0436505 2.44431 0.117302 0.992907 -0.0135872 0.0138103
0.625741 0.049595 2.44428 0.122716 0.992258 -0.0118619 0.014979
0.623748 0.0558447 2.44284 0.129041 0.991458 -0.0134927 0.0132924
0.619469 0.0714936 2.44277 0.142495 0.989617 -0.0126622 0.0139149
0.617925 0.0769798 2.44238 0.147981 0.988801 -0.0122351 0.0149533
0.616299 0.0822898 2.44247 0.15293 0.988025 -0.0141031 0.0148188
0.612008 0.0940669 2.44017 0.16323 0.986365 -0.0151335 0.0145041
0.609825 0.0997752 2.44089 0.168248 0.985512 -0.0149987 0.0152741
0.606656 0.109285 2.43998 0.175747 0.98424 -0.0116431 0.0157928
0.603675 0.118156 2.44018 0.183679 0.982785 -0.0113384 0.016375
0.601168 0.124368 2.44003 0.188739 0.981808 -0.011722 0.017119
0.594766 0.139584 2.43993 0.201068 0.979353 -0.0119792 0.0171829
0.592909 0.145489 2.43993 0.205939 0.978318 -0.0140598 0.0169115
0.591088 0.150815 2.43947 0.212265 0.976964 -0.0135513 0.0173808
0.589206 0.156229 2.43951 0.217586 0.975807 -0.0122739 0.0175331
0.584417 0.16748 2.44043 0.228835 0.973236 -0.00935622 0.0189546
0.579619 0.174783 2.43857 0.236111 0.971517 -0.00876199 0.0181623
0.572789 0.185433 2.4377 0.244967 0.969291 -0.0117879 0.0181128
0.569238 0.190932 2.43727 0.249452 0.96816 -0.0110372 0.017865
0.565612 0.196761 2.43691 0.255186 0.96667 -0.012198 0.0167278
0.55849 0.207634 2.43624 0.263635 0.96439 -0.00997034 0.0186822
0.554765 0.213061 2.43615 0.267656 0.963291 -0.00922531 0.0185841
0.549261 0.220902 2.43519 0.274134 0.961452 -0.00994854 0.0190034
0.545507 0.226454 2.43521 0.278046 0.960325 -0.00929382 0.0195179
0.541212 0.23197 2.43485 0.283074 0.958867 -0.0077125 0.0196155
0.533069 0.241758 2.4333 0.290105 0.956782 -0.00649701 0.0191172
0.529294 0.247392 2.43392 0.294519 0.955421 -0.00761537 0.0192746
0.525389 0.252664 2.43386 0.299174 0.953925 -0.00686999 0.0218093
0.519524 0.260617 2.43228 0.307351 0.951363 -0.00720649 0.0197887
0.510688 0.270328 2.43161 0.317036 0.948203 -0.00359306 0.0196782
0.507082 0.275414 2.43198 0.321691 0.946612 -0.0045267 0.0205163
0.503105 0.279926 2.43009 0.326361 0.945045 -0.00438618 0.0189649
0.497201 0.286743 2.43057 0.333127 0.942663 -0.00300449 0.0200829
0.48803 0.296116 2.42794 0.34154 0.939684 -0.00333115 0.0182798
0.484164 0.301096 2.42828 0.346297 0.937925 -0.00310831 0.0191259
0.479794 0.305979 2.42748 0.350779 0.936277 -0.00387987 0.0180207
0.472951 0.312969 2.42648 0.357943 0.933573 -0.00257145 0.0176348
0.463099 0.321702 2.4249 0.366988 0.93008 -0.00464748 0.0157794
0.458589 0.326195 2.42502 0.370914 0.928514 -0.0023518 0.0167316
