-0.000512056 0.000132668 0.000309803 5.80353e-05 -2.53994e-05 -3.83769e-07 1
-0.000512056 0.000132668 0.000309803 5.80353e-05 -2.53994e-05 -3.83769e-07 1
-0.000512056 0.000132668 0.000309803 5.80353e-05 -2.53994e-05 -3.83769e-07 1
-0.000512056 0.000132668 0.000309803 5.80353e-05 -2.53994e-05 -3.83769e-07 1
-0.000512056 0.000132668 0.000309803 5.80353e-05 -2.53994e-05 -3.83769e-07 1
-0.000333188 0.000125362 0.000193076 3.66877e-05 -2.34879e-05 -1.33013e-06 1
-0.000864006 0.000456581 0.000508157 9.50064e-05 -8.52947e-05 -1.55912e-05 1
-0.000864006 0.000456581 0.000508157 9.50064e-05 -8.52947e-05 -1.55912e-05 1
-0.000864006 0.000456581 0.000508157 9.50064e-05 -8.52947e-05 -1.55912e-05 1
-0.000864006 0.000456581 0.000508157 9.50064e-05 -8.52947e-05 -1.55912e-05 1
-0.000864006 0.000456581 0.000508157 9.50064e-05 -8.52947e-05 -1.55912e-05 1
-0.000864006 0.000456581 0.000508157 9.50064e-05 -8.52947e-05 -1.55912e-05 1
0.00046777 0.000276119 -0.000332864 -6.7942e-05 -6.65237e-05 -6.4186e-05 1
0.000618145 0.000333626 0.00257284 -0.000268396 -4.74356e-05 -2.82768e-05 1
0.0079702 -0.000126252 0.000419144 -0.000283457 0.00424003 0.000502178 0.999991
0.00922987 -0.00122628 0.00609137 0.00156667 0.0133007 0.000555331 0.99991
0.0191105 0.0014673 0.00690292 0.00191114 0.0206143 0.000519807 0.999786
0.0205749 5.7567e-05 0.00942698 0.00239992 0.0242524 0.000455913 0.999703
0.0343853 0.00298694 0.00792685 0.00201079 0.0342131 0.000468129 0.999412
0.0471856 0.00380797 0.00895453 0.00305727 0.04586 5.71428e-05 0.998943
0.0648361 0.00837455 0.00443308 0.00226913 0.0563981 0.00100445 0.998405
0.0750834 0.00427208 0.00112816 0.0021467 0.0647776 0.00150517 0.997896
0.0923927 0.00450445 0.00458522 0.00349174 0.0767875 0.00317222 0.997036
0.116748 0.00796011 0.0122763 0.00553494 0.096632 0.00247101 0.995302
0.124342 0.0100599 0.0130113 0.0059249 0.104739 0.0024997 0.994479
0.130892 0.0109737 0.0138366 0.00634067 0.113029 0.00282616 0.993567
0.151723 0.0206202 0.0115001 0.00685824 0.132265 0.00384688 0.991183
0.157884 0.0236317 0.0127374 0.00727038 0.140198 0.0039974 0.990089
0.176527 0.0294371 0.011975 0.00820109 0.154782 0.00511998 0.987901
0.188893 0.0331614 0.0109976 0.00871941 0.16553 0.00443467 0.986156
0.203826 0.0404953 0.011321 0.00943366 0.178694 0.00379416 0.983852
0.213578 0.0447454 0.0110515 0.00962753 0.18615 0.00417998 0.982465
0.222357 0.0492589 0.00979617 0.00989734 0.193979 0.00344367 0.98095
0.235802 0.0550714 0.00905663 0.00965911 0.204992 0.00355064 0.978709
0.24314 0.0575064 0.0130722 0.0105664 0.213776 0.00350836 0.976819
0.249841 0.0601721 0.0151917 0.0113159 0.222497 0.00362075 0.974861
0.255322 0.063134 0.0156134 0.01173 0.231761 0.00397947 0.972694
0.268792 0.069495 0.0150205 0.0114358 0.243247 0.00445078 0.969887
0.279927 0.0768126 0.0180297 0.0123663 0.255706 0.00454314 0.966665
0.292615 0.0840677 0.0175163 0.0131161 0.268349 0.00377458 0.963225
0.298197 0.0892653 0.018248 0.0142497 0.274898 0.00449818 0.961357
0.308851 0.0956008 0.0199616 0.0146149 0.285847 0.00369635 0.958157
0.321026 0.102297 0.0199835 0.01487 0.295742 0.00397576 0.955144
0.332432 0.111341 0.0195163 0.0154931 0.304886 0.00468016 0.952251
0.340718 0.116372 0.0195088 0.0151761 0.316364 0.00480158 0.948504
0.342156 0.120609 0.0215743 0.0158144 0.323606 0.0049241 0.946047
0.352095 0.131526 0.0230483 0.0164564 0.33343 0.00634514 0.94261
0.369166 0.146235 0.0264015 0.016348 0.35297 0.00549982 0.935476
0.373402 0.151055 0.0256487 0.0159929 0.359053 0.00410078 0.933171
0.379794 0.161996 0.0248248 0.0154215 0.364627 0.00330357 0.93102
0.395652 0.182606 0.0182 0.0159575 0.381118 0.00473059 0.924377
0.400655 0.185371 0.0192515 0.0163009 0.387633 0.00465536 0.921658
0.411741 0.200391 0.0201415 0.0167497 0.402693 0.00548893 0.915166
0.416654 0.206071 0.0195874 0.0167198 0.410203 0.00655013 0.911817
0.422707 0.213263 0.0203281 0.0171926 0.417621 0.00663577 0.908434
0.436026 0.234649 0.0173594 0.0183784 0.435112 0.00655299 0.900165
0.440311 0.241349 0.0167292 0.0187337 0.441425 0.00706103 0.897075
0.449809 0.25507 0.0189604 0.019217 0.454295 0.00532404 0.890628
0.45495 0.26501 0.0146385 0.0180181 0.459953 0.00506976 0.887746
0.458153 0.271852 0.0166392 0.0190657 0.465541 0.00458095 0.884809
0.461617 0.280061 0.0217471 0.0200746 0.471425 0.0037861 0.881669
0.469893 0.292521 0.019944 0.020557 0.481144 0.00450302 0.876389
0.47227 0.299354 0.0219599 0.0210031 0.486786 0.00444926 0.873257
0.476911 0.307685 0.0211533 0.0208512 0.493844 0.004699 0.869288
0.491379 0.320949 0.0234585 0.0213445 0.512436 0.00464911 0.858448
0.497774 0.33452 0.0202144 0.0208887 0.522275 0.0054251 0.852504
0.502308 0.344036 0.0194754 0.0206083 0.530242 0.00593596 0.847575
0.509841 0.358805 0.0214532 0.0216911 0.544321 0.00584177 0.838576
0.514386 0.368063 0.0222535 0.0226238 0.550664 0.00632624 0.834396
0.520861 0.381509 0.0233489 0.0218268 0.559779 0.00610111 0.828332
0.526402 0.389988 0.0247608 0.0229487 0.566838 0.00541316 0.823492
0.532567 0.400183 0.0258023 0.023721 0.57653 0.00586797 0.816711
0.535496 0.409455 0.0247485 0.0227543 0.583685 0.00549034 0.811643
0.53994 0.425291 0.0222493 0.0236644 0.595181 0.00654939 0.803217
0.540516 0.435383 0.0207357 0.0238339 0.600571 0.00706528 0.799185
0.542504 0.445676 0.0193908 0.0236925 0.606486 0.00793589 0.794702
0.547229 0.452704 0.0257599 0.0252666 0.614926 0.00690023 0.78815
0.545402 0.463238 0.0249797 0.0245255 0.61953 0.00660575 0.784562
0.54614 0.477052 0.0230192 0.0250758 0.626738 0.00597409 0.778803
0.549037 0.495142 0.0229479 0.0254827 0.637602 0.00513868 0.769928
0.548812 0.507913 0.0233507 0.0268211 0.644218 0.00503786 0.764355
0.550929 0.51572 0.0232514 0.0269122 0.6489 0.00443372 0.760385
0.551515 0.525576 0.0219867 0.0273777 0.654807 0.00566202 0.755279
0.552936 0.536485 0.0221214 0.0280932 0.663982 0.00603314 0.747196
0.554233 0.54589 0.0207176 0.0281726 0.670048 0.00592528 0.741759
0.55766 0.556923 0.0189993 0.0294301 0.676907 0.00697621 0.735446
0.558405 0.5801 0.0162108 0.0300217 0.69061 0.00703799 0.72257
0.559445 0.604137 0.0139604 0.0302384 0.704298 0.00572535 0.709237
0.558528 0.620651 0.0130524 0.0295239 0.71346 0.00524782 0.700054
0.55798 0.635519 0.0132983 0.0303443 0.720467 0.00495547 0.692808
0.558983 0.643812 0.015706 0.0313208 0.725742 0.00396992 0.687242
0.553494 0.66317 0.0131485 0.0308621 0.737677 0.00425487 0.674434
0.548203 0.667548 0.0145227 0.0308102 0.742559 0.00393753 0.66906
0.547589 0.688903 0.0099815 0.03179 0.753684 0.00593372 0.656441
0.545776 0.704333 0.00682559 0.0312836 0.761716 0.00651158 0.647123
0.544801 0.712128 0.00938409 0.0316002 0.767346 0.00607059 0.640425
0.539966 0.723493 0.00767556 0.0314232 0.771253 0.00526609 0.63573
0.539875 0.737081 0.011255 0.0304583 0.778099 0.00410215 0.627389
0.535252 0.756316 0.00751246 0.0292654 0.787058 0.00527737 0.616162
0.528991 0.767977 0.00590383 0.0288988 0.79334 0.00578601 0.608065
0.524522 0.772753 0.00914218 0.0287068 0.798522 0.00516066 0.601259
0.521386 0.783373 0.00549088 0.0283485 0.804973 0.00534744 0.592609
0.515658 0.800755 0.0032074 0.0270287 0.814472 0.00673483 0.579534
0.509486 0.811624 0.00458473 0.0270323 0.821475 0.00686033 0.569562
0.505825 0.821816 0.00335827 0.0269553 0.826424 0.00714426 0.562358
0.502045 0.836215 -0.00109773 0.0269491 0.831776 0.00853899 0.554391
0.495482 0.852949 -0.00270894 0.0265857 0.841163 0.00879017 0.540056
0.489233 0.864257 -0.00368476 0.0273902 0.847401 0.00915729 0.530167
0.485032 0.872558 -0.0061329 0.0263925 0.850531 0.00941215 0.525178
0.474514 0.89667 -0.0111682 0.0254366 0.861244 0.0102929 0.50745
0.47078 0.905447 -0.00536803 0.026802 0.86718 0.00896418 0.497192
0.466533 0.910741 -0.00403124 0.0271127 0.8711 0.00876051 0.490279
0.455394 0.924104 0.00134432 0.0294549 0.877798 0.00839318 0.478051
0.451776 0.93212 0.00187957 0.0292403 0.881644 0.00867074 0.470929
0.438291 0.949996 0.0047007 0.0290806 0.889766 0.0076883 0.455425
0.432261 0.959716 0.00263905 0.0286836 0.892952 0.00798016 0.449166
0.427545 0.964604 0.00409985 0.028645 0.895925 0.00774623 0.443212
0.414465 0.980111 0.0015985 0.0279558 0.902348 0.00741192 0.430037
0.406347 0.98795 0.000195359 0.0277603 0.905218 0.00775049 0.423968
0.389187 1.00996 0.000350041 0.0284793 0.917206 0.00827588 0.397308
0.376459 1.02412 -0.000946325 0.0286682 0.923653 0.00917811 0.382046
0.370296 1.02829 0.000615686 0.0301016 0.927045 0.00916285 0.373627
0.363044 1.03476 -0.00151521 0.0297023 0.929564 0.0094684 0.36734
0.35875 1.03611 -0.000164343 0.0293264 0.931884 0.00920337 0.361452
0.34891 1.04624 -0.000948203 0.0289813 0.935838 0.00976788 0.351102
0.339526 1.05304 -0.000777377 0.0284561 0.938167 0.00972007 0.344876
0.32857 1.06236 -0.00110373 0.0291858 0.941625 0.0094225 0.335262
0.31942 1.06889 0.00194662 0.0294693 0.945643 0.00954698 0.323727
0.304248 1.07869 0.000598073 0.0293811 0.950771 0.00983934 0.308342
0.294312 1.08622 0.00284924 0.0285114 0.954672 0.01017 0.296116
0.248873 1.11888 -0.00190393 0.0268088 0.967234 0.00986618 0.252274
0.208692 1.14206 -0.00586943 0.026517 0.97586 0.0108759 0.216507
0.181223 1.1515 -0.0061792 0.0284688 0.981234 0.0109755 0.190391
0.115144 1.17197 -0.00907931 0.0293116 0.98899 0.0102429 0.144689
0.0870349 1.18103 -0.00723432 0.0302271 0.992405 0.00960304 0.118857
0.0557406 1.18766 -0.00347968 0.0308459 0.99525 0.0100401 0.0917929
0.0283185 1.19358 0.00255511 0.0308273 0.997355 0.00863925 0.0652585
-0.0203318 1.20248 0.000612364 0.0297098 0.999097 0.0104078 0.0285478
-0.0513948 1.20081 0.00104751 0.0312141 0.999456 0.0106039 0.000534679
-0.0670785 1.1991 0.000856904 0.0300646 0.999434 0.0113921 -0.00992562
-0.143711 1.19663 -0.00408473 0.0294353 0.997028 0.0132319 -0.0699592
-0.216833 1.17571 0.0120062 0.0298801 0.989645 0.00922505 -0.140086
-0.233216 1.16833 0.0165918 0.0293982 0.987898 0.00883147 -0.152039
-0.255671 1.15297 0.0184044 0.0311202 0.984784 0.00698176 -0.17083
-0.305041 1.12443 0.0183409 0.0316805 0.975516 0.00737954 -0.217508
