0 -6.93889e-17 -1.11022e-16 -8.02209e-18 2.08141e-17 1.05183e-17 1
-2.77556e-17 -8.32667e-17 -1.11022e-16 -9.7566e-18 2.16815e-17 1.05393e-17 1
-5.55112e-17 -1.38778e-16 -1.11022e-16 -1.6261e-17 3.55576e-17 1.40955e-17 1
-2.77556e-17 -1.52656e-16 -1.11022e-16 -1.83207e-17 3.9894e-17 2.10628e-17 1
-1.11022e-16 -1.52656e-16 -1.11022e-16 -1.65862e-17 3.81593e-17 2.10418e-17 1
-1.11022e-16 -1.38778e-16 -1.66533e-16 -2.99202e-17 3.72919e-17 3.15964e-17 1
-1.11022e-16 -1.38778e-16 -1.66533e-16 -3.29556e-17 3.6425e-17 2.81584e-17 1
-0.000612156 0.000737828 0.000355485 6.08483e-05 -0.000150029 -8.56591e-05 1
0.00175691 0.000708919 -0.0012972 -0.000892825 -1.97715e-05 0.000172657 1
0.0121099 0.00108473 -0.00166011 -0.000496732 0.00160375 -3.03908e-05 0.999999
0.0241439 0.00656021 -0.00764681 -0.00223296 0.0068343 -0.000611928 0.999974
0.0315866 0.00473657 -0.00677256 -0.00156328 0.0140179 -0.00010494 0.999901
0.040779 0.00852435 -0.00717325 -0.00131438 0.0202974 -0.000315859 0.999793
0.0522913 0.00930112 -0.00625506 -0.00117383 0.0304641 -0.000620471 0.999535
0.0626604 0.0067803 -0.00471545 -0.00028021 0.0393238 -8.79784e-05 0.999226
0.072874 0.00716787 -0.00595769 -0.000374017 0.0447411 0.000107479 0.998999
0.0811792 0.00653218 -0.00564189 -0.000146089 0.0513449 0.000424763 0.998681
0.0878308 0.00324233 -0.00240425 0.000607928 0.0588366 0.000620711 0.998267
0.0992001 0.00384555 -0.00345522 0.000816008 0.0661813 0.000517362 0.997807
0.104647 0.00690926 -0.00220722 0.000908561 0.0716236 -0.000521109 0.997431
0.118416 0.00995909 -0.00168148 0.00167875 0.0803225 -0.000476478 0.996767
0.123625 0.00923897 0.000746987 0.00247174 0.0866388 -0.000216853 0.996237
0.132621 0.0143292 0.00320833 0.00388169 0.0929638 -0.000354343 0.995662
0.142198 0.0168599 0.00511261 0.00468489 0.103094 0.000503508 0.99466
0.150904 0.0148451 0.00243667 0.00437936 0.111247 0.000769071 0.993783
0.156174 0.0113396 0.00710866 0.00537556 0.119478 0.00104521 0.992822
0.16348 0.0123153 0.00906138 0.00568817 0.127053 0.00134855 0.991879
0.171061 0.0152517 0.0107632 0.00680431 0.133391 0.00249712 0.991037
0.176216 0.0179618 0.0142323 0.00790141 0.139708 0.00162849 0.99016
0.185696 0.0236145 0.0117959 0.00806857 0.146709 0.00188902 0.989145
0.193485 0.0289497 0.0104269 0.00842855 0.152268 0.00147099 0.988302
0.203059 0.0325619 0.00695743 0.00837935 0.158232 0.00207616 0.987364
0.21289 0.0357832 0.00307799 0.00789521 0.164675 0.00212487 0.986314
0.219511 0.0384154 0.00433264 0.0080838 0.171899 0.00168981 0.98508
0.231385 0.0405072 0.00532248 0.00815297 0.181876 0.00104467 0.983287
0.239335 0.0448206 0.0039506 0.00820006 0.188485 0.000101799 0.982042
0.245612 0.0478351 0.00446914 0.0086398 0.196303 2.63665e-05 0.980505
0.251966 0.0501904 0.0069963 0.0103278 0.205734 0.000757072 0.978553
0.255344 0.0513117 0.0199846 0.0124469 0.213003 0.000966317 0.976972
0.262602 0.0549894 0.0192469 0.0121219 0.220205 0.00122963 0.975378
0.273049 0.0598194 0.0174121 0.0116618 0.226952 0.00139697 0.973835
0.280239 0.0665536 0.0166173 0.0120087 0.233911 0.000844356 0.972183
0.288413 0.0719845 0.0153582 0.0116635 0.2403 0.000217712 0.970628
0.297013 0.0787007 0.0139 0.012059 0.246008 -0.000352739 0.969193
0.304225 0.0841116 0.0138474 0.0116202 0.252668 -0.000412069 0.967483
0.308905 0.090308 0.0204021 0.0140864 0.262945 -0.00157202 0.964707
0.316162 0.0958179 0.019511 0.0135563 0.268753 -0.00159527 0.963112
0.32558 0.107331 0.0195548 0.0133802 0.274078 -0.00140795 0.961613
0.333579 0.109333 0.0213289 0.0134373 0.28101 -0.00114681 0.95961
0.341992 0.113083 0.0251238 0.0139919 0.287735 -0.0016729 0.957606
0.347746 0.117009 0.0254135 0.014508 0.294295 -0.00116703 0.955604
0.356248 0.125301 0.0216293 0.013576 0.300076 -0.00100115 0.953818
0.360781 0.137208 0.0173184 0.0127094 0.304824 -0.000219467 0.952324
0.366064 0.144221 0.0198455 0.0132209 0.310896 -0.000512233 0.950352
0.372695 0.156709 0.0131106 0.0124468 0.314694 2.37658e-05 0.949112
0.380299 0.164091 0.00869638 0.0111193 0.320758 0.000751088 0.947096
0.387133 0.176638 0.00599048 0.0104713 0.324876 0.000168331 0.945699
0.392777 0.184736 0.00803261 0.0114414 0.330202 -0.00093157 0.94384
0.399412 0.192152 0.007792 0.0109847 0.334845 -0.00188544 0.942207
0.405877 0.196111 0.00783931 0.0112374 0.340182 -0.0020111 0.94029
0.411198 0.204903 0.00516912 0.0110322 0.345011 -0.00226468 0.938531
0.420149 0.213546 0.00492213 0.0119275 0.351418 -0.00225315 0.93614
0.427164 0.221208 0.00545389 0.0123641 0.357252 -0.00131347 0.933925
0.432794 0.226926 0.00698317 0.012902 0.363681 -0.00106974 0.931433
0.439474 0.234936 0.00729277 0.0133678 0.369752 -0.00145651 0.929033
0.44237 0.243627 0.0049983 0.0133245 0.37566 -0.00128816 0.926661
0.448928 0.251856 0.00422248 0.0124014 0.380594 -0.0019254 0.924657
0.452035 0.256603 0.0054538 0.0130552 0.386143 -0.00135822 0.922345
0.460535 0.264647 0.00377894 0.0128822 0.392952 -0.000611756 0.919468
0.465429 0.272261 0.00340973 0.0137397 0.399761 0.000635878 0.916516
0.473269 0.284119 0.000487784 0.0140625 0.405061 0.00054856 0.914181
0.478409 0.291856 0.00147986 0.0146236 0.409833 0.000834093 0.912043
0.484847 0.297508 0.00148215 0.0147964 0.416228 0.00115384 0.909139
0.490592 0.30386 0.00342046 0.0154192 0.42174 0.00147736 0.906584
0.495486 0.313779 0.00461714 0.0155853 0.426098 0.000532806 0.904543
0.502315 0.322721 0.00502996 0.0165059 0.431596 0.00101148 0.901915
0.506976 0.332174 0.00321856 0.0168018 0.437997 0.00193286 0.898817
0.512447 0.339392 0.00307497 0.0168615 0.445176 0.00206884 0.895282
0.516566 0.34774 0.0024371 0.0167176 0.451038 0.00202272 0.892346
0.522736 0.356285 0.00152849 0.0168767 0.456678 0.00256195 0.889468
0.527523 0.363828 0.00269251 0.0166747 0.462438 0.00195773 0.886493
0.531853 0.373795 0.00123431 0.0166524 0.468384 0.00253185 0.883364
0.536544 0.383985 -0.00188638 0.0159942 0.474078 0.0027149 0.880334
0.538317 0.396385 -0.00132353 0.0161444 0.478575 0.00200535 0.877896
0.541978 0.40292 0.000599248 0.0164309 0.484212 0.000808558 0.874796
0.545926 0.410349 -0.00134899 0.0159465 0.490557 0.000910559 0.871262
0.552797 0.419126 3.62404e-06 0.0163361 0.496076 0.000436036 0.868125
0.555648 0.42653 0.000973408 0.01652 0.500544 0.00024978 0.865553
0.558044 0.436107 -0.00178035 0.0154177 0.504786 -0.000199466 0.863107
0.557824 0.441866 0.00186909 0.0158831 0.509369 -0.000845716 0.860401
0.562188 0.450696 0.00337596 0.0167386 0.515918 -0.000748539 0.856474
0.563404 0.458388 0.00159929 0.01647 0.521859 -0.000554052 0.852873
0.564406 0.466544 0.00514253 0.0171963 0.527555 -0.00110827 0.849346
0.567281 0.474849 0.00493592 0.0174527 0.53416 -0.000506885 0.845203
0.570484 0.4803 0.00272925 0.0178065 0.538259 0.000165614 0.842591
0.570988 0.489498 0.000811056 0.0175101 0.54254 -0.000171124 0.839847
0.576178 0.499813 -0.000941345 0.0175579 0.547732 0.000159284 0.836469
0.580423 0.508233 -0.00291726 0.0175345 0.553525 0.000400571 0.832648
0.58504 0.516005 -0.00240386 0.0185755 0.559435 -6.49037e-05 0.828666
0.581114 0.522363 0.00200533 0.0191124 0.56343 -0.000994247 0.825942
0.58154 0.528677 0.0051213 0.0206544 0.56814 -0.0022243 0.82267
0.585656 0.537537 0.00359512 0.020216 0.573617 -0.00267001 0.81887
0.587686 0.549348 0.00268587 0.0215165 0.578575 -0.00298723 0.81534
0.587315 0.549822 0.00957494 0.0229084 0.581003 -0.00417861 0.813568
0.58826 0.557578 0.00993714 0.0238307 0.58643 -0.00369383 0.809641
0.590027 0.56352 0.0075155 0.0239916 0.592796 -0.00317639 0.804989
0.5933 0.572812 0.00193231 0.0226654 0.598661 -0.00240918 0.800678
0.594051 0.581768 0.00396361 0.0236226 0.60437 -0.00259272 0.796349
0.594114 0.591433 0.00251943 0.0233963 0.609431 -0.00231838 0.792491
0.595453 0.599517 0.000341666 0.0234116 0.614544 -0.00156686 0.788534
0.597446 0.608452 0.0038656 0.0240082 0.620429 -0.00175732 0.783893
0.603581 0.616668 0.0060314 0.0261447 0.628193 -0.00191711 0.777616
0.606152 0.628555 0.000361243 0.0255279 0.63319 -0.00159627 0.773573
0.599885 0.63593 0.00176773 0.0250359 0.636507 -0.00230554 0.770861
0.598233 0.647899 -0.00220481 0.0240465 0.641088 -0.00187864 0.767088
0.597856 0.658595 0.00149913 0.0251049 0.646332 -0.0032609 0.762636
0.597098 0.670864 -0.00390413 0.0242979 0.650678 -0.00217393 0.758961
0.598278 0.680439 -0.00316364 0.0247518 0.655797 -0.00235038 0.754527
0.598516 0.693169 -0.0071202 0.0246645 0.665576 -0.00120159 0.745921
0.600776 0.705728 -0.00904218 0.0251939 0.672055 -0.000369519 0.740073
0.592385 0.716963 -0.00607795 0.0250415 0.6785 -0.000766873 0.734173
0.592503 0.726776 -0.00968823 0.0243888 0.683429 1.50806e-05 0.729609
0.590684 0.738729 -0.00954783 0.0240671 0.691133 0.00032979 0.722327
0.589687 0.749169 -0.0133704 0.0244075 0.696091 0.00107338 0.717538
0.589339 0.762307 -0.00990631 0.0246967 0.703465 -2.29046e-05 0.7103
0.588277 0.77198 -0.00992148 0.0248716 0.708503 -0.000102275 0.705269
0.587163 0.784246 -0.00687494 0.0255298 0.714447 5.4787e-06 0.699224
0.591461 0.793139 0.00253903 0.0265026 0.719484 -0.00172865 0.694001
0.588462 0.793455 0.00906686 0.0275864 0.723512 -0.00283766 0.689754
0.587106 0.802153 0.00737044 0.0261678 0.728049 -0.00317738 0.685019
0.584682 0.813113 0.00471121 0.0259511 0.732641 -0.00281838 0.680114
0.583699 0.816799 0.00529441 0.0259308 0.734767 -0.00284763 0.677818
0.58434 0.826602 0.00287735 0.0255775 0.739626 -0.00200823 0.672529
0.581046 0.833661 0.00188183 0.0258444 0.744367 -0.00185429 0.667267
0.578776 0.843608 -2.88445e-05 0.0250674 0.747175 -0.00126339 0.664153
0.577634 0.850217 -0.000203872 0.0248706 0.75142 -0.000802467 0.659355
0.57548 0.860671 0.00146782 0.0243997 0.755145 -0.00159349 0.655102
0.571543 0.868447 0.00369283 0.0242019 0.759177 -0.00280278 0.650428
0.564415 0.876594 0.0117078 0.0252389 0.761855 -0.00438385 0.647241
0.563007 0.882903 0.0129204 0.0249737 0.7656 -0.00539483 0.64281
0.563043 0.893385 0.0125433 0.0249174 0.769818 -0.00525399 0.637756
0.557419 0.902415 0.0112745 0.0245782 0.7734 -0.00574556 0.633415
0.553691 0.911815 0.0103344 0.0249791 0.777117 -0.00556958 0.628835
0.550055 0.920651 0.0075623 0.0254096 0.781207 -0.00439746 0.623739
0.544796 0.930379 0.0060495 0.0242009 0.785163 -0.00468156 0.618798
0.540037 0.940967 0.00270662 0.0236398 0.789307 -0.00399778 0.61353
0.536209 0.951814 0.000821217 0.0235845 0.793377 -0.00326539 0.608264
0.532723 0.95807 0.00490059 0.0250398 0.796637 -0.00373649 0.603927
0.527842 0.966941 0.00494872 0.0256723 0.800503 -0.00381392 0.598766
0.521138 0.971434 0.00602092 0.0270644 0.804094 -0.0036634 0.593874
0.521005 0.983011 0.00920956 0.0285059 0.808439 -0.00443951 0.587873
0.51193 0.989193 0.00570845 0.0276717 0.810779 -0.00459617 0.584679
0.510009 0.99791 0.0102096 0.0284943 0.814466 -0.00541873 0.579486
0.508623 1.0054 0.0139347 0.0291379 0.818457 -0.00632325 0.573794
0.50436 1.0132 0.0126665 0.0287639 0.82132 -0.00672006 0.569703
0.502677 1.02592 0.00630353 0.0287194 0.825286 -0.00553926 0.563957
0.495536 1.03942 -0.00155684 0.028098 0.829198 -0.00379937 0.558235
0.49038 1.04458 0.00498579 0.0291075 0.833633 -0.00505309 0.551528
0.4858 1.0559 0.000952462 0.0292954 0.837833 -0.00449931 0.545121
0.481939 1.05918 0.00058431 0.0294205 0.839136 -0.0042407 0.54311
0.476606 1.07425 -0.00162186 0.0297684 0.844849 -0.00373952 0.534162
0.472332 1.08025 -0.000405051 0.0296775 0.848183 -0.00407827 0.528856
0.46592 1.08941 -0.0027728 0.0294937 0.851942 -0.00366241 0.522792
0.461318 1.09906 0.000542718 0.0296077 0.855166 -0.00443321 0.517488
0.460065 1.1068 0.00459619 0.0304859 0.858923 -0.00525497 0.51117
0.454216 1.11285 0.00745248 0.0311912 0.862164 -0.00546611 0.505638
0.449457 1.12323 0.00439645 0.0315571 0.866436 -0.00488581 0.498265
0.447373 1.13364 0.00586076 0.0322927 0.869872 -0.00510347 0.492193
0.443407 1.14194 0.0035118 0.031977 0.872977 -0.0044629 0.486692
0.43776 1.15038 0.00183347 0.0319111 0.875948 -0.0036329 0.481336
0.431792 1.15741 0.00192639 0.0315711 0.878772 -0.00410676 0.476178
0.426186 1.16166 0.00325557 0.0327087 0.881982 -0.00409471 0.470128
0.416333 1.16932 0.003684 0.0328425 0.884774 -0.00387812 0.464845
0.417964 1.18382 0.00427854 0.0326479 0.889042 -0.00340971 0.456648
0.410867 1.18967 0.000291643 0.0323247 0.892022 -0.00202787 0.450831
0.402729 1.19741 -0.00487519 0.0321606 0.894302 -0.00118252 0.446306
0.397591 1.20554 -0.00659306 0.031978 0.897404 -0.000623604 0.44005
0.390986 1.21164 -0.00603205 0.030957 0.899939 -0.000779413 0.434914
0.382488 1.21996 -0.00754994 0.0309183 0.90284 -0.000991564 0.428861
0.379466 1.2277 -0.006993 0.0306725 0.905706 -0.000550646 0.422796
0.373361 1.23423 -0.0035478 0.031187 0.908249 -0.00126615 0.417265
0.364493 1.2406 -0.000619571 0.0303808 0.910684 -0.00211354 0.411979
0.360444 1.2476 -0.00514465 0.0303154 0.91415 -0.00168166 0.404239
0.349241 1.25562 -0.00731771 0.0309064 0.916759 -0.00115105 0.398241
0.341035 1.26354 -0.00996116 0.0304867 0.91992 -0.000440969 0.390919
0.331181 1.26689 -0.0124441 0.0295252 0.922519 4.43738e-05 0.38482
0.321031 1.27562 -0.0139062 0.029195 0.926863 0.000559853 0.374261
0.309144 1.28075 -0.0165501 0.0287173 0.929113 0.00124424 0.368677
0.297061 1.28647 -0.0229361 0.0290444 0.931494 0.0025814 0.362587
0.287019 1.29602 -0.0257659 0.0294772 0.934318 0.00376672 0.355201
0.28202 1.29915 -0.0171734 0.0313187 0.937037 0.00118486 0.347821
0.271518 1.30351 -0.0226838 0.0322091 0.939025 0.00173354 0.342333
0.267638 1.30709 -0.0198029 0.0319657 0.941324 0.00126447 0.335984
0.259709 1.30961 -0.0189884 0.0318355 0.943415 0.00116972 0.330082
0.256873 1.31361 -0.016313 0.0315136 0.945487 0.000541604 0.32413
0.251685 1.3179 -0.0149684 0.0327907 0.9476 0.000317863 0.317771
0.246196 1.32245 -0.0160114 0.0328645 0.949986 0.000640511 0.310557
0.237234 1.32597 -0.0162367 0.0328769 0.952376 0.000420945 0.303147
0.228174 1.32593 -0.0126858 0.033571 0.954357 -0.00055074 0.296774
0.220231 1.33102 -0.0133259 0.0352235 0.956409 -0.000593064 0.289897
0.216903 1.33598 -0.0125678 0.0367059 0.958612 -0.000249147 0.28234
0.209989 1.34344 -0.0156704 0.0365162 0.960361 0.000372387 0.276356
0.202056 1.34957 -0.0179989 0.0374334 0.962328 0.0011178 0.269299
0.194172 1.35267 -0.0174701 0.0366273 0.963814 0.000686914 0.264047
0.186167 1.35529 -0.0176829 0.0356223 0.965222 0.000225164 0.258993
0.183235 1.35973 -0.0106391 0.0362334 0.966883 -0.00142344 0.25263
0.175937 1.36157 -0.00841362 0.0361844 0.968446 -0.00259961 0.246568
0.16524 1.36498 -0.00793121 0.0367402 0.969569 -0.00249907 0.242035
0.156799 1.36868 -0.00886749 0.0364847 0.970757 -0.00237139 0.237264
0.149714 1.36918 -0.00611777 0.0362371 0.971962 -0.00308495 0.232307
0.139024 1.37214 -0.00749398 0.0357763 0.973405 -0.00353142 0.226255
0.126128 1.37539 -0.00917333 0.0358175 0.974695 -0.00248273 0.220635
0.116952 1.38087 -0.0110808 0.0358869 0.976208 -0.00196177 0.213835
0.110508 1.38448 -0.00790035 0.036505 0.977767 -0.00209108 0.206483
0.100468 1.38984 -0.00573221 0.0370758 0.979191 -0.00282512 0.199506
0.0921218 1.39123 -0.0032684 0.0380827 0.980197 -0.00359669 0.194294
0.0847441 1.39235 -0.00281194 0.0381191 0.981342 -0.00357838 0.188421
0.0739765 1.39456 -0.00462908 0.036402 0.9823 -0.00370187 0.183708
0.0632736 1.39828 -0.00874721 0.0360524 0.983429 -0.00267356 0.177653
0.0574035 1.39745 -0.0122969 0.0359278 0.983811 -0.00179769 0.17556
0.0425224 1.39922 -0.0127918 0.0366271 0.985194 -0.0018392 0.167478
0.0318865 1.4014 -0.0137669 0.0360218 0.986068 -0.00143698 0.162391
0.024182 1.40844 -0.0165214 0.0362151 0.987258 -0.000762053 0.154953
0.0144496 1.41205 -0.0170168 0.036568 0.988264 -0.000158013 0.148311
0.00269913 1.41172 -0.0185867 0.0360812 0.989197 0.000416135 0.14208
-0.0118632 1.41891 -0.0213739 0.0348259 0.990177 0.00148656 0.135406
-0.0153443 1.41743 -0.0170509 0.0344752 0.990602 0.000745752 0.132362
-0.0299219 1.42181 -0.0216563 0.0343291 0.991904 0.00268311 0.122229
-0.030986 1.42144 -0.0193959 0.0347096 0.99229 0.00222282 0.118959
-0.0371974 1.42055 -0.0124816 0.0346838 0.992931 0.00091371 0.113512
-0.0471184 1.42303 -0.0142766 0.0338945 0.993758 0.00160731 0.106267
-0.0595841 1.42572 -0.0182124 0.0339618 0.994539 0.00211517 0.0986581
-0.0650112 1.42851 -0.0163046 0.0342535 0.995146 0.00164759 0.0922452
-0.0715714 1.43113 -0.015778 0.0347872 0.995707 0.00155319 0.0857644
-0.0794812 1.43573 -0.0182912 0.035195 0.99632 0.00226331 0.0781233
-0.0874855 1.43593 -0.0168465 0.034942 0.996803 0.00196674 0.0718241
-0.0954811 1.43927 -0.0172993 0.0354988 0.99724 0.00277849 0.0651482
-0.100751 1.44009 -0.0128903 0.0354835 0.997646 0.00153806 0.0586657
-0.108267 1.44051 -0.0132731 0.0350753 0.998077 0.0018253 0.0510828
-0.121821 1.43959 -0.0161043 0.0354862 0.998416 0.00215053 0.0436182
-0.131871 1.43676 -0.0156714 0.0357409 0.998642 0.00184991 0.0378502
-0.139335 1.43045 -0.0154491 0.0346432 0.998827 0.00212739 0.0337573
-0.147286 1.43217 -0.0165769 0.0344046 0.999028 0.00265211 0.0274389
-0.157544 1.43309 -0.0173333 0.0342219 0.999206 0.00306823 0.0201709
-0.167142 1.4333 -0.020632 0.0348712 0.999298 0.00406833 0.0131101
-0.176159 1.43493 -0.0270175 0.0356572 0.999306 0.00553278 0.00922708
-0.177649 1.43827 -0.0281075 0.0352433 0.999363 0.00520812 0.00191597
-0.185451 1.43773 -0.0261995 0.0356132 0.999346 0.00461441 -0.00424521
-0.196101 1.43684 -0.0236075 0.0358936 0.999292 0.00361538 -0.0107021
-0.20584 1.43666 -0.0241234 0.0367875 0.999185 0.00339293 -0.0162531
-0.2175 1.43848 -0.0253442 0.0370977 0.999042 0.0038422 -0.0228925
-0.224823 1.44086 -0.0253955 0.0369207 0.998955 0.00422162 -0.0266068
-0.235668 1.43761 -0.0268051 0.0365796 0.998786 0.00496034 -0.0326251
-0.246489 1.43178 -0.026408 0.0354791 0.998632 0.00497652 -0.0380826
-0.258089 1.43168 -0.0264956 0.0363936 0.998282 0.00502515 -0.0456532
-0.264778 1.43051 -0.0260909 0.03587 0.997936 0.00535257 -0.0529893
-0.271485 1.42525 -0.0242928 0.0357963 0.997546 0.00486421 -0.0599663
-0.283783 1.42452 -0.023532 0.0361267 0.997149 0.00453676 -0.0660848
-0.288675 1.42555 -0.0237666 0.0355895 0.996905 0.00493396 -0.0699262
-0.291561 1.42776 -0.0174248 0.0354312 0.996384 0.00354998 -0.07714
-0.296868 1.4249 -0.0112702 0.0352772 0.995949 0.00121277 -0.0826992
-0.305741 1.42262 -0.00922482 0.0348487 0.99532 0.000802864 -0.0901323
-0.310192 1.42261 -0.00960642 0.0348775 0.99499 0.00119116 -0.0936807
-0.316529 1.41591 -0.00539752 0.0336894 0.994596 -0.00032229 -0.0982029
-0.324141 1.41285 -0.00391348 0.0339445 0.993983 -0.000701426 -0.104139
-0.330972 1.40998 0.00131532 0.0328002 0.993307 -0.00259355 -0.110721
-0.336086 1.39936 0.00206187 0.0338119 0.992787 -0.00309919 -0.114982
-0.343224 1.39484 0.00228686 0.0346423 0.991945 -0.0034258 -0.121789
-0.347531 1.39439 -0.00192654 0.0351455 0.991412 -0.00177438 -0.125956
-0.356305 1.39572 0.000719622 0.0347321 0.990336 -0.00217588 -0.134249
-0.361692 1.38943 0.00113722 0.0345778 0.989534 -0.00176083 -0.140083
-0.365745 1.38798 0.000477399 0.0345075 0.989087 -0.00132142 -0.143229
-0.375501 1.38583 -0.00360782 0.033806 0.988063 -7.34265e-05 -0.150296
-0.383389 1.38403 -0.0023367 0.0342482 0.986892 -0.000310943 -0.157704
-0.387975 1.3783 -0.00375481 0.0342049 0.985866 -0.000131274 -0.164009
-0.392725 1.37662 -0.00486146 0.0343016 0.985199 -0.000107266 -0.167945
-0.400227 1.37242 -0.00352851 0.0341004 0.984101 -0.000951525 -0.174303
-0.406828 1.36729 0.000829573 0.0349186 0.983124 -0.00288754 -0.179553
-0.41053 1.36543 0.00116284 0.0348286 0.982543 -0.00300735 -0.182722
-0.419046 1.3616 -0.00088691 0.0341032 0.981325 -0.00158135 -0.189304
-0.428943 1.35759 0.000540345 0.0348522 0.979997 -0.00243391 -0.195921
-0.433883 1.35544 -0.00279912 0.0352632 0.979327 -0.00105228 -0.199183
-0.442006 1.35125 -0.00150223 0.0352058 0.978123 -0.00117554 -0.205022
-0.449629 1.34827 -0.000191953 0.034585 0.976496 -0.000999288 -0.212741
-0.453698 1.34479 -0.00353726 0.0344648 0.975738 -0.000149972 -0.216212
-0.457468 1.34014 -0.00427163 0.0347122 0.973896 -0.000122135 -0.224326
-0.461236 1.3349 -0.00558507 0.034579 0.972749 0.000794876 -0.229265
-0.467242 1.33036 -0.00667822 0.0347962 0.971372 0.00134786 -0.234996
-0.4734 1.32739 -0.00658337 0.0348773 0.970543 0.00142613 -0.238385
-0.481073 1.32044 -0.00581302 0.0351688 0.969121 0.0011824 -0.244063
-0.496689 1.3166 -0.00294489 0.0363204 0.967192 -0.000145893 -0.251437
-0.499622 1.31334 -0.00405587 0.0359892 0.966603 0.000320387 -0.253739
-0.507886 1.30669 -0.00642759 0.03513 0.965284 0.000835279 -0.258827
-0.5122 1.30076 -0.00527087 0.0350773 0.964002 0.000708729 -0.26357
-0.514036 1.29956 -0.00597276 0.0350863 0.963151 0.000824869 -0.266663
-0.526032 1.29345 -0.00528555 0.0362401 0.961166 -0.00015093 -0.273582
-0.529978 1.28813 -0.00412444 0.0365294 0.959964 -0.000619447 -0.277732
-0.538017 1.28483 -0.00919425 0.0374667 0.958985 0.000841725 -0.280968
-0.543773 1.28078 -0.00651954 0.0366119 0.957509 0.000914324 -0.28607
-0.551194 1.27621 -0.00664666 0.0366761 0.955514 0.0009988 -0.292655
-0.552296 1.27605 -0.00395386 0.0361758 0.954562 0.000677448 -0.295809
-0.560275 1.26735 -0.00725434 0.0368577 0.952743 0.00127171 -0.30153
-0.56465 1.26573 -0.00274084 0.0362865 0.950663 0.000696572 -0.308094
-0.563675 1.26372 0.000735068 0.0360817 0.949774 9.49414e-05 -0.310851
-0.568833 1.26097 -0.000699357 0.035723 0.947634 0.00109318 -0.317351
-0.577187 1.25549 0.000223806 0.035429 0.945633 0.000872208 -0.323299
-0.578961 1.2511 0.00264439 0.0351166 0.943821 0.000657059 -0.328584
-0.588237 1.24697 0.00106433 0.0355571 0.942646 0.00065548 -0.331894
-0.592547 1.2429 0.00359493 0.034411 0.940567 0.000300192 -0.337862
-0.593453 1.23993 0.00721379 0.0341427 0.938603 -0.000279441 -0.343305
-0.601884 1.23405 0.00682427 0.0347393 0.93639 -0.000527967 -0.349237
-0.599964 1.23203 0.0107868 0.0345892 0.93564 -0.0012267 -0.351255
-0.609412 1.22561 0.0100772 0.0351146 0.933271 -0.000962269 -0.357452
-0.617785 1.21452 0.00942231 0.034772 0.930837 -0.000584072 -0.363776
-0.61248 1.21255 0.0174657 0.0352456 0.928838 -0.00185032 -0.368802
-0.611611 1.21092 0.0198326 0.0350348 0.927731 -0.00220146 -0.371594
-0.615321 1.20809 0.0229146 0.0347214 0.925173 -0.0025315 -0.377946
-0.622416 1.20089 0.024777 0.0349657 0.922543 -0.00298141 -0.384295
-0.623298 1.19968 0.0278261 0.035306 0.919645 -0.00376267 -0.391142
-0.62736 1.19426 0.0272833 0.0359596 0.918523 -0.00354981 -0.393712
-0.633733 1.18537 0.0251609 0.0367826 0.915994 -0.00342485 -0.399487
-0.641583 1.17835 0.0229723 0.0370848 0.912931 -0.00236339 -0.406419
-0.644279 1.17294 0.0260199 0.036603 0.91008 -0.00288144 -0.412804
-0.648217 1.16661 0.0239972 0.0358709 0.907393 -0.00273511 -0.418741
-0.650469 1.16461 0.0233732 0.0359138 0.906213 -0.00264803 -0.421284
-0.657112 1.15817 0.0236272 0.0359538 0.903515 -0.00267121 -0.427038
-0.668865 1.15029 0.0228297 0.0359302 0.900501 -0.00238166 -0.433361
-0.673542 1.1431 0.0197303 0.0366639 0.897965 -0.00208357 -0.438531
-0.677638 1.13495 0.0206696 0.0367553 0.895417 -0.00220264 -0.443704
-0.684514 1.12531 0.020879 0.0374108 0.892567 -0.00284031 -0.449352
-0.676602 1.11825 0.0153018 0.0382354 0.891648 -0.00235674 -0.451105
-0.678748 1.11267 0.0164825 0.037899 0.88838 -0.00221364 -0.457538
-0.690107 1.10113 0.0159689 0.0386565 0.88446 -0.00242873 -0.465005
-0.695607 1.0935 0.0157017 0.0396853 0.881385 -0.0036505 -0.470716
-0.703343 1.08568 0.00957603 0.0399905 0.877958 -0.00241442 -0.477059
-0.70556 1.07943 0.00892241 0.0398158 0.875139 -0.00198886 -0.482226
-0.712553 1.06994 0.00758605 0.0406047 0.871455 -0.0023486 -0.488787
-0.713799 1.06742 0.00903158 0.0397465 0.869972 -0.00193797 -0.491493
-0.707399 1.06242 0.0157643 0.0383747 0.86775 -0.00283581 -0.495509
-0.713509 1.05225 0.0143094 -0.0385634 -0.864259 0.00283176 0.501558
-0.715554 1.04317 0.0158262 -0.0380536 -0.860664 0.0033864 0.507738
-0.722309 1.03836 0.012801 -0.0380668 -0.857179 0.00343413 0.513599
-0.727473 1.0269 0.0111977 -0.0382716 -0.854344 0.00345803 0.518285
-0.729575 1.01353 0.00751352 -0.0380126 -0.847378 0.00304217 0.529618
-0.733155 1.00427 0.00706564 -0.0372027 -0.843652 0.00196992 0.535596
-0.732384 0.989187 0.0067675 -0.0371889 -0.838663 0.00177929 0.543376
-0.73222 0.981202 0.00804906 -0.0374031 -0.834879 0.00121137 0.549161
-0.7356 0.969875 0.00818155 -0.0375988 -0.830559 0.00262503 0.555654
-0.741642 0.950609 0.00938029 -0.0373994 -0.82374 0.00347397 0.565722
-0.747612 0.940819 0.0084683 -0.0371994 -0.819403 0.0031152 0.572
-0.753869 0.919631 0.00591761 -0.0376265 -0.811888 0.00275059 0.582593
-0.758359 0.905893 0.00484689 -0.0373102 -0.80855 0.00231253 0.587239
-0.761467 0.90094 0.0105767 -0.036355 -0.802557 0.00280638 0.595461
-0.764347 0.890763 0.00918568 -0.0370905 -0.798322 0.00252101 0.601083
-0.767479 0.879498 0.0123487 -0.0367174 -0.789193 0.00353448 0.613037
-0.770098 0.874678 0.0148252 -0.036377 -0.784184 0.0026736 0.619455
-0.77331 0.865258 0.0147902 -0.0368283 -0.779267 0.00262286 0.625603
-0.778445 0.854131 0.0144996 -0.0363652 -0.767152 0.00168379 0.640431
-0.789081 0.818713 0.0107053 -0.0359634 -0.748795 0.00142478 0.661824
-0.791458 0.801436 0.00749629 -0.0370725 -0.743387 -9.3691e-05 0.667834
-0.791882 0.791234 0.00541021 -0.0374574 -0.738926 -0.00107913 0.672744
-0.790886 0.782372 0.00518152 -0.0376222 -0.734308 -0.00114999 0.677772
-0.79094 0.772211 0.00412365 -0.0381908 -0.729242 -0.00178115 0.683187
-0.791187 0.764024 0.00901948 -0.0372562 -0.72375 -0.000758425 0.689055
-0.789631 0.754326 0.00948683 -0.0379908 -0.71975 -0.000167508 0.693193
-0.789115 0.740337 0.0153612 -0.036659 -0.711647 -0.000902831 0.70158
-0.784095 0.729456 0.0162353 -0.036293 -0.708642 -0.00196756 0.704632
-0.782787 0.720232 0.0183335 -0.0352545 -0.704746 -0.00151111 0.708582
-0.783491 0.715876 0.022348 -0.0341134 -0.700442 -0.000949659 0.712893
-0.778086 0.702663 0.0226971 -0.0342453 -0.694546 -0.000328673 0.718633
-0.774685 0.696538 0.0267387 -0.0334996 -0.690982 0.000487218 0.722096
-0.774486 0.690359 0.0294497 -0.0325914 -0.687133 0.000870248 0.7258
-0.770121 0.683429 0.0292609 -0.0325226 -0.683739 0.000353973 0.729001
-0.770058 0.671453 0.0285681 -0.033175 -0.677999 0.000185251 0.734314
-0.764326 0.665225 0.0284469 -0.0326234 -0.674643 -0.00102781 0.737422
-0.76413 0.657549 0.0301415 -0.0320839 -0.669666 -0.00078205 0.741968
-0.762171 0.647248 0.0300341 -0.0325553 -0.664641 -0.0009932 0.746452
-0.759875 0.639724 0.0324814 -0.0318586 -0.659472 -0.000787548 0.751053
-0.753281 0.631023 0.031327 -0.031048 -0.655421 -0.00323432 0.754619
-0.747531 0.618096 0.0396409 -0.0290482 -0.647051 -0.00231191 0.76189
-0.745513 0.609755 0.0385242 -0.029384 -0.641846 -0.0022331 0.766267
-0.740122 0.594373 0.0346287 -0.0303088 -0.633178 -0.00393434 0.773402
-0.736639 0.583821 0.0351063 -0.029539 -0.629303 -0.00485321 0.776583
-0.734323 0.566706 0.0378945 -0.0286529 -0.617592 -0.00510308 0.78596
-0.730918 0.558554 0.0379517 -0.0287329 -0.612355 -0.00519484 0.790044
-0.727092 0.5473 0.036467 -0.0293205 -0.606846 -0.00532396 0.79426
-0.727179 0.540132 0.038094 -0.0289186 -0.600612 -0.00545262 0.798999
-0.727204 0.532938 0.0390594 -0.0288108 -0.59483 -0.0054657 0.803316
-0.722499 0.524318 0.0395417 -0.0289778 -0.589818 -0.00445416 0.807004
-0.721358 0.516203 0.0418826 -0.0288784 -0.583469 -0.00431703 0.81161
-0.714663 0.506311 0.0393165 -0.0292044 -0.578458 -0.00520043 0.815173
-0.71277 0.499118 0.0455603 -0.0274624 -0.572338 -0.00405668 0.819548
-0.707084 0.485689 0.0391072 -0.0292191 -0.567388 -0.00343877 0.822925
-0.703762 0.480698 0.0431888 -0.0283869 -0.562914 -0.00331975 0.826021
-0.700008 0.483783 0.0512521 -0.0269822 -0.558818 -0.00175929 0.82885
-0.696824 0.476058 0.0524179 -0.0264439 -0.553201 -0.00166024 0.832626
-0.692157 0.465791 0.0496784 -0.0273474 -0.547591 -0.00226227 0.836296
-0.682659 0.45538 0.0430345 -0.0294952 -0.541766 -0.00277497 0.840007
-0.678175 0.446187 0.0437312 -0.0295572 -0.534931 -0.0034951 0.844372
-0.671752 0.442553 0.0454216 -0.0290348 -0.528391 -0.00346143 0.848498
-0.66901 0.436909 0.0455179 -0.0291835 -0.522478 -0.00312006 0.852147
-0.664786 0.428637 0.0450106 -0.0293608 -0.517056 -0.00363019 0.85544
-0.661592 0.425438 0.0490022 -0.0280297 -0.51186 -0.00428182 0.858601
-0.657474 0.414727 0.0487267 -0.0278236 -0.504923 -0.00542614 0.862699
-0.64961 0.401006 0.0475247 -0.0270141 -0.497172 -0.00753708 0.867199
-0.646423 0.397744 0.0514166 -0.0263211 -0.491465 -0.00704863 0.870471
-0.643695 0.394642 0.0546316 -0.0256453 -0.485117 -0.00675302 0.874047
-0.636462 0.389377 0.0557995 -0.0248208 -0.479868 -0.00597437 0.876969
-0.629165 0.381937 0.05477 -0.0245368 -0.475471 -0.00611886 0.879368
-0.624662 0.37676 0.0593991 -0.02321 -0.470317 -0.00578217 0.882173
-0.617652 0.366289 0.0585146 -0.0234527 -0.464128 -0.00557306 0.88544
-0.611637 0.364748 0.0618884 -0.0229799 -0.458146 -0.00460481 0.888568
-0.602891 0.358476 0.0600932 -0.0232424 -0.452002 -0.00412034 0.891704
-0.599779 0.350874 0.0619168 -0.0228695 -0.444063 -0.00409057 0.895694
-0.59535 0.341581 0.0622807 -0.0230643 -0.436414 -0.00352829 0.899443
-0.584207 0.333914 0.062198 -0.0222547 -0.427894 -0.00419874 0.903545
-0.582489 0.325809 0.0655975 -0.0216229 -0.420943 -0.00202352 0.906827
-0.575904 0.320327 0.0648591 -0.0211886 -0.415596 -0.00315124 0.909297
-0.570028 0.315928 0.0648799 -0.020855 -0.409114 -0.00369279 0.912238
-0.559538 0.31105 0.0644514 -0.0207044 -0.404399 -0.00465444 0.914336
-0.552949 0.307214 0.064364 -0.0205444 -0.39889 -0.00434953 0.916758
-0.544743 0.300287 0.0636392 -0.0202197 -0.393119 -0.00602955 0.919246
-0.536379 0.291241 0.0626835 -0.0201752 -0.384816 -0.00586746 0.922754
-0.526691 0.284012 0.062605 -0.0206052 -0.374131 -0.00582022 0.927129
-0.520639 0.276478 0.0636385 -0.0203671 -0.366855 -0.00547306 0.930039
-0.515553 0.270688 0.0646965 -0.0199681 -0.36032 -0.00564369 0.932598
-0.508458 0.265251 0.0652731 -0.0197164 -0.353269 -0.00556013 0.935297
-0.50093 0.260037 0.0670598 -0.0193918 -0.347623 -0.00573489 0.937416
-0.49426 0.255946 0.0677094 -0.0191008 -0.341373 -0.00551532 0.939718
-0.482838 0.246884 0.0663772 -0.0195666 -0.334947 -0.00474951 0.942022
-0.477533 0.244401 0.0671307 -0.0184648 -0.328806 -0.00514992 0.944203
-0.469037 0.237922 0.0673682 -0.0181151 -0.323418 -0.00477314 0.946071
-0.462581 0.233574 0.0688422 -0.0178306 -0.318302 -0.00426562 0.947812
-0.454269 0.229305 0.0685358 -0.0178075 -0.313998 -0.00491776 0.949244
-0.44314 0.224389 0.0682492 -0.017457 -0.309692 -0.00610819 0.950657
-0.437246 0.223681 0.070338 -0.017017 -0.304914 -0.00587005 0.95221
-0.426669 0.216983 0.0672181 -0.0173453 -0.299549 -0.00653283 0.953901
-0.414705 0.214222 0.0628232 -0.0180373 -0.293198 -0.00595213 0.955863
-0.402631 0.209229 0.0623512 -0.0177499 -0.283456 -0.00567016 0.958804
-0.394676 0.203409 0.0650663 -0.0175663 -0.277723 -0.00422539 0.960491
-0.385771 0.200625 0.0649527 -0.0175144 -0.272661 -0.00436379 0.961941
-0.382774 0.19629 0.0648702 -0.0179981 -0.266405 -0.00480031 0.963681
-0.37347 0.194339 0.0648714 -0.0178006 -0.260868 -0.00483225 0.965198
-0.366293 0.194045 0.0672989 -0.0172935 -0.256088 -0.00477524 0.966487
-0.360002 0.190604 0.0694455 -0.0167581 -0.250252 -0.00544109 0.96802
-0.353329 0.193344 0.0715283 -0.016199 -0.244472 -0.00539692 0.969506
-0.34507 0.190556 0.0750082 -0.0153683 -0.2383 -0.00376888 0.971063
-0.338705 0.186347 0.0762851 -0.0149901 -0.232969 -0.00363924 0.972362
-0.332718 0.182584 0.0777148 -0.0146792 -0.227635 -0.00420279 0.973627
-0.321773 0.179525 0.0776642 -0.0146745 -0.222602 -0.00466695 0.974788
-0.312334 0.176784 0.0767354 -0.0145982 -0.215332 -0.00478973 0.97642
-0.302412 0.178776 0.0796832 -0.0141499 -0.210001 -0.00483289 0.977587
-0.293943 0.175918 0.0791878 -0.0143429 -0.203108 -0.00426229 0.979042
-0.287241 0.174986 0.0822079 -0.0137129 -0.196676 -0.00463388 0.980362
-0.278264 0.172476 0.0817331 -0.0129718 -0.190108 -0.00461274 0.981667
-0.26861 0.170764 0.0866085 -0.0120469 -0.183902 -0.00367645 0.982864
-0.255059 0.165214 0.0855651 -0.0120156 -0.174642 -0.00446605 0.984549
-0.245621 0.170489 0.0845093 -0.0120262 -0.169411 -0.005093 0.985459
-0.234923 0.166884 0.0841058 -0.0124566 -0.163432 -0.00484172 0.986464
-0.22489 0.165242 0.0819764 -0.0125742 -0.157583 -0.00465562 0.987415
-0.214917 0.163469 0.082145 -0.0124369 -0.152299 -0.00449651 0.988246
-0.203771 0.160905 0.0821059 -0.0121251 -0.145619 -0.00431159 0.989257
-0.193209 0.160045 0.0816799 -0.0120892 -0.139701 -0.00479201 0.990108
-0.183416 0.154443 0.083173 -0.0116028 -0.131849 -0.00341774 0.991196
-0.176846 0.153575 0.0814589 -0.0122523 -0.124959 -0.00273274 0.992083
-0.168221 0.151613 0.0814993 -0.0124094 -0.11744 -0.00227805 0.993
-0.161064 0.151764 0.0816738 -0.0122862 -0.111543 -0.00237497 0.993681
-0.149998 0.151844 0.0801397 -0.0125653 -0.1058 -0.00286771 0.994304
-0.139649 0.149526 0.0792478 -0.0130763 -0.098806 -0.00222035 0.995018
-0.130012 0.147723 0.0794829 -0.0132593 -0.0913359 -0.00155768 0.995731
-0.111458 0.148098 0.0755651 -0.0134266 -0.082199 -0.00157947 0.996524
-0.109364 0.149081 0.0777749 -0.0129438 -0.0770314 -0.00190018 0.996943
-0.101003 0.148791 0.0782856 -0.0128592 -0.070989 -0.00201045 0.997392
-0.0899478 0.145814 0.0802018 -0.011909 -0.0629425 -0.000722663 0.997946
-0.0829823 0.143802 0.0826753 -0.0115394 -0.0572014 -0.00059984 0.998296
-0.0699994 0.144769 0.0847638 -0.0109459 -0.0481452 -0.000656289 0.99878
-0.0631934 0.144416 0.0852067 -0.0107442 -0.0400603 -0.00101186 0.999139
-0.0551662 0.147214 0.0851442 -0.00900701 -0.0356002 -0.000515808 0.999325
-0.0586318 0.147992 0.0870066 -0.0105816 -0.0360089 -0.000887251 0.999295
-0.0603944 0.15206 0.0881938 -0.0103408 -0.0365822 -0.000616875 0.999277
-0.0603944 0.15206 0.0881938 -0.0103408 -0.0365822 -0.000616875 0.999277
-0.0603944 0.15206 0.0881938 -0.0103408 -0.0365822 -0.000616875 0.999277
-0.0603944 0.15206 0.0881938 -0.0103408 -0.0365822 -0.000616875 0.999277
-0.0603944 0.15206 0.0881938 -0.0103408 -0.0365822 -0.000616875 0.999277
-0.0603944 0.15206 0.0881938 -0.0103408 -0.0365822 -0.000616875 0.999277
-0.0603944 0.15206 0.0881938 -0.0103408 -0.0365822 -0.000616875 0.999277
-0.0603944 0.15206 0.0881938 -0.0103408 -0.0365822 -0.000616875 0.999277
-0.0603944 0.15206 0.0881938 -0.0103408 -0.0365822 -0.000616875 0.999277
-0.0603944 0.15206 0.0881938 -0.0103408 -0.0365822 -0.000616875 0.999277
-0.0603944 0.15206 0.0881938 -0.0103408 -0.0365822 -0.000616875 0.999277
-0.0603944 0.15206 0.0881938 -0.0103408 -0.0365822 -0.000616875 0.999277
-0.0603944 0.15206 0.0881938 -0.0103408 -0.0365822 -0.000616875 0.999277
-0.0603944 0.15206 0.0881938 -0.0103408 -0.0365822 -0.000616875 0.999277
-0.0603944 0.15206 0.0881938 -0.0103408 -0.0365822 -0.000616875 0.999277
-0.0603944 0.15206 0.0881938 -0.0103408 -0.0365822 -0.000616875 0.999277
-0.0603944 0.15206 0.0881938 -0.0103408 -0.0365822 -0.000616875 0.999277
-0.0603944 0.15206 0.0881938 -0.0103408 -0.0365822 -0.000616875 0.999277
-0.0600942 0.151956 0.0880073 -0.0103757 -0.0365633 -0.000604972 0.999277
-0.0600942 0.151956 0.0880073 -0.0103757 -0.0365633 -0.000604972 0.999277
-0.0600942 0.151956 0.0880073 -0.0103757 -0.0365633 -0.000604972 0.999277
-0.0604077 0.152451 0.0882015 -0.0103382 -0.0366509 -0.000627955 0.999274
-0.0604077 0.152451 0.0882015 -0.0103382 -0.0366509 -0.000627955 0.999274
-0.0604077 0.152451 0.0882015 -0.0103382 -0.0366509 -0.000627955 0.999274
-0.0604077 0.152451 0.0882015 -0.0103382 -0.0366509 -0.000627955 0.999274
-0.0604077 0.152451 0.0882015 -0.0103382 -0.0366509 -0.000627955 0.999274
-0.0604077 0.152451 0.0882015 -0.0103382 -0.0366509 -0.000627955 0.999274
-0.0604077 0.152451 0.0882015 -0.0103382 -0.0366509 -0.000627955 0.999274
-0.0604077 0.152451 0.0882015 -0.0103382 -0.0366509 -0.000627955 0.999274
-0.0604077 0.152451 0.0882015 -0.0103382 -0.0366509 -0.000627955 0.999274
-0.0604077 0.152451 0.0882015 -0.0103382 -0.0366509 -0.000627955 0.999274
-0.0604077 0.152451 0.0882015 -0.0103382 -0.0366509 -0.000627955 0.999274
-0.0604077 0.152451 0.0882015 -0.0103382 -0.0366509 -0.000627955 0.999274
-0.0602724 0.152397 0.0881229 -0.0103533 -0.0366429 -0.000628686 0.999275
-0.0602724 0.152397 0.0881229 -0.0103533 -0.0366429 -0.000628686 0.999275
-0.0602724 0.152397 0.0881229 -0.0103533 -0.0366429 -0.000628686 0.999275
-0.0602724 0.152397 0.0881229 -0.0103533 -0.0366429 -0.000628686 0.999275
-0.0602724 0.152397 0.0881229 -0.0103533 -0.0366429 -0.000628686 0.999275
-0.0602724 0.152397 0.0881229 -0.0103533 -0.0366429 -0.000628686 0.999275
-0.0602724 0.152397 0.0881229 -0.0103533 -0.0366429 -0.000628686 0.999275
-0.0602724 0.152397 0.0881229 -0.0103533 -0.0366429 -0.000628686 0.999275
-0.0602724 0.152397 0.0881229 -0.0103533 -0.0366429 -0.000628686 0.999275
-0.0602724 0.152397 0.0881229 -0.0103533 -0.0366429 -0.000628686 0.999275
-0.0602724 0.152397 0.0881229 -0.0103533 -0.0366429 -0.000628686 0.999275
-0.0602724 0.152397 0.0881229 -0.0103533 -0.0366429 -0.000628686 0.999275
-0.0601693 0.15241 0.0880638 -0.0103652 -0.0366453 -0.00062732 0.999274
-0.0601693 0.15241 0.0880638 -0.0103652 -0.0366453 -0.00062732 0.999274
-0.0601693 0.15241 0.0880638 -0.0103652 -0.0366453 -0.00062732 0.999274
-0.0597748 0.152233 0.0878205 -0.0104121 -0.0366187 -0.000627189 0.999275
-0.0597748 0.152233 0.0878205 -0.0104121 -0.0366187 -0.000627189 0.999275
-0.0597748 0.152233 0.0878205 -0.0104121 -0.0366187 -0.000627189 0.999275
-0.0597748 0.152233 0.0878205 -0.0104121 -0.0366187 -0.000627189 0.999275
-0.0597748 0.152233 0.0878205 -0.0104121 -0.0366187 -0.000627189 0.999275
-0.0597748 0.152233 0.0878205 -0.0104121 -0.0366187 -0.000627189 0.999275
-0.0597748 0.152233 0.0878205 -0.0104121 -0.0366187 -0.000627189 0.999275
-0.0597748 0.152233 0.0878205 -0.0104121 -0.0366187 -0.000627189 0.999275
