0.707106781187 0.0 0.0 0.707106781187					0.0 0.0 0.0

-0.01275839819 -0.00300245957404 0.999894858145 0.00620331911993	0.0641093 0.333541 0.180437
-0.00209874489451 0.000085006 0.00175307159542 0.999996257385	        0.13513077136 -0.0023260125 -0.00113476

0.0 0.0 0.0 1.0 							0.0 0.1605 0.1795
0.00170805311731 -0.710246489572 0.000929089546105 0.703950384188	-0.205393020942 0.000999206289185 -0.179882410109
-0.00337158089 0.99994547 -0.002251247 0.0096241562			-0.0016968576 0.001355028 -0.36431287
0.00224344529337 0.71061150032 -0.00486901720005 0.7035641799		0.199856805676 -0.000468722798459 -0.185993278449


INIT <- center

center <- cam_left
cam_left <- cam_right

center <- front
front <- right
front <- back
front <- left
