0.707106781187 0.0 0.0 0.707106781187					0.0 0.0 0.0

0.0110223 -0.000916933 0.999814 0.0158018				0.0709266 0.331716 0.176129
-0.0015736078 -0.001099246 0.0009769036 0.99999768			0.13877713 -0.00172176 -0.000747077

0.0 0.0 0.0 1.0 							0.0 0.1590 0.1800
0.00170805311731 -0.710246489572 0.000929089546105 0.703950384188	-0.205393020942 0.000999206289185 -0.179882410109
-0.00337158089 0.99994547 -0.002251247 0.0096241562			-0.0016968576 0.001355028 -0.36431287
0.00224344529337 0.71061150032 -0.00486901720005 0.7035641799		0.199856805676 -0.000468722798459 -0.185993278449


INIT <- center

center <- cam_left
cam_left <- cam_right

center <- front
front <- right
front <- back
front <- left
