0.00210557 0.000941087 -0.00113775 -0.000809681 0.000412763 -0.000483521 0.999999
0.000305159 0.00150678 0.000138915 -0.000573292 0.000191209 -0.000800388 0.999999
0.000237859 0.00235844 -0.000277849 -0.00071816 -0.000157849 -0.00154843 0.999999
0.00830705 0.00120073 -0.0055411 -0.00128184 0.00056723 0.000321325 0.999999
8.96187e-05 0.00166571 4.50164e-05 -0.00061831 0.000152449 -0.000850018 0.999999
0.00099421 0.000932604 -0.000872893 -0.000769012 0.000407262 -5.03679e-05 1
0.00191452 0.000952807 -0.0013495 -0.000870927 0.000412973 -0.000311709 0.999999
-0.00322431 0.00313307 0.00212326 -0.000173649 -0.00049852 -0.00115983 0.999999
0.00191872 0.00124487 -0.000780242 -0.000746308 0.000314187 -0.000667186 0.999999
0.00212387 -0.000914979 -0.00165963 -0.000834331 0.000597599 -0.000764935 0.999999
0.0028609 0.00271959 -0.00247989 -0.00127111 -0.00019921 -0.00160075 0.999998
0.000574513 0.000436286 -0.000421374 -0.000683415 0.000534444 -0.000372584 1
0.00258174 -0.000354921 -0.000761865 -0.00126774 0.00620598 -0.000244349 0.99998
0.0218206 0.00175074 -0.000828838 -0.000547035 0.0161492 -0.00100584 0.999869
0.0410288 0.00494566 -0.00148992 -0.000479391 0.0307514 -0.00170323 0.999525
0.0480248 0.00694475 0.00158135 0.000563755 0.044151 -0.0020165 0.999023
0.0637969 0.0109333 -0.00208571 -5.34555e-05 0.054792 -0.00200866 0.998496
0.0774482 0.0143027 -0.0026217 -0.000177686 0.0647144 -0.00301939 0.997899
0.0924477 0.0180096 -0.00348284 -0.000420481 0.0789498 -0.00514005 0.996865
0.106738 0.0219303 -0.00353046 -6.02755e-06 0.089242 -0.00655614 0.995988
0.118741 0.0259044 -0.00395968 0.000513876 0.100249 -0.00776076 0.994932
0.131132 0.0311768 -0.00487694 0.000893463 0.108701 -0.0080273 0.994042
0.142253 0.0346442 -0.00530798 0.000379569 0.117802 -0.00891949 0.992997
0.154837 0.0377657 -0.00574056 -1.72689e-05 0.13034 -0.00940914 0.991425
0.169506 0.043265 -0.005416 0.00060499 0.146158 -0.00934286 0.989217
0.18662 0.0485992 -0.0070734 0.000793808 0.161935 -0.00921625 0.986758
0.196436 0.0533695 -0.00741691 0.000220461 0.172404 -0.0100444 0.984975
0.207104 0.0575025 -0.00698116 5.52042e-05 0.183363 -0.0116976 0.982976
0.215287 0.0605776 -0.00562438 -0.000529699 0.193625 -0.013366 0.980984
0.230225 0.0661821 -0.00449448 -0.000526603 0.208218 -0.014325 0.977977
0.240905 0.0725827 -0.00449264 -0.00118903 0.220063 -0.0158329 0.975357
0.251324 0.0783897 -0.00554318 -0.00182855 0.231451 -0.0160044 0.972713
0.264284 0.0857268 -0.00772748 -0.00260396 0.244036 -0.0155686 0.969638
0.271198 0.0910665 -0.00629085 -0.00310556 0.255117 -0.0169494 0.966757
0.286902 0.100615 -0.00830914 -0.00353108 0.271472 -0.0174395 0.962282
0.296441 0.107806 -0.00663516 -0.00281712 0.283033 -0.0183746 0.95893
0.304261 0.113793 -0.00504431 -0.00246379 0.291716 -0.0193395 0.956306
0.313594 0.120644 -0.00508847 -0.0038817 0.301229 -0.0205231 0.953323
0.328208 0.135824 -0.00741613 -0.00433788 0.31167 -0.0216393 0.949934
0.338958 0.145704 -0.00933971 -0.00499175 0.320679 -0.0222232 0.946914
0.348276 0.154916 -0.0100395 -0.00550948 0.331929 -0.0226914 0.943015
0.362268 0.168733 -0.0147855 -0.00628884 0.341639 -0.0216804 0.93956
0.37263 0.178451 -0.0135045 -0.00620562 0.35043 -0.02268 0.936294
0.380817 0.187798 -0.013655 -0.00667434 0.360494 -0.0229074 0.932456
0.39138 0.197595 -0.0130645 -0.00626297 0.370675 -0.0236528 0.92844
0.400319 0.210119 -0.0170605 -0.00700072 0.377413 -0.0234614 0.925721
0.409964 0.222018 -0.0179452 -0.00654571 0.387497 -0.0234812 0.921548
0.418101 0.228796 -0.0173943 -0.00650162 0.393323 -0.0236956 0.919072
0.427259 0.241499 -0.0211743 -0.00701951 0.403019 -0.0231199 0.914873
0.430787 0.246093 -0.0162014 -0.00583678 0.411111 -0.0237047 0.911258
0.440716 0.257032 -0.0204176 -0.00695237 0.422006 -0.0228943 0.906277
0.443548 0.263307 -0.0163137 -0.00605528 0.428759 -0.0236752 0.903088
0.447395 0.27494 -0.0162212 -0.00584277 0.438873 -0.0242166 0.898204
0.452523 0.282572 -0.0145235 -0.00463574 0.444981 -0.024236 0.8952
0.46058 0.293799 -0.0147039 -0.00453766 0.454717 -0.024506 0.890287
0.465402 0.300703 -0.0137975 -0.00415136 0.460861 -0.0255732 0.887094
0.467317 0.309994 -0.0113367 -0.00386205 0.469133 -0.0264377 0.882723
0.472563 0.320087 -0.0129564 -0.00336847 0.4751 -0.0258797 0.879545
0.478845 0.331861 -0.0118479 -0.00278114 0.4842 -0.0261248 0.874563
0.483072 0.340994 -0.010854 -0.00242482 0.490796 -0.0264893 0.870869
0.489642 0.353014 -0.0108345 -0.000655805 0.501235 -0.0259959 0.86492
0.493396 0.361058 -0.0127106 -0.00145906 0.507681 -0.0261125 0.861148
0.498416 0.369759 -0.0104229 -0.000918839 0.518329 -0.0269414 0.854756
0.500987 0.375209 -0.00560296 0.000337387 0.524889 -0.026851 0.850747
0.506959 0.38606 -0.0054745 0.000827077 0.535667 -0.0273048 0.843987
0.509344 0.393655 -0.00771949 0.00157694 0.543695 -0.0273387 0.838836
0.515076 0.407316 -0.00899128 0.00266585 0.552758 -0.0283602 0.832855
0.521078 0.421576 -0.0118907 0.00255752 0.562218 -0.0280245 0.82651
0.523366 0.430863 -0.0135062 0.00317321 0.569049 -0.0277897 0.821828
0.52706 0.443091 -0.0144141 0.00248851 0.577347 -0.028518 0.815997
0.531852 0.454157 -0.0154445 0.00291445 0.588103 -0.0279668 0.808297
0.533936 0.460811 -0.0128693 0.00403633 0.596704 -0.0282041 0.801955
0.537243 0.473853 -0.0141383 0.00547227 0.607793 -0.0276323 0.793596
0.538253 0.476365 -0.0106672 0.00480189 0.614173 -0.0283516 0.788647
0.538267 0.490697 -0.0151675 0.00282761 0.621463 -0.0287916 0.78291
0.541574 0.499022 -0.0143622 0.00229973 0.627232 -0.0290317 0.778288
0.541933 0.511992 -0.0146768 0.00327659 0.634552 -0.0296823 0.772303
0.538534 0.518462 -0.00953077 0.00366449 0.64185 -0.0312336 0.766185
0.539728 0.528188 -0.0113485 0.00354115 0.646874 -0.031033 0.761957
0.540251 0.538166 -0.0124438 0.00347126 0.651331 -0.030949 0.758154
0.540719 0.544452 -0.0055357 0.00410781 0.658526 -0.0326517 0.751838
0.537263 0.553661 -0.00368356 0.00396353 0.667239 -0.0328193 0.74411
0.536687 0.561988 -0.00710028 0.00376681 0.672846 -0.0322693 0.739068
0.539317 0.577044 -0.00984631 0.00351692 0.682122 -0.0317887 0.730538
0.538253 0.586164 -0.0109406 0.00258306 0.688004 -0.0319753 0.724997
0.537465 0.599153 -0.0105051 0.00222038 0.695249 -0.0323731 0.718036
0.534841 0.608926 -0.0053286 0.00289283 0.702737 -0.0334464 0.710657
0.535537 0.619952 -0.00752211 0.00281964 0.708599 -0.0333904 0.704815
0.534183 0.633287 -0.00871528 0.00237295 0.715437 -0.0331083 0.697889
0.535167 0.642066 -0.00373092 0.00264638 0.722967 -0.0342704 0.690027
0.533787 0.653939 -0.00390968 0.00300554 0.728889 -0.0342704 0.683767
0.532225 0.668155 -0.00660582 0.00284934 0.736583 -0.0333442 0.675519
0.529827 0.678677 -0.0106993 0.00179902 0.74193 -0.0325458 0.669684
0.527979 0.69159 -0.0102509 0.00152046 0.750077 -0.0324279 0.660554
0.526834 0.703071 -0.0143866 0.00104737 0.755576 -0.0312083 0.654316
0.521556 0.719107 -0.0206409 0.000771702 0.762799 -0.030414 0.645919
0.517596 0.734718 -0.0235063 0.00118514 0.770908 -0.0299665 0.63624
0.515463 0.746502 -0.025109 0.00122436 0.775714 -0.0300357 0.630369
0.516184 0.750893 -0.0244727 0.00157549 0.78014 -0.0303234 0.624867
0.513865 0.76799 -0.0294216 0.00109911 0.787905 -0.0293552 0.615095
0.513468 0.771705 -0.0258325 0.00177999 0.792469 -0.0301326 0.609165
0.511598 0.782742 -0.0272265 0.00194279 0.799165 -0.0299772 0.60036
0.507761 0.791375 -0.0297144 0.000650749 0.804066 -0.0298785 0.593788
0.506805 0.795768 -0.0325628 0.00122391 0.810278 -0.0297958 0.585286
0.504634 0.80115 -0.0296439 0.00129471 0.817181 -0.0302644 0.575584
0.502497 0.807671 -0.0275621 0.00185844 0.821906 -0.030465 0.568804
0.49841 0.818388 -0.0264902 0.0024281 0.828328 -0.0313022 0.559363
0.495778 0.824757 -0.026088 0.00198922 0.832457 -0.0314904 0.553191
0.489977 0.833593 -0.0243698 0.00141207 0.837315 -0.0329627 0.545725
0.488492 0.834981 -0.0201875 0.00126454 0.840738 -0.0336995 0.54039
0.481465 0.843862 -0.0205299 0.00201414 0.845947 -0.0340596 0.532175
0.474863 0.856001 -0.0218043 0.00265439 0.850619 -0.0338367 0.524686
0.469487 0.863949 -0.0221095 0.00111635 0.853765 -0.0341251 0.519537
0.465183 0.874716 -0.0244858 0.00256895 0.85933 -0.0337514 0.5103
0.4604 0.881302 -0.025952 0.00375793 0.863071 -0.0335009 0.503956
0.452831 0.888685 -0.0240782 0.00383299 0.86831 -0.0337792 0.494856
0.445486 0.899106 -0.0253759 0.00391466 0.873872 -0.0333607 0.484995
0.441958 0.904482 -0.0249254 0.00420437 0.877044 -0.0334955 0.479223
0.435718 0.912898 -0.0235417 0.00388593 0.882117 -0.0332989 0.469835
0.425559 0.924711 -0.0263212 0.00396936 0.887125 -0.0331705 0.460318
0.417516 0.932619 -0.0262641 0.00369644 0.89158 -0.0332672 0.451624
0.408243 0.942152 -0.029043 0.00236089 0.896359 -0.0324805 0.442131
0.400682 0.950892 -0.0282736 0.00194662 0.900934 -0.0330089 0.432695
0.392012 0.960191 -0.0290468 0.00112677 0.905629 -0.0333983 0.422752
0.384364 0.967379 -0.029823 0.00106857 0.910641 -0.0332851 0.411854
0.372066 0.977269 -0.0316899 0.000471767 0.914866 -0.0327015 0.40243
0.366404 0.980456 -0.0355141 -0.000398158 0.917687 -0.0320048 0.396013
0.355248 0.989039 -0.0386366 -0.000435956 0.922654 -0.0313641 0.384352
0.346528 0.998308 -0.0408262 0.00121249 0.926839 -0.0322853 0.374065
0.337573 1.00867 -0.0415198 0.00193167 0.930729 -0.0322909 0.364275
0.326374 1.01572 -0.0454634 0.00123942 0.933115 -0.0314382 0.3582
0.315747 1.02551 -0.0478412 0.00123133 0.936554 -0.0308627 0.34916
0.302255 1.03558 -0.0532793 0.00131972 0.940547 -0.0297289 0.338357
0.29086 1.0458 -0.0581191 0.00100284 0.945096 -0.0293671 0.325468
0.28189 1.04975 -0.0598143 0.000503917 0.948405 -0.0295361 0.315681
0.28038 1.05494 -0.0605371 0.000991955 0.951182 -0.0289758 0.307266
0.273126 1.06165 -0.0580036 0.00127977 0.95467 -0.0302187 0.296126
0.26098 1.06586 -0.0613135 -0.000226372 0.957572 -0.0295929 0.286671
0.251502 1.06832 -0.0642222 -0.00200545 0.959489 -0.0295889 0.28018
0.239728 1.07422 -0.0659779 -0.00277141 0.962885 -0.0299829 0.268227
0.224855 1.08018 -0.0705595 -0.00376788 0.965539 -0.030114 0.258481
0.217988 1.0847 -0.0679429 -0.00440053 0.968202 -0.0310035 0.248203
0.210549 1.08906 -0.0697414 -0.00547263 0.970483 -0.0305517 0.239165
0.196716 1.09167 -0.0732281 -0.00829821 0.972938 -0.0293924 0.229037
0.184561 1.09412 -0.0771651 -0.00913629 0.975352 -0.0283019 0.21864
0.170037 1.09839 -0.0798782 -0.00808169 0.977742 -0.0280368 0.207773
0.159624 1.09969 -0.0851137 -0.00756005 0.978918 -0.0271632 0.202299
0.154525 1.10527 -0.0757933 -0.00756934 0.980865 -0.0298962 0.192233
0.144742 1.10759 -0.0730643 -0.00794316 0.98256 -0.0310832 0.183158
0.136247 1.10976 -0.074484 -0.00822594 0.983725 -0.03089 0.176812
0.122503 1.11454 -0.0747343 -0.00740953 0.985393 -0.0312681 0.167238
0.105501 1.11655 -0.0814895 -0.00881839 0.986998 -0.0295199 0.15775
0.0935759 1.11943 -0.0841116 -0.00912734 0.988041 -0.028687 0.151227
0.0830959 1.12113 -0.0847598 -0.0100087 0.989695 -0.0279899 0.140073
0.0765378 1.11828 -0.0854967 -0.0111277 0.990617 -0.0276609 0.133377
0.0620082 1.11898 -0.0914245 -0.0104533 0.991999 -0.0259412 0.12311
0.0502434 1.12118 -0.095298 -0.0115587 0.992864 -0.0247914 0.116069
0.0366587 1.12272 -0.0992414 -0.0118 0.994314 -0.0238252 0.103111
0.0259244 1.11944 -0.102431 -0.0140425 0.994819 -0.0228455 0.0980663
0.0175501 1.11648 -0.0992407 -0.016301 0.995198 -0.0236864 0.0935618
0.00316544 1.12219 -0.105527 -0.0144445 0.996249 -0.0223737 0.0823324
-0.00351926 1.12233 -0.103745 -0.0150862 0.996764 -0.0230827 0.0755051
-0.0116991 1.12024 -0.101403 -0.0162518 0.997099 -0.023488 0.0705499
-0.0255833 1.12373 -0.105494 -0.015818 0.997846 -0.0224568 0.0595716
-0.0319054 1.12404 -0.105142 -0.0160765 0.998349 -0.0221741 0.0504891
-0.0387994 1.11944 -0.104604 -0.0177591 0.998665 -0.0221839 0.0431339
-0.0475905 1.11913 -0.107872 -0.0165896 0.998967 -0.0216076 0.0363603
-0.0539606 1.11913 -0.10416 -0.0171931 0.999196 -0.0221176 0.0286971
-0.0667093 1.1196 -0.110534 -0.0170743 0.999424 -0.0201619 0.0213024
-0.0840943 1.12084 -0.11489 -0.0169815 0.999624 -0.0194723 0.00923435
-0.0930597 1.11978 -0.116242 -0.0175195 0.999656 -0.0193667 0.00231082
-0.102684 1.1191 -0.115438 -0.018509 0.999621 -0.0196958 -0.00519094
-0.107397 1.11665 -0.111963 -0.0194098 0.999528 -0.0205414 -0.0120388
-0.115818 1.11397 -0.110364 -0.0192464 0.999431 -0.0212837 -0.0177061
-0.123884 1.11202 -0.111474 -0.0192914 0.999302 -0.0216713 -0.0235461
-0.13707 1.11981 -0.114318 -0.0178141 0.998914 -0.0215193 -0.0372751
-0.140675 1.11639 -0.109447 -0.0184189 0.998565 -0.0230367 -0.044707
-0.148544 1.11635 -0.106016 -0.0183094 0.998096 -0.0243439 -0.0536357
-0.155465 1.11088 -0.102935 -0.0189091 0.997643 -0.0254134 -0.0608627
-0.161128 1.10981 -0.0992346 -0.0193529 0.997014 -0.0262486 -0.0699997
-0.167215 1.11076 -0.096735 -0.018947 0.996263 -0.0270821 -0.0798012
-0.174263 1.11075 -0.0932516 -0.0190694 0.995543 -0.028283 -0.0879188
-0.176181 1.10929 -0.0896677 -0.0190815 0.994852 -0.0286309 -0.0953136
-0.189771 1.10931 -0.0898501 -0.0199281 0.993486 -0.0290602 -0.108374
-0.196741 1.1092 -0.0892153 -0.0203507 0.992564 -0.0290339 -0.116447
-0.201999 1.10683 -0.0890501 -0.020136 0.991811 -0.0292952 -0.122664
-0.212321 1.10179 -0.0912318 -0.0207437 0.991053 -0.0287623 -0.128672
-0.220513 1.09876 -0.0901924 -0.0207253 0.990197 -0.0293914 -0.134971
-0.226867 1.0942 -0.0874766 -0.0211954 0.98933 -0.0302729 -0.140924
-0.236608 1.09109 -0.0884277 -0.0204109 0.988402 -0.0307378 -0.147312
-0.241467 1.08856 -0.0848388 -0.0211701 0.987264 -0.0312566 -0.154549
-0.249902 1.08489 -0.087974 -0.0208649 0.9861 -0.0307856 -0.161938
-0.259552 1.08004 -0.089738 -0.0205646 0.984936 -0.0304957 -0.168965
-0.262375 1.07938 -0.0844036 -0.0197313 0.983676 -0.032317 -0.175922
-0.271643 1.07775 -0.084115 -0.0189224 0.982281 -0.0331762 -0.183481
-0.280713 1.07381 -0.084677 -0.018505 0.980644 -0.0335764 -0.192007
-0.286837 1.07015 -0.0842034 -0.0188258 0.979269 -0.0341686 -0.198773
-0.30014 1.06441 -0.0889747 -0.0187142 0.977975 -0.0335011 -0.205162
-0.307097 1.06134 -0.0865082 -0.0185506 0.975925 -0.0344086 -0.214573
-0.314965 1.05875 -0.0868822 -0.0181512 0.974287 -0.0348385 -0.22186
-0.320916 1.05604 -0.0851147 -0.0184059 0.972804 -0.0349797 -0.228234
-0.327707 1.05488 -0.0850673 -0.0179191 0.971201 -0.0353717 -0.23494
-0.335121 1.05219 -0.0884432 -0.0177693 0.969349 -0.0349257 -0.242543
-0.342155 1.04668 -0.0884187 -0.0178622 0.966912 -0.035758 -0.251959
-0.352033 1.04059 -0.0890178 -0.0170103 0.965039 -0.0358289 -0.259086
-0.362312 1.03299 -0.0903279 -0.0167898 0.962075 -0.0358966 -0.26989
-0.367469 1.02945 -0.090411 -0.0166761 0.960078 -0.0357427 -0.276938
-0.378171 1.02282 -0.0851587 -0.0173471 0.957766 -0.0364772 -0.284697
-0.381209 1.01973 -0.0823559 -0.0171055 0.955656 -0.0366104 -0.291699
-0.386647 1.01471 -0.0828646 -0.0180389 0.95371 -0.0362187 -0.297993
-0.390924 1.01126 -0.0814167 -0.0180154 0.951501 -0.0361227 -0.304987
-0.397956 1.00483 -0.0783641 -0.0177106 0.94806 -0.0377927 -0.315342
-0.407699 1.00032 -0.0776334 -0.0173564 0.945934 -0.0379819 -0.321659
-0.407962 0.996841 -0.076702 -0.0174171 0.943885 -0.0384052 -0.32757
-0.416434 0.989196 -0.0760365 -0.0179651 0.939975 -0.0378125 -0.338665
-0.423971 0.983178 -0.0783026 -0.0176455 0.936971 -0.0375195 -0.346939
-0.429197 0.976497 -0.0786448 -0.0174647 0.934183 -0.0373931 -0.354399
-0.433791 0.972934 -0.074819 -0.0172925 0.929231 -0.0378735 -0.367147
-0.435083 0.968107 -0.0750669 -0.01759 0.926598 -0.0373215 -0.373784
-0.444107 0.958946 -0.0800012 -0.0166825 0.922194 -0.0368184 -0.38461
-0.448873 0.947407 -0.0852996 -0.0165539 0.919536 -0.0359073 -0.391011
-0.454843 0.939586 -0.0841113 -0.0172004 0.914861 -0.0358792 -0.401804
-0.460046 0.932576 -0.0862336 -0.0174286 0.911999 -0.0352753 -0.4083
-0.467594 0.917377 -0.0944084 -0.0172419 0.907815 -0.033743 -0.417654
-0.474964 0.910602 -0.0965983 -0.0158351 0.904327 -0.034704 -0.425133
-0.482356 0.899871 -0.100861 -0.0143412 0.900417 -0.0343612 -0.433431
-0.48419 0.894357 -0.100448 -0.0149666 0.89738 -0.0335355 -0.439727
-0.490326 0.883185 -0.103444 -0.0148813 0.892381 -0.0326142 -0.449857
-0.494605 0.873369 -0.106019 -0.0147488 0.889503 -0.0316081 -0.455595
-0.497289 0.864829 -0.104067 -0.0154997 0.885297 -0.0311999 -0.463718
-0.505737 0.851475 -0.109123 -0.0144645 0.881459 -0.030186 -0.471073
-0.513425 0.838722 -0.111473 -0.0142984 0.876547 -0.0304996 -0.480136
-0.520626 0.825768 -0.114829 -0.0152449 0.872261 -0.0291536 -0.487933
-0.524088 0.816996 -0.117341 -0.0153558 0.86915 -0.0279238 -0.493521
-0.530035 0.80332 -0.11943 0.0160811 -0.864589 0.0267674 0.501509
-0.532589 0.795934 -0.120626 0.016171 -0.861618 0.0266825 0.506598
-0.537651 0.785526 -0.11985 0.0166018 -0.855346 0.0270774 0.517083
-0.54167 0.772881 -0.121849 0.0169649 -0.849247 0.0261992 0.527072
-0.543698 0.763586 -0.123773 0.0170396 -0.845552 0.0252536 0.533023
-0.548469 0.753826 -0.121696 0.0172644 -0.839694 0.0250636 0.542207
-0.551595 0.737584 -0.125568 0.0178097 -0.833878 0.0240475 0.551137
-0.551364 0.730987 -0.125249 0.0192373 -0.830567 0.0234148 0.556094
-0.551388 0.722169 -0.123373 0.021242 -0.825437 0.0230429 0.563624
-0.55606 0.704361 -0.126796 0.0210731 -0.819451 0.0237564 0.572268
-0.559143 0.697791 -0.125772 0.02132 -0.816189 0.0240659 0.57689
-0.56183 0.682332 -0.129584 0.0210948 -0.811107 0.0247205 0.583994
-0.561836 0.67174 -0.12965 0.0214007 -0.804249 0.0234935 0.593442
-0.561409 0.669495 -0.127681 0.0220711 -0.799853 0.0232277 0.59934
-0.563114 0.655446 -0.131825 0.0215268 -0.792792 0.022392 0.6087
-0.564777 0.629503 -0.136089 0.0207179 -0.781331 0.0228859 0.623353
-0.566024 0.612549 -0.138662 0.0220001 -0.770151 0.0207319 0.637145
-0.56696 0.599082 -0.139899 0.0217136 -0.763667 0.0210433 0.644902
-0.566173 0.591012 -0.137593 0.023536 -0.756498 0.0191996 0.65329
-0.569173 0.561067 -0.138161 0.0248128 -0.736404 0.0177548 0.675854
-0.569798 0.540157 -0.137089 0.026048 -0.719388 0.0166588 0.69392
-0.569485 0.511756 -0.138667 0.0261178 -0.702313 0.0166344 0.711195
-0.567869 0.488674 -0.140247 0.0264209 -0.690987 0.015843 0.72221
-0.566941 0.481963 -0.136055 0.0273369 -0.684865 0.0152723 0.727997
-0.564889 0.469083 -0.135593 0.0278768 -0.678199 0.0148562 0.734199
-0.563299 0.456264 -0.134907 0.0277591 -0.669368 0.0157978 0.742244
-0.561106 0.449058 -0.132273 0.027876 -0.661234 0.016957 0.74947
-0.560314 0.445286 -0.130488 0.0275969 -0.656365 0.0167063 0.753753
-0.558331 0.434921 -0.131482 0.0276857 -0.649295 0.0158846 0.759866
-0.556786 0.426515 -0.127227 0.027868 -0.640693 0.0166766 0.76711
-0.554445 0.416791 -0.125166 0.0291975 -0.632636 0.0159832 0.773734
-0.551068 0.406978 -0.127409 0.029411 -0.626811 0.0148722 0.778474
-0.54712 0.393117 -0.12747 0.0295188 -0.618838 0.0156451 0.784808
-0.544224 0.384405 -0.129444 0.0297418 -0.611789 0.0142331 0.790334
-0.5391 0.371684 -0.132392 0.0293139 -0.602818 0.0135339 0.797225
-0.538846 0.364685 -0.134469 0.0282909 -0.596056 0.0131424 0.802337
-0.533699 0.352674 -0.136901 0.0279398 -0.587348 0.0127188 0.808752
-0.528169 0.342475 -0.13911 0.0279969 -0.577653 0.0132991 0.815693
-0.522487 0.33052 -0.139616 0.0277853 -0.56999 0.0131483 0.821076
-0.517558 0.319836 -0.138446 0.0286214 -0.561194 0.0119108 0.827103
-0.513266 0.312113 -0.140154 0.0291995 -0.554887 0.0106687 0.831345
-0.50265 0.296362 -0.144796 0.0291901 -0.547096 0.00899492 0.836512
-0.497657 0.284063 -0.146699 0.0293561 -0.53796 0.00942482 0.842406
-0.49135 0.271994 -0.144988 0.0303648 -0.528092 0.0112126 0.84857
-0.484512 0.261615 -0.146749 0.0304906 -0.520173 0.0105228 0.853452
-0.470957 0.240181 -0.14777 0.0296238 -0.499601 0.0101273 0.86569
-0.465623 0.229602 -0.147993 0.0296947 -0.489412 0.0119323 0.871465
-0.456232 0.216802 -0.150672 0.0291815 -0.477434 0.0127073 0.878091
-0.449393 0.207505 -0.151452 0.0295117 -0.468172 0.011265 0.883072
-0.441747 0.194388 -0.151558 0.0294263 -0.455252 0.0108338 0.88981
-0.434642 0.183072 -0.151647 0.0294002 -0.444844 0.010802 0.89506
-0.423519 0.170946 -0.154632 0.0289874 -0.435107 0.0108863 0.899846
-0.415082 0.160833 -0.153914 0.02939 -0.423127 0.0107861 0.905529
-0.404623 0.149562 -0.153572 0.0292847 -0.408189 0.0112282 0.912359
-0.395765 0.141861 -0.154622 0.0287169 -0.398655 0.0108059 0.916587
-0.389119 0.133684 -0.154126 0.0291035 -0.389704 0.0109582 0.920415
-0.37704 0.123976 -0.154367 0.0289997 -0.377392 0.0108695 0.925535
-0.368315 0.116627 -0.153497 0.0295495 -0.366922 0.010914 0.929718
-0.355751 0.109357 -0.154159 0.0294682 -0.35875 0.0111443 0.932902
-0.347264 0.101418 -0.155506 0.0290772 -0.350459 0.0103494 0.936069
-0.338458 0.091274 -0.153415 0.0290825 -0.339952 0.0104161 0.939935
-0.328006 0.0845497 -0.154786 0.0290245 -0.329473 0.0115383 0.943648
-0.311017 0.0733807 -0.157187 0.0285212 -0.313973 0.0126371 0.948919
-0.299912 0.0676815 -0.158846 0.0278679 -0.304995 0.0124328 0.951865
-0.287639 0.0614959 -0.161669 0.0270802 -0.294711 0.0127266 0.955118
-0.27978 0.05512 -0.161267 0.0275076 -0.284212 0.0123566 0.958287
-0.265657 0.0474103 -0.161847 0.0275092 -0.270956 0.0127267 0.962114
-0.253649 0.0419391 -0.164606 0.0275426 -0.26008 0.0118119 0.965122
-0.242802 0.0346085 -0.16669 0.0267687 -0.249476 0.012291 0.967933
-0.237248 0.0326088 -0.164004 0.0268014 -0.238481 0.0114059 0.97071
-0.220582 0.0246177 -0.165712 0.0256008 -0.222705 0.0120972 0.974474
-0.20738 0.0187882 -0.166807 0.0250928 -0.212028 0.0121466 0.976866
-0.192679 0.013208 -0.168924 0.0243589 -0.199307 0.0131165 0.979547
-0.175807 0.00897407 -0.169867 0.0248398 -0.185511 0.0131375 0.98224
-0.165102 0.00429654 -0.170266 0.0243727 -0.174854 0.0123394 0.984215
-0.151823 0.000954794 -0.170013 0.02392 -0.164635 0.0109471 0.986004
-0.14452 -0.00276399 -0.166851 0.0246874 -0.153356 0.011886 0.987791
-0.125154 -0.00208399 -0.168438 0.0242713 -0.136673 0.0117784 0.990249
-0.11419 -0.000624439 -0.173931 0.0230508 -0.125846 0.0116583 0.991713
-0.104571 -0.00255618 -0.174381 0.0219567 -0.11375 0.0112557 0.993203
-0.0922623 -0.00419374 -0.172486 0.0224372 -0.0998325 0.0104659 0.994696
-0.076708 -0.00512345 -0.17543 0.0221317 -0.0909608 0.00846317 0.995573
-0.0574431 -0.00575029 -0.175916 0.0225905 -0.0772014 0.00803315 0.996727
-0.0468179 -0.00649083 -0.179058 0.0225691 -0.0727381 0.00818555 0.997062
-0.0555913 -0.00532052 -0.175296 0.0227329 -0.0731044 0.00845032 0.997029
-0.0496631 -0.00534887 -0.176916 0.0223682 -0.0731461 0.00711769 0.997045
-0.04817 -0.00749646 -0.17682 0.0223817 -0.0726746 0.00711244 0.997079
-0.0567913 -0.00542499 -0.171771 0.0235872 -0.0729042 0.00856477 0.997023
-0.0502969 -0.0060972 -0.176342 0.0225611 -0.0728676 0.00725011 0.99706
-0.0447521 -0.00521977 -0.180482 0.0218594 -0.0729218 0.00781035 0.997067
-0.0557516 -0.0074473 -0.171501 0.0235019 -0.072793 0.00822232 0.997036
-0.0579107 -0.00548229 -0.172824 0.0232006 -0.0731613 0.00788561 0.997019
-0.0537866 -0.00400291 -0.176569 0.0224668 -0.0734517 0.00721663 0.99702
-0.0534223 -0.00512273 -0.17813 0.022313 -0.0731554 0.00817822 0.997037
-0.0545144 -0.00435486 -0.174942 0.0228035 -0.0735462 0.0071337 0.997006
-0.056781 -0.00426132 -0.170976 0.0234839 -0.0735323 0.00735277 0.996989
-0.047186 -0.00739135 -0.177873 0.0222331 -0.0726059 0.00739777 0.997085
-0.0463682 -0.00565018 -0.18088 0.0220798 -0.0727608 0.00878374 0.997066
-0.058231 -0.00531786 -0.172789 0.0232358 -0.0732339 0.00787299 0.997013
-0.0451732 -0.0039976 -0.180115 0.0218474 -0.0733761 0.00681631 0.997042
