-0.0051709 -0.693045 2.43633 -0.699893 0.714213 -0.000133548 0.00697205
-0.00519733 -0.69284 2.43567 -0.700053 0.714068 0.000684303 0.00567487
-0.00523617 -0.693108 2.43662 -0.700055 0.714063 0.00100961 0.00608477
-0.00516459 -0.692778 2.4353 -0.699939 0.714178 5.71773e-05 0.00590116
-0.0052037 -0.692902 2.4358 -0.699911 0.714198 0.000316858 0.00675288
-0.00526421 -0.6931 2.43664 -0.699961 0.714148 0.00104172 0.00677673
-0.00517471 -0.692972 2.4361 -0.699937 0.714176 0.000684313 0.00638129
-0.00522623 -0.693038 2.43628 -0.700031 0.714084 0.000772974 0.00629425
-0.00523407 -0.692958 2.43602 -0.699843 0.714265 -0.000150933 0.0067102
-0.00527313 -0.693158 2.43668 -0.699892 0.714216 0.000286537 0.00682767
-0.00524626 -0.693501 2.43801 -0.699987 0.714111 0.0012683 0.00783154
-0.00521366 -0.692904 2.43578 -0.699716 0.714388 -0.00015706 0.00695598
-0.00522577 -0.692858 2.43559 -0.699635 0.714459 -0.000558872 0.00762185
-0.00523819 -0.693047 2.43614 -0.699872 0.714232 -9.95941e-05 0.0072574
-0.00524195 -0.693105 2.43651 -0.699751 0.714352 0.000318032 0.00706553
-0.00521992 -0.693142 2.4366 -0.70014 0.713982 0.0009581 0.00569013
-0.00521289 -0.692993 2.43613 -0.699794 0.714311 2.79992e-06 0.00694712
-0.00524121 -0.692893 2.43569 -0.699815 0.714291 -0.000188985 0.00684095
-0.00524416 -0.69288 2.43574 -0.699652 0.714445 -0.000463013 0.00742563
-0.00523711 -0.693131 2.43651 -0.699751 0.714345 -0.000279366 0.00776621
-0.00520852 -0.693035 2.43643 -0.699922 0.714188 0.000791803 0.0066581
-0.00525606 -0.693162 2.43662 -0.699861 0.714239 -0.00039112 0.00756683
-0.00524894 -0.693166 2.43664 -0.699864 0.714237 0.000174361 0.0075182
-0.00520001 -0.69309 2.43631 -0.699664 0.714426 -0.00065946 0.008081
-0.00524371 -0.693002 2.43612 -0.699725 0.714375 -0.000510534 0.00727412
-0.00520368 -0.693117 2.43659 -0.700113 0.714007 0.00154572 0.00584913
-0.00524593 -0.693264 2.43701 -0.699867 0.714234 0.000574355 0.00743089
-0.00524322 -0.693068 2.43644 -0.699713 0.714383 -0.000133408 0.00765579
-0.00518537 -0.692908 2.43585 -0.699966 0.714152 0.000399801 0.0058535
-0.00526394 -0.693015 2.43612 -0.699765 0.714333 -7.04627e-05 0.00761068
-0.00527022 -0.693025 2.4362 -0.699921 0.714186 0.000366118 0.00700533
-0.00519905 -0.693013 2.43616 -0.699964 0.714147 -0.000198808 0.00666251
-0.00519571 -0.69308 2.43648 -0.69988 0.714225 0.000739878 0.00709962
-0.00520947 -0.69304 2.43635 -0.699517 0.714567 -0.00108048 0.00825795
-0.00524015 -0.693052 2.43628 -0.699761 0.714336 6.11363e-05 0.00770008
-0.00521311 -0.693089 2.43651 -0.699981 0.714128 0.00101183 0.00686112
-0.00523471 -0.692946 2.43597 -0.699747 0.714347 -6.79112e-05 0.00789794
-0.005238 -0.69304 2.43631 -0.700078 0.714038 0.000998207 0.00620302
-0.00521648 -0.693212 2.43693 -0.69979 0.714306 0.000655817 0.00778963
-0.00517976 -0.692766 2.43531 -0.699876 0.714234 -0.000377683 0.00654701
-0.00524756 -0.693033 2.43623 -0.699904 0.714205 0.000266067 0.00670306
-0.00524779 -0.692951 2.43589 -0.699914 0.71419 -0.000121675 0.00722551
-0.00525298 -0.693036 2.43618 -0.699855 0.714251 -0.000159601 0.0069239
-0.0051895 -0.692729 2.43513 -0.700014 0.714108 8.42769e-05 0.00556973
-0.00524897 -0.693167 2.43673 -0.699922 0.714182 0.000825639 0.00722223
-0.00523408 -0.693244 2.43696 -0.699925 0.714182 -5.38764e-06 0.00700363
-0.00516121 -0.693124 2.4365 -0.700019 0.714096 0.000962249 0.00629806
-0.00521964 -0.693313 2.43711 -0.69987 0.714228 0.000331585 0.00770988
-0.00520862 -0.693169 2.43678 -0.699746 0.714353 -0.000165361 0.00741268
-0.00525475 -0.693152 2.43669 -0.700137 0.713977 0.000844288 0.00667377
-0.00522363 -0.693371 2.43745 -0.699732 0.714365 9.36258e-06 0.0076446
-0.00523747 -0.693046 2.43626 -0.69996 0.71415 0.000561314 0.00678848
-0.00516903 -0.693037 2.43624 -0.699843 0.71426 0.000381113 0.00718155
-0.00521311 -0.693173 2.43671 -0.699851 0.714253 0.000207094 0.00715428
-0.00521982 -0.693028 2.43619 -0.699876 0.714231 0.000331177 0.00690617
-0.00525533 -0.693033 2.43623 -0.699962 0.714144 0.000200256 0.00720499
-0.00522111 -0.692964 2.43605 -0.699841 0.714271 0.000305804 0.00627747
-0.00517148 -0.693046 2.43634 -0.699787 0.714316 0.00019945 0.00720053
-0.00520311 -0.693096 2.43655 -0.700071 0.714049 0.00132762 0.00569449
-0.00522505 -0.693063 2.43642 -0.699967 0.714149 0.000577589 0.00601464
-0.00526974 -0.693136 2.43673 -0.699964 0.714137 0.00129229 0.00754698
-0.00519725 -0.693202 2.43695 -0.699983 0.714131 0.000815883 0.0062274
-0.00518396 -0.693169 2.43675 -0.699764 0.714331 -0.000168961 0.00788512
-0.00525865 -0.693043 2.43624 -0.699774 0.714328 -0.000439313 0.00717843
-0.0052149 -0.693162 2.43679 -0.699954 0.714158 0.00124285 0.00646421
-0.00519684 -0.69274 2.43504 -0.699678 0.714421 -0.001452 0.00717918
-0.00513569 -0.692963 2.43594 -0.700043 0.714074 0.000310679 0.00613466
-0.00520214 -0.692995 2.43606 -0.699944 0.714165 -0.000339117 0.0068
-0.0052391 -0.692926 2.43587 -0.699924 0.714189 0.000483664 0.00635848
-0.00524338 -0.693139 2.43668 -0.699785 0.714313 9.81897e-05 0.0076371
-0.00523041 -0.693001 2.43607 -0.700011 0.714103 0.000588354 0.00640658
-0.00523012 -0.692953 2.43591 -0.699889 0.714219 8.23068e-05 0.00676119
-0.00522583 -0.692918 2.43594 -0.699921 0.71419 0.000394614 0.00649261
-0.00518779 -0.693005 2.43605 -0.700135 0.71398 0.000638991 0.0065056
-0.00521889 -0.69295 2.43592 -0.699804 0.714302 -0.000561655 0.00687841
-0.00520816 -0.692951 2.43587 -0.69992 0.71419 -0.000179323 0.0066063
-0.00522545 -0.693274 2.43718 -0.699999 0.714108 0.00127094 0.00701999
-0.00524549 -0.693067 2.43657 -0.69987 0.714235 0.000864827 0.00707802
-0.00525498 -0.693045 2.43627 -0.699926 0.714178 0.000284927 0.00727326
-0.00524503 -0.693149 2.43669 -0.699892 0.714209 0.000648647 0.00745906
-0.00495513 -0.69283 2.43516 -0.700188 0.713931 -0.00106092 0.00608019
-0.00333974 -0.693564 2.43706 -0.700424 0.713681 0.00629313 0.00507618
-0.00163049 -0.6941 2.43655 -0.699484 0.714617 0.00656864 0.00126488
0.000908265 -0.694456 2.4367 -0.698559 0.715522 0.0065018 0.00140706
0.00395083 -0.694928 2.43798 -0.696507 0.717514 0.00504562 0.00514964
0.00754128 -0.694933 2.43686 -0.694401 0.719554 0.00640177 0.00295359
0.011039 -0.695114 2.438 -0.692535 0.721343 0.00700677 0.00322204
0.0144306 -0.694481 2.43695 -0.690096 0.723673 0.0078727 0.00170521
0.017601 -0.694946 2.43913 -0.687974 0.725684 0.00790484 0.00339619
0.0207692 -0.694481 2.43833 -0.686179 0.727373 0.00922888 0.0011394
0.0242869 -0.694046 2.43745 -0.684484 0.728985 0.00790306 0.000661575
0.0277047 -0.694147 2.43804 -0.682945 0.730433 0.00710083 0.00205599
0.0309406 -0.693762 2.43794 -0.681539 0.731716 0.00976069 0.00113601
0.0339752 -0.693574 2.43835 -0.679136 0.73396 0.00838745 0.0026798
0.0368876 -0.693303 2.43845 -0.677317 0.735626 0.00950191 0.00227928
0.0399273 -0.693092 2.43838 -0.675537 0.737279 0.00775689 0.00320515
0.0431008 -0.692929 2.43906 -0.674134 0.738544 0.00938788 0.0028823
0.04622 -0.692384 2.43782 -0.671831 0.740664 0.00667222 0.0038491
0.0495644 -0.692278 2.43812 -0.67005 0.742262 0.00871554 0.00225129
0.0530619 -0.691949 2.43839 -0.668265 0.743849 0.0104332 0.00163637
0.0561138 -0.691399 2.43818 -0.666374 0.745566 0.00811228 0.00333986
0.0589433 -0.690917 2.43841 -0.664772 0.747004 0.00702697 0.00388936
0.0619277 -0.69011 2.43814 -0.663705 0.747941 0.00844404 0.00295809
0.0651941 -0.689433 2.43814 -0.662258 0.749212 0.00903606 0.00359436
0.0685278 -0.688981 2.43881 -0.66071 0.750569 0.00960872 0.00402106
0.07173 -0.688217 2.43807 -0.659065 0.752024 0.00929197 0.00244156
0.0749254 -0.687785 2.43788 -0.656833 0.753988 0.00797773 0.00309031
0.0781549 -0.687602 2.43806 -0.654751 0.75579 0.00819276 0.00382588
0.0812717 -0.687168 2.43742 -0.653078 0.757237 0.00849873 0.00302819
0.0842808 -0.686604 2.43778 -0.651082 0.758955 0.00785642 0.00417248
0.0873989 -0.685763 2.43726 -0.648807 0.760908 0.00777985 0.00290979
0.0910109 -0.684802 2.43732 -0.646272 0.76306 0.00783293 0.00336273
0.0944797 -0.684133 2.43833 -0.644351 0.764673 0.00887932 0.00292255
0.0974223 -0.68322 2.43702 -0.642703 0.766067 0.00848868 0.00149845
0.100517 -0.682425 2.43701 -0.640571 0.767862 0.00735528 0.00186454
0.103624 -0.681779 2.43695 -0.638967 0.769184 0.00869774 0.00117291
0.106668 -0.681452 2.43819 -0.637186 0.770669 0.00783157 0.00164202
0.109503 -0.680385 2.43734 -0.635422 0.772118 0.00840289 0.00146713
0.112364 -0.679429 2.43668 -0.633351 0.773817 0.00844611 0.00165761
0.115298 -0.678677 2.43682 -0.631756 0.775113 0.00902631 0.00158794
0.118369 -0.677974 2.43714 -0.629938 0.776596 0.00864609 0.00174144
0.121319 -0.677082 2.43695 -0.62826 0.777961 0.00799253 0.00147235
0.124432 -0.676041 2.43687 -0.626344 0.779515 0.00677319 0.00193746
0.128183 -0.674999 2.43714 -0.624504 0.780973 0.008684 0.0010541
0.131865 -0.673878 2.43699 -0.622981 0.782187 0.00868092 0.00150374
0.134712 -0.672754 2.43634 -0.621183 0.783621 0.00795775 0.00242785
0.137398 -0.672094 2.43756 -0.619387 0.785038 0.0079584 0.003459
0.139951 -0.670748 2.43633 -0.617192 0.786769 0.00794825 0.00231043
0.142834 -0.669717 2.43639 -0.615436 0.788147 0.00760162 0.00215976
0.14617 -0.668952 2.43673 -0.613404 0.789726 0.00778859 0.00290858
0.149424 -0.667811 2.43651 -0.612104 0.790728 0.00865413 0.00176404
0.152763 -0.666672 2.43643 -0.610192 0.792203 0.00868979 0.00218875
0.156059 -0.665733 2.43746 -0.608385 0.793588 0.0088309 0.00288612
0.159012 -0.664272 2.43651 -0.606105 0.795347 0.00681333 0.00371693
0.162062 -0.663116 2.43646 -0.604475 0.796575 0.00787927 0.00399964
0.165538 -0.662453 2.43804 -0.602271 0.798235 0.00892946 0.00344045
0.16902 -0.660709 2.43632 -0.599967 0.799977 0.0080363 0.00351458
0.172119 -0.659909 2.43742 -0.598243 0.801275 0.00724518 0.0032327
0.175331 -0.65889 2.43777 -0.596313 0.802713 0.00739501 0.00280354
0.178774 -0.658101 2.43889 -0.594475 0.804064 0.00852605 0.0027336
0.182107 -0.656927 2.4377 -0.592613 0.805462 0.00619617 0.00175087
0.185343 -0.656307 2.43823 -0.590996 0.806643 0.00638163 0.00320266
0.188361 -0.655459 2.43867 -0.589313 0.807846 0.00955681 0.00179227
0.191444 -0.654574 2.4384 -0.587189 0.809425 0.00603781 0.00206119
0.194681 -0.653779 2.439 -0.585332 0.810745 0.00827107 0.00318335
0.197626 -0.652296 2.4377 -0.583559 0.812041 0.00658262 0.00230424
0.200713 -0.651732 2.43945 -0.581345 0.813612 0.00791936 0.00331683
0.203731 -0.650615 2.439 -0.579387 0.815016 0.00677265 0.00365757
0.206552 -0.64972 2.43932 -0.577502 0.816355 0.00658956 0.00362347
0.209045 -0.648544 2.43913 -0.575337 0.817881 0.00669374 0.00358543
0.211645 -0.647376 2.43945 -0.573124 0.819419 0.0080456 0.00420276
0.214516 -0.646391 2.43997 -0.570905 0.820963 0.0084303 0.00403411
0.21749 -0.645057 2.43863 -0.568816 0.822425 0.00765962 0.00265342
0.220558 -0.644025 2.43929 -0.566599 0.823949 0.0084575 0.0017042
0.223585 -0.642828 2.43924 -0.564229 0.825581 0.00731573 0.00276187
0.226438 -0.641589 2.43942 -0.561743 0.827272 0.00747849 0.00315515
0.229297 -0.640383 2.44006 -0.559131 0.829049 0.00428812 0.00572506
0.232083 -0.639016 2.43983 -0.55724 0.830316 0.00594137 0.00482834
0.234844 -0.637702 2.43993 -0.554689 0.832024 0.00570331 0.00480612
0.237892 -0.636272 2.43968 -0.5525 0.833468 0.00752506 0.00428677
0.240935 -0.63496 2.44016 -0.55013 0.835041 0.00694115 0.00387615
0.243737 -0.633418 2.44004 -0.548308 0.836227 0.00828557 0.00382495
0.246505 -0.631943 2.44008 -0.54654 0.837391 0.00748886 0.00381026
0.249315 -0.630368 2.43997 -0.544286 0.838872 0.00543863 0.00418394
0.252549 -0.629072 2.44016 -0.542862 0.839794 0.00640088 0.00245518
0.255515 -0.628116 2.44136 -0.541054 0.84095 0.00723848 0.00344068
0.258023 -0.626648 2.44058 -0.538968 0.84229 0.00635639 0.00445551
0.260582 -0.625267 2.44079 -0.537014 0.843534 0.00730744 0.00370084
0.263167 -0.623894 2.44057 -0.534912 0.844868 0.00730221 0.00369307
0.265834 -0.622603 2.44066 -0.532871 0.846154 0.0075865 0.00374778
0.268451 -0.621175 2.44043 -0.530753 0.847484 0.00503823 0.00686233
0.27122 -0.619547 2.44027 -0.528681 0.84879 0.00632869 0.00343201
0.274283 -0.617939 2.44005 -0.526582 0.850067 0.00926791 0.00332711
0.276871 -0.615395 2.43705 -0.524659 0.851277 0.00758182 0.00147726
0.279698 -0.614782 2.44106 -0.522267 0.852733 0.00629706 0.00659278
0.282068 -0.613151 2.44099 -0.520553 0.853784 0.00613105 0.00634653
0.284644 -0.611343 2.44033 -0.518813 0.854843 0.00743533 0.00460073
0.287218 -0.609501 2.43972 -0.516997 0.855949 0.00647706 0.00474945
0.290087 -0.607842 2.44032 -0.515111 0.857077 0.00659565 0.00596137
0.292847 -0.606256 2.44075 -0.512766 0.858479 0.00624919 0.00674
0.295514 -0.604547 2.44079 -0.510936 0.859579 0.00568383 0.00597989
0.298295 -0.602919 2.44068 -0.508605 0.860952 0.00674816 0.00614171
0.300924 -0.601035 2.43989 -0.506307 0.862309 0.0058454 0.00655477
0.30384 -0.599104 2.43956 -0.503861 0.863742 0.00577533 0.00634398
0.307069 -0.597007 2.43955 -0.501526 0.865101 0.00563559 0.00638132
0.310244 -0.595151 2.4398 -0.49972 0.866148 0.0057762 0.00587834
0.312929 -0.593659 2.44008 -0.497889 0.867196 0.00518155 0.00709069
0.315391 -0.591855 2.4398 -0.495804 0.868391 0.00606373 0.00624086
0.318046 -0.590287 2.43959 -0.493954 0.869451 0.00572422 0.00564924
0.3208 -0.588927 2.43994 -0.492336 0.870369 0.00629151 0.00487019
0.323271 -0.587444 2.44018 -0.490145 0.8716 0.00627133 0.00558805
0.325669 -0.585662 2.43953 -0.487782 0.872928 0.00540967 0.00599876
0.328256 -0.584115 2.4403 -0.485475 0.874203 0.00588922 0.00701978
0.330817 -0.582551 2.43997 -0.483046 0.875552 0.00637608 0.00582321
0.333284 -0.581011 2.43987 -0.480505 0.876952 0.00517777 0.00664611
0.335664 -0.57911 2.43932 -0.477881 0.878396 0.00388224 0.00593256
0.338403 -0.577536 2.44012 -0.475072 0.8799 0.00457739 0.00785909
0.341022 -0.575425 2.43952 -0.472831 0.881115 0.0055253 0.00614306
0.343374 -0.573565 2.43929 -0.470444 0.88239 0.00459285 0.00705366
0.34528 -0.571422 2.43754 -0.468381 0.883498 0.00457353 0.00542699
0.347751 -0.57021 2.44003 -0.465431 0.885039 0.00451792 0.00766553
0.350101 -0.568206 2.43951 -0.463208 0.886209 0.00387287 0.00757248
0.352719 -0.566333 2.43937 -0.461021 0.887345 0.00422239 0.0078348
0.355323 -0.56458 2.43969 -0.458389 0.888714 0.00357902 0.00743387
0.357897 -0.562698 2.43899 -0.455598 0.89015 0.00316023 0.00723534
0.360712 -0.560967 2.43999 -0.45328 0.891323 0.00333682 0.0083057
0.363334 -0.55894 2.43938 -0.450903 0.892536 0.0035885 0.0072624
0.365838 -0.557198 2.4394 -0.447714 0.894142 0.00262515 0.00743299
0.368734 -0.555563 2.43991 -0.44466 0.895661 0.00545886 0.00629521
0.371515 -0.553608 2.43954 -0.441556 0.897204 0.00367657 0.00624646
0.373975 -0.55189 2.4397 -0.438838 0.898537 0.00273062 0.00680286
0.376689 -0.55023 2.44029 -0.436525 0.89966 0.00355836 0.00673082
0.379334 -0.54804 2.43943 -0.433997 0.900891 0.002474 0.00602982
0.381999 -0.545892 2.43943 -0.43166 0.902009 0.00189445 0.00673772
0.384263 -0.54379 2.43855 -0.429788 0.902901 0.00272622 0.00663094
0.386712 -0.542264 2.4401 -0.427831 0.903825 0.00375994 0.00684098
0.388878 -0.540269 2.43964 -0.425396 0.904974 0.00115083 0.00772287
0.391321 -0.538265 2.4397 -0.423222 0.905991 0.00213857 0.00761295
0.393992 -0.53628 2.44013 -0.420998 0.907026 0.00191727 0.00783384
0.396489 -0.534253 2.43971 -0.418467 0.908196 0.00250156 0.00770764
0.398806 -0.532116 2.43914 -0.41621 0.909238 0.00288375 0.00688306
0.401371 -0.530383 2.44061 -0.413719 0.910361 0.00254785 0.00849919
0.403715 -0.52833 2.44028 -0.411923 0.911185 0.00174118 0.00764615
0.405869 -0.526106 2.43978 -0.409748 0.912165 0.00142234 0.00779719
0.408229 -0.523778 2.43911 -0.407427 0.913206 0.00400979 0.00643026
0.410791 -0.521507 2.43917 -0.405151 0.914222 0.00413891 0.0057833
0.413554 -0.519529 2.44015 -0.403439 0.914974 0.00300855 0.00709826
0.415807 -0.517211 2.43925 -0.401153 0.915991 0.0020691 0.00578555
0.418441 -0.515382 2.44065 -0.398349 0.917194 0.00430551 0.00738977
0.420772 -0.513371 2.44005 -0.395692 0.918348 0.0026683 0.00760763
0.423159 -0.51143 2.43959 -0.392909 0.919544 -0.000638172 0.00778026
0.425694 -0.509503 2.44032 -0.391122 0.920316 0.00301088 0.00574253
0.428037 -0.507103 2.44024 -0.388062 0.921593 0.00520241 0.00691649
0.430304 -0.504747 2.44038 -0.38505 0.922824 0.00764524 0.00858578
0.433001 -0.502775 2.4434 -0.382793 0.92376 0.00799425 0.00858362
0.433909 -0.500343 2.43928 -0.379382 0.925219 0.00286313 0.0055158
0.436412 -0.497896 2.43989 -0.378648 0.925506 0.00714441 0.0037242
0.438614 -0.49591 2.44097 -0.375132 0.926944 0.00541806 0.00467764
0.440718 -0.493864 2.44123 -0.372822 0.927868 0.00226363 0.00766473
0.442855 -0.491649 2.44042 -0.370811 0.928692 0.00367165 0.00417372
0.44506 -0.489602 2.44126 -0.367972 0.929816 0.0019991 0.00583097
0.447056 -0.48742 2.4411 -0.366135 0.930536 0.00298883 0.00620795
0.448954 -0.485471 2.44138 -0.364127 0.931321 0.00471752 0.00543759
0.450441 -0.483208 2.44032 -0.361377 0.932398 0.00309211 0.00551759
0.4521 -0.480916 2.4405 -0.359299 0.933199 0.00192489 0.00639704
0.454166 -0.478417 2.44094 -0.356646 0.934212 0.00158771 0.00705324
0.456267 -0.475522 2.44078 -0.35518 0.934768 0.00449167 0.00599757
0.45842 -0.472821 2.44113 -0.353713 0.93532 0.00478174 0.00643031
0.460384 -0.470709 2.442 -0.351129 0.936294 0.00236968 0.00744016
0.461848 -0.468142 2.44172 -0.349155 0.937028 0.0025785 0.00785311
0.463675 -0.465737 2.44164 -0.346745 0.937929 0.00312651 0.00680549
0.46556 -0.463131 2.441 -0.34476 0.938669 0.00290602 0.00571056
0.467741 -0.460736 2.44187 -0.342431 0.939516 0.0019882 0.00680534
0.469706 -0.458176 2.44234 -0.34045 0.940226 0.00352877 0.00752363
0.471518 -0.45549 2.44246 -0.33857 0.940905 0.0033802 0.0075546
0.473036 -0.452419 2.44096 -0.336474 0.941655 0.00433682 0.00725649
0.474974 -0.449811 2.44123 -0.334308 0.942433 0.00547552 0.00533753
0.476917 -0.4466 2.44103 -0.331388 0.943459 0.0060968 0.0053806
0.478782 -0.443794 2.44181 -0.328643 0.944415 0.00162014 0.00843621
0.480875 -0.441333 2.44271 -0.326818 0.94505 0.0030524 0.00775651
0.482183 -0.438344 2.44128 -0.324933 0.945709 0.00302372 0.00662367
0.484009 -0.435915 2.44202 -0.323296 0.946262 0.00252436 0.00780003
0.485689 -0.433093 2.44137 -0.32165 0.946827 0.0028321 0.00722194
0.48754 -0.430708 2.44236 -0.319559 0.947529 0.00270245 0.007937
0.489413 -0.428185 2.44245 -0.317553 0.948205 0.00334559 0.0075471
0.490933 -0.425573 2.44215 -0.315485 0.948898 0.00270732 0.0074261
0.492995 -0.423135 2.4435 -0.313927 0.949404 0.00417377 0.00802417
0.494729 -0.420229 2.44274 -0.311341 0.950256 0.000674371 0.00892632
0.496572 -0.417505 2.44286 -0.309471 0.950869 0.00230415 0.00834767
0.498546 -0.414758 2.44347 -0.306937 0.951689 0.00483931 0.00737501
0.500292 -0.411923 2.44305 -0.304454 0.952475 0.00274224 0.00951887
0.501703 -0.40959 2.44362 -0.302485 0.953103 0.00306854 0.00932506
0.50244 -0.40717 2.44209 -0.300217 0.953826 0.00108825 0.009247
0.503593 -0.404768 2.44275 -0.297897 0.954553 0.00191102 0.00909083
0.504907 -0.402078 2.44261 -0.295124 0.955413 0.00210249 0.00918531
0.50655 -0.3995 2.4421 -0.292625 0.95618 0.000872064 0.00943934
0.508307 -0.396943 2.44231 -0.289376 0.957161 -0.0021642 0.0099858
0.510295 -0.394566 2.44447 -0.287335 0.95777 0.00144369 0.0106092
0.511688 -0.391867 2.44377 -0.284719 0.958544 6.10072e-05 0.0113474
0.513277 -0.388978 2.44265 -0.281711 0.95946 0.000759453 0.00870585
0.515034 -0.386425 2.44299 -0.278789 0.960305 1.36565e-05 0.0095062
0.516759 -0.383643 2.44273 -0.275633 0.961223 -0.00174256 0.00860382
0.518636 -0.380646 2.44332 -0.273184 0.961919 0.00220752 0.00877456
0.520197 -0.377825 2.4435 -0.270676 0.962628 0.000283517 0.0090125
0.521737 -0.375108 2.4441 -0.268722 0.96318 0.00181619 0.00837048
0.523134 -0.37214 2.44348 -0.26597 0.963946 -0.000110897 0.00822229
0.525249 -0.369277 2.44401 -0.263367 0.96467 0.00166011 0.0067775
0.52703 -0.366344 2.44388 -0.26177 0.965098 0.000297426 0.00793521
0.528936 -0.364027 2.44479 -0.259407 0.965735 -0.000744491 0.00795698
0.530431 -0.3616 2.44493 -0.256774 0.966445 0.000791733 0.00714731
0.531519 -0.358919 2.44399 -0.254407 0.967072 0.000657367 0.00698792
0.533005 -0.356357 2.44436 -0.251636 0.967786 -0.0002143 0.00839301
0.534646 -0.353715 2.44534 -0.249622 0.968313 0.00179874 0.0074439
0.536164 -0.350882 2.44542 -0.246882 0.969006 0.000564461 0.00867817
0.537743 -0.347863 2.44549 -0.245158 0.969453 0.00198653 0.0073604
0.539255 -0.344981 2.4461 -0.242649 0.970063 0.00209319 0.0097833
0.540374 -0.342094 2.44601 -0.240594 0.970577 0.00335334 0.00908212
0.541485 -0.339299 2.44609 -0.238098 0.971191 0.000494511 0.00988804
0.542869 -0.336371 2.44676 -0.236211 0.971647 0.00514535 0.00888296
0.544216 -0.333282 2.44623 -0.233873 0.972221 0.00173324 0.00936113
0.545783 -0.330391 2.44616 -0.231339 0.972827 0.0020789 0.00929111
0.547596 -0.327564 2.44768 -0.229471 0.973256 0.00525233 0.009379
0.548475 -0.324428 2.4454 -0.226007 0.974087 -0.00162508 0.00858861
0.549985 -0.32172 2.44686 -0.224664 0.974382 0.00298409 0.00981748
0.551122 -0.3187 2.44659 -0.22325 0.97471 0.00664995 0.00742148
0.552354 -0.315472 2.44633 -0.220326 0.975386 0.00270817 0.00846037
0.553807 -0.312085 2.44666 -0.218088 0.975886 0.00407521 0.00821803
0.555207 -0.308809 2.44766 -0.216084 0.976325 0.00371035 0.00912771
0.556277 -0.305732 2.44784 -0.214588 0.976639 0.00513325 0.0100606
0.557323 -0.302622 2.44747 -0.2126 0.977091 0.00404276 0.0088456
0.558633 -0.299574 2.4477 -0.2104 0.977576 0.00340196 0.00814245
0.559862 -0.296508 2.44746 -0.208889 0.977901 0.00428324 0.00757784
0.56118 -0.293896 2.4478 -0.207245 0.978234 0.00769562 0.00692326
0.562347 -0.291354 2.44855 -0.204322 0.978852 0.00370267 0.0093433
0.56318 -0.288626 2.44831 -0.20184 0.979373 0.00389875 0.00858583
0.56434 -0.285986 2.44932 -0.199464 0.979853 0.0041964 0.00923587
0.565301 -0.283293 2.44924 -0.197181 0.980304 0.00691309 0.00876246
0.566194 -0.280559 2.44885 -0.194187 0.980914 0.00429994 0.00897649
0.56718 -0.277847 2.44843 -0.191132 0.981526 0.00314655 0.00812724
0.568674 -0.274829 2.44854 -0.188151 0.982099 0.00545565 0.00713405
0.569918 -0.271724 2.44954 -0.185907 0.982508 0.00691811 0.00835571
0.570894 -0.268977 2.45039 -0.183281 0.982997 0.00479398 0.0100747
0.571529 -0.266038 2.44939 -0.180797 0.983465 0.00526608 0.00902821
0.572567 -0.263108 2.44972 -0.178109 0.983952 0.00506213 0.00944779
0.573442 -0.260142 2.44897 -0.175738 0.984396 0.00419283 0.00790306
0.574727 -0.257358 2.45034 -0.173335 0.9848 0.00692702 0.00868601
0.575604 -0.254488 2.4499 -0.170287 0.985346 0.00489904 0.00844029
0.57673 -0.251564 2.45037 -0.167636 0.985787 0.00473539 0.00996034
0.577683 -0.248465 2.45038 -0.164763 0.986267 0.00452354 0.0105172
0.578431 -0.244982 2.44906 -0.162697 0.986633 0.00538292 0.00747132
0.579709 -0.241715 2.44902 -0.159364 0.987186 0.00530449 0.00624325
0.580942 -0.238048 2.44935 -0.155771 0.98775 0.0051298 0.00768421
0.582237 -0.234956 2.45063 -0.15322 0.98814 0.00712088 0.00726744
0.583051 -0.232081 2.45077 -0.150965 0.988481 0.00722735 0.00792419
0.584014 -0.22932 2.45175 -0.148158 0.988904 0.00554448 0.00935402
0.584785 -0.226417 2.45119 -0.146125 0.989212 0.00682216 0.00781689
0.585683 -0.223322 2.45153 -0.144335 0.989458 0.00810203 0.00859174
0.586416 -0.220151 2.45165 -0.141621 0.989863 0.00598527 0.00888393
0.586998 -0.216852 2.45115 -0.139224 0.990192 0.00710616 0.00928656
0.58809 -0.213772 2.45228 -0.136728 0.990535 0.00784572 0.00918813
0.58866 -0.210599 2.4511 -0.134634 0.990829 0.00753193 0.0086369
0.589806 -0.207658 2.45218 -0.132044 0.991157 0.00917513 0.00938988
0.59068 -0.204567 2.45218 -0.129185 0.991552 0.00770734 0.00880098
0.591494 -0.200996 2.45194 -0.126399 0.991902 0.00916525 0.0083328
0.592296 -0.197756 2.45259 -0.124251 0.992151 0.0105157 0.00934636
0.593004 -0.195031 2.45302 -0.121826 0.992457 0.00850237 0.0107529
0.593228 -0.192066 2.45272 -0.119863 0.992685 0.0103486 0.0101357
0.593438 -0.188876 2.45202 -0.117927 0.992934 0.00956224 0.00917191
0.594261 -0.18557 2.45269 -0.115404 0.99323 0.00858214 0.0101437
0.595269 -0.182314 2.45323 -0.113111 0.993503 0.00775481 0.0098233
0.59622 -0.178921 2.45348 -0.110877 0.99375 0.00839365 0.00986124
0.596901 -0.17558 2.45312 -0.108185 0.994047 0.00828836 0.00991367
0.597736 -0.172532 2.45388 -0.105306 0.994354 0.00761292 0.0106445
0.598518 -0.169376 2.45368 -0.102864 0.994592 0.0102815 0.00999924
0.599623 -0.166283 2.45451 -0.0998004 0.994907 0.00932308 0.0106094
0.600691 -0.162748 2.45443 -0.0959179 0.995295 0.00949524 0.00989637
0.601293 -0.159267 2.45407 -0.0925241 0.995607 0.0105374 0.0097379
0.60175 -0.156331 2.45422 -0.0894762 0.995887 0.0102963 0.0098605
0.602188 -0.153326 2.45425 -0.0866905 0.99613 0.0109732 0.00945362
0.6028 -0.150322 2.4547 -0.0838588 0.996383 0.0104779 0.00891669
0.603473 -0.147302 2.45482 -0.0812406 0.996599 0.0101968 0.00928763
0.603954 -0.144289 2.45464 -0.0789581 0.996771 0.0120258 0.0083352
0.604531 -0.141377 2.4542 -0.0758527 0.99702 0.011176 0.00849326
0.605111 -0.138514 2.45439 -0.0733166 0.9972 0.0120963 0.0083774
0.605716 -0.135691 2.45506 -0.0702216 0.997431 0.0103801 0.00962558
0.606094 -0.132775 2.45477 -0.0676484 0.997603 0.0116281 0.0087812
0.606498 -0.129862 2.45483 -0.0645214 0.997825 0.00996947 0.00912416
0.606573 -0.126716 2.45339 -0.0619474 0.997998 0.010311 0.00756076
0.607365 -0.123814 2.45458 -0.0594217 0.998144 0.0106012 0.00808003
0.607669 -0.12061 2.4543 -0.0575135 0.998243 0.0117873 0.00804286
0.608275 -0.117121 2.45481 -0.0548995 0.998379 0.0124279 0.00847692
0.608874 -0.113804 2.45448 -0.0516001 0.998572 0.0111468 0.00823474
0.609234 -0.110612 2.45394 -0.048628 0.998737 0.010273 0.00736866
0.610109 -0.107667 2.45521 -0.046291 0.998825 0.0118216 0.00817816
0.610386 -0.104611 2.4546 -0.042968 0.999004 0.00950169 0.00733026
0.61091 -0.101404 2.45542 -0.0405758 0.999081 0.0115727 0.00754444
0.610936 -0.0981288 2.45453 -0.037759 0.999194 0.0115986 0.00721549
0.611347 -0.0948174 2.45522 -0.0348058 0.999281 0.0121971 0.00874595
0.611188 -0.0916012 2.45342 -0.0322624 0.999382 0.0121659 0.00683507
0.611738 -0.0882294 2.45506 -0.0294778 0.999466 0.0115803 0.00804954
0.611858 -0.0847814 2.4552 -0.0261171 0.999516 0.0144537 0.0087554
0.611891 -0.0816212 2.45493 -0.0238961 0.999595 0.0135765 0.00744281
0.611636 -0.0786235 2.45364 -0.020879 0.999712 0.00950558 0.00702959
0.612042 -0.0756912 2.45397 -0.0185889 0.99974 0.0109954 0.00732517
0.612632 -0.0726954 2.45478 -0.0163923 0.999794 0.00869171 0.008241
0.612673 -0.0697943 2.45416 -0.0141544 0.999816 0.0105314 0.00756019
0.612706 -0.0665257 2.45425 -0.0113083 0.999733 0.0186027 0.00769583
0.613241 -0.0637401 2.45621 -0.00909522 0.999824 0.0131739 0.00977782
0.613156 -0.0607317 2.45534 -0.00788507 0.999878 0.0102703 0.0087038
0.613385 -0.0576986 2.45545 -0.00549013 0.999908 0.0071688 0.0101123
0.612594 -0.0542648 2.45151 -0.001871 0.999941 0.00942703 0.00497274
0.61165 -0.051332 2.44942 6.78986e-05 0.999773 0.0210635 0.00318352
0.614787 -0.0481362 2.46415 0.00230191 0.99973 0.0180572 0.014474
0.611147 -0.0441246 2.45032 0.00218682 0.999786 0.0198844 0.00531144
0.612217 -0.0420019 2.45586 0.00679366 0.999885 0.0106852 0.00829866
0.612101 -0.0390714 2.45686 0.00895821 0.999875 0.00864151 0.00970812
0.610996 -0.0360519 2.453 0.0115616 0.999896 0.0063008 0.00585675
0.610959 -0.0328594 2.45325 0.0140421 0.999803 0.0120957 0.0070489
0.611197 -0.0298594 2.45479 0.0162139 0.99975 0.0129681 0.00825782
0.610589 -0.0267915 2.45405 0.0180366 0.999681 0.0161748 0.0070802
0.609766 -0.0237854 2.45306 0.0207375 0.999672 0.0134866 0.00657917
0.609202 -0.0208005 2.45243 0.0235996 0.999629 0.0123096 0.00574433
0.608914 -0.0177425 2.45305 0.0260082 0.999563 0.0124769 0.00644989
0.608519 -0.0144048 2.45291 0.0288746 0.999493 0.0120802 0.00582475
0.607818 -0.0107231 2.45271 0.0319607 0.999409 0.0111994 0.00583236
0.607078 -0.00758477 2.45173 0.0347571 0.999316 0.0117021 0.00469986
0.606728 -0.00482242 2.45337 0.0362356 0.999239 0.0128979 0.00640999
0.606058 -0.00233761 2.45317 0.0386303 0.999171 0.0109202 0.00676995
0.605342 0.000480584 2.45239 0.0408709 0.999097 0.00986144 0.00610348
0.604695 0.00345214 2.45163 0.0432635 0.999001 0.00932987 0.00625825
0.604237 0.00645439 2.45218 0.0451235 0.998916 0.00944098 0.00639529
0.603882 0.00966965 2.45265 0.0473574 0.99881 0.00897228 0.00740377
0.603633 0.0128646 2.45314 0.0500019 0.998668 0.0101462 0.00766395
0.603086 0.0158867 2.45219 0.0521359 0.998552 0.0112227 0.00705525
0.602667 0.0188555 2.45169 0.0548244 0.998425 0.00982774 0.00668133
0.602214 0.0217499 2.45177 0.0569962 0.998299 0.0102432 0.00681504
0.601557 0.0248755 2.45155 0.0599532 0.998124 0.010366 0.00676367
0.60073 0.0281909 2.45107 0.0621311 0.997982 0.01093 0.00728332
0.600164 0.031251 2.45138 0.0643656 0.997854 0.00959565 0.00726069
0.599391 0.0341096 2.45136 0.0665411 0.997723 0.0077683 0.00774578
0.598461 0.0370215 2.45102 0.0693069 0.997539 0.0078971 0.00708785
0.597607 0.0400238 2.45066 0.0710436 0.997394 0.00994356 0.00762732
0.596925 0.0431338 2.45106 0.0734551 0.997253 0.00697037 0.00654739
0.595941 0.046379 2.45058 0.0752923 0.99708 0.0106866 0.00698368
0.595437 0.0496915 2.45152 0.0774123 0.996907 0.0101379 0.00897493
0.59435 0.0528515 2.44999 0.0802063 0.996711 0.00935749 0.00676902
0.593755 0.056027 2.45014 0.0821164 0.996562 0.00849102 0.0069483
0.593096 0.0591658 2.45006 0.0851426 0.996304 0.00895235 0.00699696
0.592422 0.0625333 2.4499 0.0881959 0.996036 0.00956046 0.00656529
0.591569 0.0662272 2.44997 0.0907517 0.995816 0.00892358 0.00599277
0.590885 0.0695948 2.4505 0.0923841 0.995644 0.00987782 0.00775789
0.589707 0.0728427 2.44895 0.0948968 0.99544 0.00798972 0.00555534
0.589336 0.0761029 2.45032 0.0970636 0.995229 0.00788212 0.00603072
0.58858 0.07934 2.44984 0.0991141 0.99503 0.00787648 0.00551554
0.588357 0.0823551 2.45126 0.100559 0.994867 0.00906552 0.00676909
0.587624 0.0851927 2.45063 0.103205 0.994592 0.00955425 0.00668358
0.58706 0.0880328 2.45058 0.105784 0.994334 0.00849128 0.00608999
0.586568 0.0909494 2.45092 0.108949 0.993992 0.00845412 0.00623107
0.585629 0.0937502 2.44982 0.111507 0.993709 0.00795859 0.00679089
0.585042 0.0966489 2.45044 0.114017 0.993417 0.00858871 0.00693618
0.584013 0.0995982 2.44952 0.116803 0.993092 0.00973002 0.00560179
0.583067 0.102471 2.44924 0.119643 0.992764 0.00857191 0.00568142
0.582637 0.105283 2.45064 0.122101 0.992462 0.00799864 0.00677219
0.581541 0.108115 2.44967 0.124568 0.992145 0.00932433 0.0065833
0.580757 0.111078 2.44999 0.127321 0.991805 0.00786458 0.00705372
0.579459 0.114236 2.4482 0.12975 0.991483 0.0101637 0.00475911
0.578745 0.117326 2.44929 0.132025 0.991181 0.0102426 0.00505914
0.577914 0.120301 2.45024 0.134477 0.990843 0.0100343 0.00674352
0.577018 0.123319 2.45031 0.137396 0.990452 0.00930355 0.00640024
0.576097 0.126324 2.4501 0.139666 0.990109 0.0116062 0.00659442
0.574806 0.129157 2.44854 0.142204 0.989781 0.0095488 0.00459885
0.573765 0.132358 2.44897 0.144726 0.989397 0.0107284 0.00572401
0.573065 0.135701 2.45005 0.147633 0.988981 0.00974195 0.00517957
0.571832 0.138998 2.44939 0.150538 0.988529 0.0110354 0.0052348
0.571066 0.141913 2.45052 0.153632 0.988073 0.0084455 0.00618036
0.569994 0.144736 2.44941 0.156067 0.987697 0.00876273 0.0044913
0.569065 0.147737 2.44961 0.158059 0.987339 0.0122012 0.00544179
0.568427 0.15082 2.4505 0.160726 0.986928 0.0105278 0.00541366
0.567402 0.153787 2.45002 0.162711 0.986587 0.0118683 0.00557403
0.566351 0.156877 2.44972 0.164817 0.986224 0.0128129 0.00583649
0.565078 0.159916 2.44972 0.167403 0.985807 0.0115163 0.00522589
0.563931 0.162907 2.44953 0.169676 0.9854 0.0126457 0.00609249
0.562989 0.165554 2.45061 0.171938 0.985009 0.0119488 0.00719183
0.561763 0.168192 2.45033 0.174058 0.984633 0.0125867 0.00662198
0.560577 0.171089 2.45062 0.176337 0.984203 0.0137311 0.00780352
0.559228 0.174155 2.4494 0.17955 0.983683 0.0103785 0.00463299
0.557694 0.177282 2.44902 0.181684 0.983245 0.0138052 0.00545721
0.556697 0.18003 2.45026 0.183389 0.982938 0.0123338 0.00698766
0.555207 0.18252 2.4496 0.185788 0.982501 0.0115322 0.00648076
0.553768 0.18544 2.45047 0.187877 0.982094 0.0116825 0.00758866
0.552203 0.188368 2.44971 0.189761 0.981747 0.0110076 0.00645546
0.550762 0.191341 2.4494 0.191754 0.981344 0.0122781 0.00667716
0.549546 0.194418 2.44976 0.193913 0.980901 0.0132333 0.00746406
0.548308 0.197472 2.45035 0.196711 0.980368 0.0116093 0.00691761
0.546901 0.200569 2.44926 0.199025 0.979855 0.0150427 0.00685022
0.545762 0.203733 2.44935 0.201492 0.979345 0.0154057 0.00677479
0.544499 0.206932 2.44953 0.204841 0.978682 0.0133187 0.00665935
0.542765 0.210251 2.44832 0.207616 0.978088 0.0146234 0.00511846
0.541332 0.213288 2.44911 0.210024 0.977587 0.0129627 0.00678444
0.539756 0.216087 2.44909 0.212109 0.977088 0.01617 0.00688018
0.5384 0.218875 2.45005 0.215369 0.976382 0.0156817 0.00694589
0.53718 0.221639 2.45021 0.217845 0.975832 0.0155486 0.00731273
0.535764 0.224266 2.44959 0.220297 0.97529 0.0153551 0.00655171
0.534482 0.227054 2.44969 0.222884 0.974704 0.0153543 0.0061754
0.532774 0.2296 2.44831 0.225661 0.974086 0.0148296 0.00376471
0.531728 0.232614 2.45087 0.227557 0.973598 0.0158589 0.00855572
0.53032 0.235045 2.45138 0.230274 0.972987 0.0142754 0.00810149
0.528484 0.237507 2.45052 0.232335 0.972493 0.0147704 0.00772791
0.526812 0.240094 2.44962 0.235255 0.971789 0.0154752 0.0064224
0.525261 0.2431 2.44936 0.238424 0.971044 0.0141605 0.00515964
0.523635 0.246089 2.44962 0.240824 0.970449 0.0141389 0.00570785
0.521892 0.248791 2.44907 0.242379 0.970036 0.0159104 0.0054994
0.520287 0.251634 2.44949 0.244679 0.969476 0.0143519 0.00654551
0.518777 0.254156 2.44972 0.247516 0.968747 0.0153034 0.00546495
0.517193 0.256718 2.44961 0.250389 0.968015 0.01463 0.00622839
0.515928 0.259577 2.44944 0.253177 0.967289 0.014949 0.00548404
0.514788 0.262453 2.44917 0.256488 0.966438 0.0138235 0.00459854
0.513323 0.265214 2.4484 0.259252 0.965696 0.0139358 0.00506592
0.511983 0.267954 2.44904 0.261844 0.965006 0.0135485 0.00419491
0.510267 0.270763 2.44939 0.264393 0.964272 0.0153503 0.00628479
0.508428 0.27349 2.44855 0.266846 0.963581 0.016588 0.00542016
0.506702 0.276419 2.44807 0.27024 0.962677 0.0143685 0.00398392
0.504637 0.279518 2.44804 0.273244 0.961818 0.0150152 0.00439332
0.5027 0.282372 2.44773 0.275396 0.961164 0.0173583 0.00451373
0.500917 0.284983 2.44684 0.278276 0.960354 0.0165999 0.0027965
0.499185 0.287805 2.44742 0.279929 0.959854 0.0176407 0.00291524
0.497607 0.290538 2.4481 0.282353 0.95916 0.0162493 0.00506096
0.49613 0.293154 2.44835 0.284344 0.958591 0.0149833 0.00515908
0.494438 0.295866 2.44833 0.286893 0.957807 0.0166491 0.00464099
0.49274 0.29824 2.44668 0.28901 0.957125 0.0189901 0.00496992
0.491388 0.300823 2.4473 0.292017 0.956306 0.0141232 0.00225884
0.489632 0.303319 2.44703 0.29383 0.955713 0.0163954 0.00294468
0.487566 0.30576 2.44653 0.295848 0.955091 0.0163147 0.00294827
0.48565 0.308535 2.44675 0.298565 0.954285 0.0139017 0.00248589
0.483534 0.311025 2.44551 0.300492 0.95363 0.0170671 0.00160707
0.481935 0.313573 2.44647 0.302654 0.952965 0.0155549 0.00413658
0.480166 0.315787 2.44585 0.304877 0.952245 0.0162261 0.00391878
0.478306 0.318216 2.44582 0.307262 0.9515 0.0152671 0.00227276
0.476315 0.320728 2.4456 0.309348 0.950815 0.0157997 0.00203805
0.474382 0.323123 2.44544 0.311566 0.950084 0.0162007 0.0020764
0.472571 0.325534 2.44581 0.313875 0.949311 0.016975 0.00194293
0.470589 0.327869 2.44583 0.316564 0.948429 0.0161921 0.00264888
0.468582 0.330096 2.44577 0.318723 0.947696 0.0168157 0.00227458
0.466401 0.332176 2.4451 0.320894 0.946975 0.0162243 0.00125088
0.464221 0.334293 2.44492 0.323249 0.946173 0.0162332 0.00198079
0.462037 0.336574 2.44468 0.32536 0.945428 0.0173663 0.0022551
0.459649 0.338752 2.44373 0.328031 0.944505 0.0174664 0.00113226
0.45746 0.341041 2.44371 0.330011 0.943808 0.0178311 0.000387554
0.455479 0.34304 2.44396 0.332318 0.943009 0.0172055 0.00152295
0.453426 0.344935 2.44396 0.334201 0.942326 0.0181289 0.00153927
0.451604 0.347241 2.44461 0.336314 0.941593 0.0171282 0.0014364
0.449758 0.349438 2.44435 0.338326 0.940907 0.0151249 -0.00104485
0.447621 0.3516 2.44344 0.339856 0.940332 0.0165136 -0.000184078
0.445537 0.353995 2.44357 0.342156 0.939494 0.0167293 0.000256522
0.443561 0.356286 2.44333 0.344547 0.938621 0.0166792 1.57034e-05
0.441441 0.358304 2.44339 0.346256 0.938007 0.0158279 -0.000576995
0.439265 0.360139 2.44281 0.348197 0.937253 0.0177638 0.00069042
0.437253 0.362136 2.44245 0.350656 0.936371 0.0157978 -0.000678689
0.435247 0.364404 2.44251 0.352632 0.935613 0.0166949 0.000111213
0.433151 0.366956 2.44275 0.355677 0.934499 0.0142354 -0.00188006
0.430608 0.368982 2.4422 0.357257 0.933893 0.0144366 -0.00167302
0.428429 0.370929 2.44293 0.358933 0.933236 0.0154388 -0.00038024
0.426009 0.37286 2.4428 0.361052 0.932407 0.0160684 -0.000188331
0.423722 0.374959 2.44349 0.362975 0.931674 0.0152866 4.28201e-05
0.421066 0.376827 2.44205 0.364775 0.930982 0.0144998 -0.00111524
0.418897 0.379183 2.44352 0.366866 0.930174 0.0135751 -0.000767149
0.416111 0.380918 2.44131 0.368488 0.929489 0.0163497 -0.000305854
0.413748 0.383033 2.44121 0.370777 0.928598 0.0150883 -0.00168219
0.411305 0.385265 2.44139 0.372898 0.92777 0.0137545 -0.000601532
0.408987 0.387593 2.44185 0.375409 0.926741 0.0147179 -0.00139828
0.406394 0.389969 2.441 0.378662 0.925469 0.0101466 -0.00431274
0.403222 0.39205 2.43954 0.380449 0.924743 0.0100294 -0.00295492
0.400344 0.394465 2.43883 0.381381 0.924159 0.0213419 -0.004867
0.398784 0.397565 2.4439 0.384067 0.923214 0.0125019 -0.00340184
0.396158 0.399516 2.44279 0.386094 0.922344 0.0143149 -0.00271337
0.393402 0.401729 2.4411 0.387563 0.921676 0.0175788 7.71284e-05
0.391503 0.403946 2.44168 0.390085 0.92068 0.0132458 -0.00251705
0.389224 0.406007 2.44188 0.392077 0.919837 0.0128062 -0.0035173
0.38685 0.408017 2.44169 0.393404 0.919222 0.0161162 -0.00215203
0.384424 0.410034 2.44127 0.395647 0.918249 0.0167171 -0.00176971
0.38241 0.412357 2.44202 0.39822 0.91715 0.0158698 -0.00214586
0.380144 0.414561 2.44221 0.401069 0.91594 0.0138118 -0.00270799
0.377931 0.416861 2.44252 0.403681 0.914762 0.0157231 -0.00208715
0.375395 0.419063 2.44132 0.406865 0.913339 0.01614 -0.00357681
0.372902 0.421024 2.4409 0.408899 0.912422 0.0165189 -0.00393937
0.370965 0.422686 2.44207 0.410864 0.911524 0.0175749 -0.00259769
0.368656 0.424073 2.44224 0.413599 0.910361 0.0126637 -0.00439439
0.365936 0.425543 2.44143 0.415845 0.909323 0.0135944 -0.00443364
0.363161 0.427374 2.44046 0.417455 0.90852 0.0175948 -0.00364679
0.360727 0.429439 2.441 0.419845 0.907471 0.0145805 -0.00366441
0.358345 0.431573 2.44112 0.4222 0.906376 0.014413 -0.00478384
0.355736 0.433436 2.44059 0.424371 0.905337 0.0158255 -0.00485081
0.35317 0.43541 2.44084 0.426713 0.904253 0.0143909 -0.00602022
0.350264 0.437234 2.43975 0.428777 0.903237 0.0166087 -0.00610111
0.347889 0.43958 2.44178 0.431556 0.901942 0.0155347 -0.00440562
0.345059 0.441801 2.441 0.434557 0.900481 0.0163181 -0.00520324
0.342196 0.443849 2.44038 0.437073 0.899219 0.0183076 -0.00611838
0.33974 0.445835 2.44066 0.439581 0.898012 0.0174257 -0.00624341
0.33731 0.44797 2.44111 0.441697 0.896975 0.0175079 -0.00573001
0.334767 0.450038 2.44117 0.443952 0.895884 0.0156909 -0.00729327
0.332286 0.452203 2.44174 0.445658 0.89503 0.0159799 -0.00735806
0.329742 0.454065 2.44136 0.447587 0.89404 0.0181095 -0.00542551
0.327157 0.455913 2.44149 0.449888 0.892928 0.0154977 -0.00628325
0.324708 0.457561 2.44174 0.451661 0.892034 0.0155084 -0.00601305
0.322046 0.459207 2.44202 0.453478 0.891072 0.0177414 -0.00579295
0.319291 0.460789 2.4413 0.455412 0.890068 0.0186188 -0.0057104
0.316704 0.462551 2.44182 0.457748 0.888902 0.0165087 -0.0068314
0.313871 0.464096 2.44166 0.459386 0.888074 0.0155902 -0.00682056
0.310988 0.465592 2.44164 0.461253 0.887086 0.0170859 -0.00565455
0.308529 0.467149 2.44263 0.462722 0.886324 0.01729 -0.00441011
0.30572 0.468338 2.44093 0.465016 0.885123 0.0163921 -0.00704025
0.303034 0.470086 2.44177 0.466983 0.884113 0.0145229 -0.00768623
0.300031 0.471844 2.44162 0.46853 0.883281 0.0161903 -0.00573848
0.297047 0.473636 2.44174 0.470018 0.882423 0.0197062 -0.00492698
0.294272 0.475455 2.44214 0.471844 0.881487 0.0174765 -0.00618417
0.291514 0.477123 2.44244 0.473723 0.880483 0.0170258 -0.00681088
0.288635 0.47869 2.44273 0.475311 0.879606 0.0186025 -0.00526165
0.285896 0.480154 2.44281 0.477496 0.878467 0.0163452 -0.00512026
0.283152 0.481942 2.44357 0.479613 0.877346 0.0144043 -0.00522791
0.280217 0.483543 2.44247 0.481906 0.876046 0.0164191 -0.00636373
0.277257 0.48518 2.44244 0.484164 0.874758 0.018608 -0.00605116
0.274457 0.486634 2.44291 0.48631 0.8736 0.0167673 -0.00668399
0.271774 0.488154 2.44323 0.488813 0.872208 0.0164466 -0.00660934
0.268815 0.489483 2.44212 0.490789 0.87102 0.0201428 -0.00672559
0.266405 0.491392 2.4439 0.49294 0.869881 0.0167722 -0.00606694
0.263914 0.492814 2.44366 0.494868 0.86878 0.0165131 -0.00734915
0.261247 0.494193 2.44333 0.497168 0.867434 0.0182058 -0.00718246
0.258663 0.495749 2.4435 0.499461 0.866102 0.0188563 -0.00715464
0.255887 0.497152 2.44259 0.501635 0.86483 0.0188775 -0.00862009
0.253389 0.498849 2.4436 0.503619 0.863704 0.0184396 -0.00664356
0.250667 0.500111 2.44349 0.505869 0.862386 0.0185344 -0.00656468
0.247951 0.501346 2.44351 0.508333 0.860952 0.0175246 -0.00723534
0.245093 0.502976 2.44416 0.510601 0.859603 0.0178996 -0.00703722
0.242208 0.504179 2.44361 0.512307 0.858563 0.0187148 -0.00786947
0.239385 0.505452 2.44373 0.514107 0.857498 0.0179096 -0.00843441
0.236254 0.506714 2.44343 0.515593 0.856611 0.018104 -0.00737144
0.233087 0.507972 2.44321 0.517536 0.855418 0.0184885 -0.00859758
0.230089 0.509079 2.44301 0.519296 0.854329 0.0194569 -0.00869022
0.227344 0.510635 2.4438 0.521515 0.85304 0.0166539 -0.0081991
0.224434 0.511895 2.44464 0.523939 0.851568 0.0171544 -0.00509791
0.221429 0.512782 2.44188 0.525732 0.850388 0.0196445 -0.00774509
0.218655 0.514358 2.44258 0.528662 0.848632 0.0162075 -0.00877543
0.215557 0.515924 2.44224 0.530528 0.847386 0.0203085 -0.00799332
0.212402 0.517405 2.44286 0.532918 0.845958 0.016615 -0.00875553
0.208824 0.518925 2.44275 0.53569 0.844161 0.018715 -0.00887023
0.205493 0.520038 2.44272 0.537591 0.842966 0.0185152 -0.00779742
0.2026 0.521373 2.44331 0.539608 0.841711 0.0169387 -0.00767733
0.199451 0.522096 2.44174 0.541298 0.840549 0.0201827 -0.00819654
0.196472 0.523386 2.44163 0.543049 0.839444 0.0187663 -0.00890278
0.193505 0.524695 2.44204 0.544881 0.838258 0.0181869 -0.00986542
0.190444 0.525792 2.44132 0.546464 0.837184 0.0206543 -0.00853493
0.187531 0.527099 2.44206 0.548363 0.836 0.0178168 -0.00915514
0.184464 0.528211 2.44173 0.550271 0.834722 0.0196198 -0.00748021
0.181489 0.529416 2.44109 0.552395 0.83332 0.0186851 -0.00939052
0.178375 0.530771 2.44037 0.554191 0.832104 0.0191109 -0.0104925
0.175182 0.532269 2.44023 0.55642 0.830619 0.0193182 -0.00977529
0.171952 0.533714 2.44006 0.559126 0.828824 0.0175718 -0.0109912
0.168915 0.534557 2.44003 0.561236 0.827398 0.0183406 -0.00954605
0.166359 0.535527 2.44001 0.56318 0.826094 0.0173496 -0.0097561
0.163931 0.536632 2.44071 0.565696 0.824381 0.0165356 -0.0105253
0.161238 0.537581 2.43995 0.567984 0.82277 0.0181477 -0.0107158
0.158358 0.538385 2.43931 0.570405 0.821098 0.0177677 -0.0109925
0.155346 0.539375 2.43878 0.572824 0.819413 0.0175123 -0.0113222
0.152569 0.540555 2.43954 0.575124 0.81783 0.0164702 -0.0107263
0.149565 0.541423 2.43904 0.577507 0.816109 0.0178169 -0.011564
0.146819 0.542494 2.43981 0.579716 0.814575 0.0160905 -0.0117023
0.143866 0.543425 2.43938 0.582223 0.81275 0.0178702 -0.0115704
0.141029 0.544143 2.43872 0.584594 0.811048 0.0164448 -0.0134781
0.137822 0.545253 2.43941 0.58713 0.809235 0.0162895 -0.0123335
0.134255 0.54644 2.43911 0.590171 0.807001 0.0164663 -0.0132944
0.131044 0.547623 2.44036 0.59258 0.805254 0.0154405 -0.0133008
0.128081 0.548642 2.44039 0.594606 0.803729 0.0173545 -0.012754
0.125064 0.549502 2.44022 0.596592 0.802262 0.0167423 -0.0131414
0.122249 0.550683 2.44105 0.598255 0.80102 0.0176563 -0.0120757
0.119405 0.55137 2.44029 0.600352 0.799441 0.0172958 -0.0130976
0.11641 0.552283 2.44052 0.602317 0.797966 0.0169701 -0.0132835
0.113723 0.553827 2.44246 0.604992 0.795958 0.0160403 -0.0133825
0.111145 0.554904 2.44264 0.607238 0.794276 0.0149268 -0.012829
0.108398 0.555727 2.44168 0.609334 0.792631 0.0162158 -0.0135922
0.105724 0.55651 2.44217 0.611529 0.790963 0.0153712 -0.0131868
0.102881 0.557527 2.44302 0.613789 0.789237 0.0141942 -0.0129412
0.0998373 0.558276 2.44309 0.615611 0.787803 0.0157131 -0.0119513
0.0969255 0.559138 2.44325 0.617917 0.786018 0.0140241 -0.0125243
0.0938486 0.559791 2.4431 0.619496 0.784754 0.015394 -0.0121781
0.0908113 0.560652 2.44407 0.621853 0.782925 0.0127129 -0.012869
0.087612 0.561309 2.44383 0.623757 0.781402 0.0125367 -0.0134643
0.0844917 0.562084 2.4447 0.625069 0.780353 0.0136716 -0.0122507
0.0814017 0.562696 2.4449 0.626944 0.77885 0.0132632 -0.0125651
0.0782814 0.563283 2.44504 0.628856 0.777298 0.0131502 -0.0132176
0.0752053 0.563981 2.44592 0.630849 0.77571 0.0108777 -0.013617
0.0720023 0.56452 2.44585 0.632264 0.77456 0.0126062 -0.0118313
0.0689459 0.56499 2.44649 0.634157 0.773015 0.011498 -0.0126436
0.0658026 0.565403 2.44636 0.635962 0.771534 0.01184 -0.0121388
0.0623439 0.565827 2.44613 0.63743 0.770312 0.0119098 -0.0127222
0.0591762 0.566062 2.44625 0.639002 0.769023 0.0117308 -0.011977
0.0559799 0.566208 2.44613 0.640259 0.767987 0.0115169 -0.0115114
0.0527868 0.566721 2.44681 0.641941 0.766583 0.00914894 -0.0133889
0.0496098 0.567104 2.44595 0.643188 0.765508 0.0127019 -0.0120062
0.0467269 0.567765 2.44716 0.644308 0.764579 0.0118525 -0.0120555
0.0437896 0.567947 2.44588 0.646247 0.762915 0.0129495 -0.0125551
0.0408236 0.568685 2.44706 0.647686 0.761727 0.0127396 -0.0106325
0.0379248 0.568959 2.4463 0.649591 0.760119 0.0110775 -0.0113552
0.0349401 0.569204 2.44582 0.650851 0.759024 0.0131575 -0.0101229
0.0320748 0.56929 2.44583 0.652895 0.757262 0.010726 -0.0129147
0.0290854 0.56962 2.44674 0.654462 0.755935 0.0113997 -0.0105615
0.0260871 0.569598 2.44567 0.656643 0.754014 0.0108741 -0.0128237
0.0227768 0.570025 2.44634 0.65883 0.752104 0.0118951 -0.0118585
0.0197361 0.569991 2.44557 0.660427 0.75072 0.0110031 -0.0115746
0.0168905 0.56991 2.4453 0.661858 0.749435 0.012353 -0.0118048
0.0139145 0.569836 2.44527 0.663634 0.747869 0.0112795 -0.0124382
0.0107615 0.569912 2.44522 0.665327 0.746364 0.0116283 -0.0120991
0.00761401 0.569994 2.445 0.666971 0.744896 0.0115747 -0.0120592
0.00462669 0.570265 2.44517 0.668858 0.743189 0.011098 -0.0132737
0.00156833 0.570559 2.44515 0.67068 0.741557 0.0110851 -0.0125765
-0.00152073 0.570545 2.44397 0.672625 0.739754 0.0123438 -0.0136854
-0.00488566 0.570792 2.44453 0.67449 0.738081 0.0103575 -0.0138557
-0.00840175 0.571183 2.44492 0.676186 0.736525 0.0112567 -0.0132808
-0.0119419 0.57144 2.44454 0.678707 0.734164 0.0118441 -0.0148455
-0.0154488 0.571294 2.44433 0.680286 0.732728 0.0122157 -0.0130989
-0.0183719 0.571153 2.4436 0.681786 0.73132 0.0129735 -0.0130573
-0.0212936 0.571133 2.44413 0.683567 0.729664 0.0107783 -0.0144823
-0.0241184 0.571072 2.4438 0.684899 0.728411 0.0112887 -0.0142121
-0.0271652 0.571061 2.44304 0.686403 0.726978 0.0120999 -0.0143912
-0.0304534 0.571077 2.44283 0.688164 0.725316 0.00994206 -0.0157687
-0.0337157 0.571022 2.44229 0.689795 0.723754 0.0105652 -0.0158748
-0.0370382 0.571148 2.44325 0.691266 0.722377 0.00984575 -0.0150012
-0.0402205 0.570819 2.44147 0.693028 0.720672 0.0114851 -0.0145605
-0.0433794 0.570878 2.44221 0.694317 0.719426 0.0125444 -0.0139083
-0.0464589 0.570716 2.44206 0.69626 0.717523 0.0120973 -0.0153584
-0.0496587 0.570812 2.4423 0.698885 0.714968 0.0063879 -0.0184255
-0.0531479 0.570513 2.44188 0.699678 0.714264 0.0105468 -0.0129158
-0.0563992 0.570543 2.44215 0.702234 0.711694 0.00638512 -0.0178497
-0.0592795 0.570852 2.44437 0.70265 0.7113 0.0124635 -0.0134519
-0.0620021 0.570087 2.44163 0.703536 0.710403 0.0100857 -0.0161815
-0.0651465 0.56997 2.44433 0.707374 0.70663 -0.00395782 -0.0167416
-0.0679104 0.570009 2.44488 0.707857 0.706245 0.00366781 -0.0119373
-0.0715984 0.568885 2.44034 0.711165 0.702838 0.0058089 -0.0151622
-0.0752506 0.569135 2.43932 0.711339 0.70258 0.0133753 -0.0141282
-0.0785999 0.569503 2.44148 0.713069 0.700825 0.0104807 -0.0163426
-0.0816423 0.569219 2.44057 0.714821 0.698983 0.007619 -0.0199009
-0.0847641 0.56916 2.44069 0.716508 0.697275 0.00760999 -0.0191534
-0.0882814 0.569683 2.44295 0.718082 0.695759 0.00659169 -0.0153329
-0.0916865 0.569056 2.44095 0.720195 0.693543 0.0104912 -0.014383
-0.095265 0.569205 2.44328 0.722578 0.691066 0.00770613 -0.0158086
-0.098352 0.569014 2.44375 0.724653 0.688863 0.00429988 -0.01811
-0.101458 0.568901 2.44407 0.726169 0.6873 0.00655422 -0.015958
-0.104559 0.568581 2.44385 0.727671 0.685696 0.00652345 -0.0165191
-0.10761 0.568494 2.44398 0.729202 0.684097 0.00805014 -0.0145246
-0.110528 0.568669 2.44519 0.731587 0.681502 0.0056164 -0.0174078
-0.113484 0.568728 2.44612 0.733138 0.679856 0.0039293 -0.0169977
-0.116466 0.568468 2.44557 0.734993 0.677867 0.00530336 -0.0159336
-0.11946 0.568168 2.44524 0.736412 0.676344 0.00700215 -0.0143993
-0.122443 0.567853 2.44559 0.738281 0.67428 0.00640489 -0.0157088
-0.125468 0.567602 2.44599 0.740115 0.672277 0.00489792 -0.0157869
-0.128557 0.567141 2.4455 0.741883 0.670294 0.00456385 -0.0171336
-0.131589 0.566387 2.44462 0.742958 0.669137 0.00649937 -0.0150827
-0.13473 0.566234 2.44655 0.744487 0.66743 0.00455715 -0.0159649
-0.138044 0.565501 2.44616 0.745571 0.666249 0.00598739 -0.0141474
-0.141382 0.565156 2.44621 0.747617 0.663932 0.00418479 -0.0156549
-0.144593 0.564558 2.44578 0.748667 0.662766 0.00533897 -0.014508
-0.147614 0.564019 2.44532 0.750388 0.660769 0.00484791 -0.0166986
-0.150657 0.563709 2.44646 0.751736 0.65929 0.00575416 -0.0140419
-0.153807 0.563379 2.44711 0.753304 0.657485 0.00420785 -0.0151065
-0.156829 0.562437 2.44578 0.754734 0.655844 0.00561786 -0.0146193
-0.160011 0.561747 2.44596 0.756023 0.654369 0.00483042 -0.0143806
-0.163196 0.560968 2.4459 0.757303 0.652894 0.00568281 -0.0137368
-0.166425 0.560361 2.44609 0.75908 0.650812 0.00489138 -0.0147358
-0.169751 0.559585 2.44598 0.760668 0.648977 0.00623235 -0.0132344
-0.1728 0.558594 2.44503 0.762004 0.647384 0.00542258 -0.0146083
-0.17593 0.558271 2.44637 0.763378 0.645791 0.00567896 -0.0132575
-0.17899 0.557637 2.44627 0.764859 0.644041 0.00479325 -0.0134152
-0.182265 0.556898 2.44599 0.766222 0.642407 0.00464986 -0.0139695
-0.185218 0.556162 2.44502 0.767299 0.641117 0.00702854 -0.0131226
-0.188184 0.555674 2.4455 0.768755 0.639385 0.00511162 -0.0133128
-0.191159 0.555046 2.44612 0.770207 0.63761 0.00582844 -0.0141682
-0.194025 0.554115 2.44557 0.771395 0.636175 0.004889 -0.0143904
-0.196856 0.553162 2.44531 0.772807 0.63448 0.00430082 -0.0136358
-0.199599 0.55238 2.4452 0.773966 0.633065 0.00395627 -0.0137642
-0.202693 0.551557 2.4448 0.775615 0.631046 0.00358704 -0.0137768
-0.206257 0.551208 2.44503 0.777204 0.6291 0.00637426 -0.0120844
-0.20958 0.550341 2.44393 0.778943 0.62694 0.00511873 -0.0129932
-0.212343 0.549502 2.44339 0.780469 0.624996 0.00474584 -0.0150313
-0.215087 0.548782 2.4432 0.781864 0.623274 0.005194 -0.0137889
-0.217928 0.548213 2.44393 0.783744 0.6209 0.0037258 -0.0146452
-0.220884 0.547427 2.44353 0.7854 0.618811 0.00514217 -0.0138907
-0.22383 0.546727 2.44346 0.787294 0.616407 0.0036451 -0.0140733
-0.226716 0.545826 2.44273 0.788786 0.614497 0.00570306 -0.0133094
-0.229557 0.544988 2.4427 0.790601 0.612143 0.00478142 -0.0144015
-0.232394 0.544026 2.44205 0.792223 0.610027 0.00620179 -0.0145331
-0.235337 0.543257 2.44224 0.794183 0.607467 0.00393976 -0.0155516
-0.238469 0.54257 2.4432 0.795887 0.605266 0.00443125 -0.0140277
-0.241818 0.54156 2.44327 0.798354 0.601987 0.00353962 -0.0151847
-0.245007 0.540161 2.44193 0.799889 0.599989 0.00521058 -0.012784
-0.247991 0.539751 2.44257 0.801638 0.597611 0.00639418 -0.0140005
-0.25055 0.538529 2.44175 0.803142 0.595579 0.00495488 -0.0149969
-0.253155 0.537688 2.44137 0.804496 0.593753 0.004871 -0.0148006
-0.256107 0.537292 2.44366 0.805989 0.591713 0.00314507 -0.0157454
-0.258832 0.535963 2.44234 0.807341 0.589855 0.00417168 -0.0159123
-0.26193 0.535002 2.44323 0.808745 0.587974 0.00253891 -0.0145479
-0.264984 0.533687 2.44204 0.810345 0.585714 0.00286879 -0.0164587
-0.268049 0.532741 2.44246 0.811708 0.583868 0.0038608 -0.0146199
-0.271047 0.532074 2.44305 0.813566 0.581271 0.00237834 -0.0150855
-0.273921 0.530999 2.44178 0.815335 0.578778 0.00434254 -0.0150199
-0.277197 0.530804 2.44385 0.817024 0.576378 0.000456899 -0.0161074
-0.280544 0.529628 2.44352 0.818927 0.573702 0.00149923 -0.0148698
-0.28356 0.528173 2.44257 0.820258 0.571797 0.000898892 -0.0149908
-0.286483 0.527112 2.44321 0.821568 0.569909 0.00152537 -0.0151092
-0.28924 0.525822 2.44341 0.82277 0.56822 0.00149468 -0.0131977
-0.292113 0.524784 2.44408 0.82439 0.565807 -0.00129409 -0.0155644
-0.294976 0.523421 2.44346 0.825641 0.564003 -8.60043e-05 -0.0147575
-0.29806 0.52238 2.44418 0.826892 0.562167 -0.000639702 -0.0147423
-0.300976 0.520967 2.44406 0.828393 0.559963 -0.0015723 -0.0142767
-0.303916 0.519717 2.44364 0.829825 0.557822 -0.000589148 -0.014984
-0.307025 0.518601 2.44437 0.831132 0.555887 -0.00168906 -0.014335
-0.31006 0.517368 2.44431 0.832798 0.55333 -0.00328174 -0.0161953
-0.313541 0.516462 2.44574 0.834519 0.550791 -0.00247842 -0.0142094
-0.316996 0.515039 2.44503 0.836194 0.548278 -0.00246408 -0.0128219
-0.320261 0.513611 2.44543 0.837587 0.546141 -0.00255389 -0.0131093
-0.323404 0.512336 2.44557 0.838738 0.544368 -0.00264059 -0.013279
-0.326473 0.511045 2.44578 0.839982 0.54244 -0.00271359 -0.0134808
-0.329499 0.50973 2.44618 0.841204 0.540508 -0.00377273 -0.0145944
-0.332401 0.508505 2.44529 0.842434 0.538633 -0.0026902 -0.0131052
-0.335179 0.507412 2.4451 0.843735 0.536606 -0.00248066 -0.0125924
-0.337932 0.506346 2.44487 0.84545 0.533865 -0.00386175 -0.0136983
-0.340791 0.505586 2.44585 0.846646 0.531993 -0.00356736 -0.0126731
-0.343514 0.50455 2.44628 0.848046 0.529766 -0.00338727 -0.0124591
-0.346163 0.503344 2.4464 0.849478 0.527432 -0.00507083 -0.0132784
-0.348988 0.502128 2.44671 0.851597 0.52394 -0.0080735 -0.014286
-0.351235 0.500547 2.44482 0.853206 0.521295 -0.0065127 -0.0157662
-0.354099 0.499461 2.44563 0.854362 0.51949 -0.00586606 -0.0127225
-0.356565 0.498082 2.44506 0.855692 0.517299 -0.00535732 -0.0128282
-0.359206 0.496727 2.44517 0.857232 0.514758 -0.00483208 -0.0123889
-0.361948 0.49535 2.44485 0.858866 0.511991 -0.00510305 -0.0137569
-0.364973 0.493964 2.44442 0.860219 0.509708 -0.00429913 -0.0142557
-0.36774 0.492532 2.44496 0.861436 0.507663 -0.00549759 -0.0132445
-0.370458 0.491082 2.44508 0.862893 0.505213 -0.0051852 -0.0121817
-0.37308 0.489633 2.44466 0.864446 0.50252 -0.00552646 -0.0132965
-0.375773 0.488338 2.44436 0.865772 0.500216 -0.0051433 -0.0140293
-0.378412 0.486755 2.44403 0.867314 0.497495 -0.0055775 -0.0153214
-0.381162 0.484928 2.44382 0.86845 0.495524 -0.00599997 -0.0146346
-0.384299 0.483567 2.44508 0.870015 0.492752 -0.00705777 -0.0147995
-0.386959 0.481815 2.44448 0.871527 0.490016 -0.00728933 -0.0164739
-0.389572 0.48019 2.44471 0.872572 0.488195 -0.00749817 -0.0150778
-0.392068 0.478578 2.4443 0.87361 0.486382 -0.00521915 -0.014553
-0.394516 0.476922 2.44429 0.874682 0.484479 -0.00556291 -0.013427
-0.397022 0.475157 2.44349 0.875798 0.482372 -0.00680385 -0.0157794
-0.399556 0.473515 2.44363 0.87681 0.480523 -0.00696515 -0.0159207
-0.402254 0.471736 2.44388 0.877689 0.478924 -0.00660146 -0.0158177
-0.404656 0.469512 2.44348 0.878794 0.476872 -0.00691537 -0.0163253
-0.407161 0.467504 2.44339 0.879477 0.475659 -0.00626411 -0.0151633
-0.409652 0.465726 2.44383 0.88067 0.473442 -0.00741591 -0.0147697
-0.412126 0.463722 2.44324 0.881596 0.471671 -0.00816107 -0.0157239
-0.414548 0.461571 2.4416 0.882663 0.469754 -0.00590263 -0.0142338
-0.417663 0.459852 2.443 0.884035 0.467083 -0.00730791 -0.0161805
-0.420031 0.457614 2.44205 0.884835 0.46557 -0.00740814 -0.0160145
-0.42231 0.455832 2.44251 0.885704 0.463899 -0.00760705 -0.0163984
-0.424601 0.453835 2.44292 0.886765 0.461832 -0.0081211 -0.0171412
-0.427215 0.451773 2.44279 0.887911 0.459634 -0.00777076 -0.0170243
-0.429853 0.449594 2.44219 0.888769 0.45805 -0.0075241 -0.0149572
-0.432648 0.447731 2.44335 0.88963 0.456367 -0.00876216 -0.0145008
-0.435218 0.445631 2.44255 0.890653 0.454345 -0.00903263 -0.0150287
-0.437933 0.443744 2.44305 0.89174 0.452201 -0.00898419 -0.0152844
-0.440409 0.441659 2.44245 0.892868 0.449947 -0.00923535 -0.0157776
-0.443032 0.439688 2.44284 0.893754 0.448196 -0.00918772 -0.0154937
-0.445755 0.437596 2.4429 0.895221 0.445229 -0.00917268 -0.0163366
-0.448723 0.435174 2.44319 0.896436 0.442818 -0.00931147 -0.0150951
-0.451249 0.433026 2.44286 0.897397 0.440871 -0.00947435 -0.0148864
-0.453594 0.43105 2.44301 0.898355 0.438938 -0.00934539 -0.01432
-0.455772 0.428939 2.44323 0.899566 0.436449 -0.00943886 -0.0142455
-0.457746 0.426862 2.44188 0.900503 0.434569 -0.00762753 -0.0135926
-0.460116 0.425101 2.4422 0.90147 0.432535 -0.00833288 -0.0139879
-0.462495 0.423169 2.44231 0.902567 0.430271 -0.00826048 -0.0130889
-0.46478 0.420965 2.4418 0.90366 0.427964 -0.00807862 -0.0133938
-0.467334 0.419196 2.44262 0.904781 0.425556 -0.00970352 -0.0133898
-0.469862 0.417354 2.44277 0.905955 0.423076 -0.00884679 -0.0131679
-0.472032 0.415045 2.4421 0.906894 0.421089 -0.0085397 -0.0123943
-0.47448 0.413102 2.4427 0.908202 0.418169 -0.00953898 -0.0146072
-0.477043 0.410871 2.44296 0.909159 0.416159 -0.00861999 -0.0129318
-0.479114 0.408556 2.44211 0.910238 0.413833 -0.0079773 -0.0120611
-0.481413 0.406587 2.44328 0.910714 0.412749 -0.0092865 -0.0123503
-0.483461 0.403866 2.44281 0.911467 0.41101 -0.0109324 -0.0133732
-0.485729 0.401465 2.44293 0.912534 0.40864 -0.0108284 -0.013355
-0.487821 0.399103 2.44208 0.913406 0.406792 -0.00964911 -0.0107896
-0.490206 0.39707 2.44284 0.91447 0.404289 -0.0120693 -0.0121822
-0.492691 0.394938 2.44276 0.915484 0.402095 -0.0102066 -0.0101693
-0.494811 0.392626 2.44131 0.916581 0.399482 -0.0114105 -0.0127499
-0.497286 0.390664 2.44165 0.917504 0.397417 -0.0116621 -0.0105468
-0.499706 0.388547 2.44162 0.918532 0.394985 -0.0111425 -0.0127006
-0.502282 0.386212 2.44229 0.919411 0.393022 -0.0109198 -0.00987231
-0.50476 0.383946 2.44322 0.920556 0.390238 -0.0124839 -0.0116662
-0.507159 0.381119 2.44235 0.921765 0.387417 -0.00981113 -0.0126831
-0.509142 0.378452 2.44152 0.922713 0.385151 -0.0123465 -0.010336
-0.511751 0.376145 2.44274 0.923281 0.383997 -0.00766584 -0.00637671
-0.515083 0.374856 2.44913 0.92425 0.381453 -0.0132699 -0.008873
-0.516275 0.37195 2.44377 0.925123 0.379277 -0.0129468 -0.0113284
-0.517981 0.368948 2.43906 0.925253 0.379339 -0.00281192 1.56679e-05
-0.520927 0.367614 2.44398 0.926828 0.375259 -0.0104286 -0.00791449
-0.522725 0.36503 2.44267 0.927568 0.373379 -0.0103086 -0.0099522
-0.524882 0.362717 2.44335 0.928402 0.371264 -0.0118807 -0.00960009
-0.5269 0.360308 2.44291 0.92912 0.369451 -0.0119348 -0.0100111
-0.528882 0.35775 2.44188 0.929924 0.367529 -0.0104852 -0.00738472
-0.531567 0.355772 2.44392 0.930817 0.365077 -0.0138747 -0.0102754
-0.533409 0.353207 2.44219 0.931541 0.363394 -0.0107238 -0.00786847
-0.53557 0.351128 2.44272 0.932426 0.361076 -0.0114008 -0.0087404
-0.537489 0.348974 2.44244 0.933267 0.358891 -0.0114196 -0.00887105
-0.539843 0.34713 2.44415 0.934281 0.356175 -0.0122683 -0.010369
-0.541633 0.344714 2.44288 0.93542 0.353122 -0.0119232 -0.0123493
-0.543639 0.342289 2.44274 0.93625 0.351059 -0.0103694 -0.0092352
-0.545609 0.340005 2.44291 0.937077 0.348847 -0.0101385 -0.00944198
-0.54764 0.337828 2.44321 0.938258 0.345567 -0.0111948 -0.0114301
-0.549883 0.335778 2.44389 0.939155 0.343174 -0.0117845 -0.00900781
-0.552053 0.333573 2.44438 0.940259 0.340125 -0.0121945 -0.00891656
-0.553842 0.331172 2.4439 0.941297 0.337192 -0.011749 -0.0111227
-0.55588 0.328792 2.44439 0.94206 0.335135 -0.0118419 -0.00814993
-0.557989 0.326347 2.44473 0.943373 0.331321 -0.012529 -0.0107919
-0.559904 0.32382 2.44468 0.944227 0.328925 -0.0123183 -0.00958251
-0.561719 0.321478 2.44487 0.944977 0.326794 -0.0119145 -0.00908751
-0.563471 0.319133 2.44597 0.945775 0.32442 -0.0135112 -0.00891502
-0.564865 0.316632 2.44406 0.946474 0.322402 -0.0115586 -0.0104993
-0.566599 0.314305 2.44421 0.947117 0.32052 -0.0113404 -0.0103267
-0.568324 0.31182 2.44415 0.947816 0.318492 -0.0114305 -0.00876327
-0.57023 0.309403 2.4446 0.948595 0.316092 -0.0126692 -0.00959906
-0.572102 0.307054 2.44415 0.949256 0.314153 -0.0114733 -0.00946533
-0.573975 0.304811 2.44425 0.950023 0.311803 -0.0116772 -0.00988656
-0.575723 0.30254 2.4449 0.950783 0.30945 -0.0127725 -0.00943871
-0.577354 0.300247 2.44497 0.951712 0.306488 -0.0137149 -0.0109825
-0.579391 0.297947 2.44559 0.952571 0.303752 -0.0148039 -0.0111017
-0.581449 0.29519 2.44531 0.953425 0.301155 -0.0132995 -0.0104766
-0.583347 0.292604 2.44603 0.953934 0.299575 -0.0139899 -0.008322
-0.585005 0.289911 2.44594 0.954684 0.297165 -0.0139435 -0.00880101
-0.586635 0.287253 2.44584 0.955491 0.294471 -0.0145295 -0.0105912
-0.588397 0.284483 2.4458 0.956118 0.292497 -0.0139257 -0.00952298
-0.590393 0.281934 2.44686 0.956725 0.290545 -0.0141153 -0.00787038
-0.592542 0.27942 2.44831 0.957549 0.287714 -0.0150772 -0.00964493
-0.593798 0.276515 2.44677 0.958286 0.28526 -0.0155124 -0.00862583
-0.595376 0.273673 2.44652 0.958905 0.283212 -0.0145026 -0.00905022
-0.596959 0.270854 2.44562 0.959588 0.280956 -0.0137394 -0.00807388
-0.599197 0.268267 2.44727 0.96047 0.277857 -0.0146751 -0.00880423
-0.601015 0.265119 2.44646 0.961274 0.275142 -0.0132556 -0.00861457
-0.602689 0.261752 2.44578 0.961964 0.272746 -0.0136899 -0.00683526
-0.604508 0.258956 2.4467 0.962478 0.270914 -0.0140512 -0.00659277
-0.605948 0.256055 2.44652 0.96297 0.269129 -0.0138511 -0.00821613
-0.607191 0.253344 2.44639 0.963566 0.267 -0.0141985 -0.00712643
-0.608937 0.250787 2.44738 0.964144 0.264849 -0.015083 -0.00732689
-0.610162 0.248098 2.44582 0.964736 0.262682 -0.0142392 -0.0088962
-0.612053 0.245632 2.44677 0.965347 0.260442 -0.0148743 -0.00727443
-0.61364 0.243132 2.44598 0.96614 0.257456 -0.0151279 -0.00776883
-0.615975 0.240979 2.44737 0.966963 0.254333 -0.0160915 -0.00622568
-0.617494 0.238646 2.44648 0.967684 0.251628 -0.0148609 -0.00706883
-0.618695 0.236217 2.44633 0.968501 0.248381 -0.0147396 -0.0097931
-0.620034 0.233595 2.44683 0.969124 0.245892 -0.0158662 -0.00917502
-0.621582 0.230915 2.44723 0.970004 0.242334 -0.0166734 -0.00940504
-0.623309 0.228087 2.44752 0.970763 0.239241 -0.0170339 -0.00966319
-0.624319 0.225401 2.44663 0.971263 0.237346 -0.0156457 -0.00832894
-0.625198 0.2228 2.44537 0.971945 0.234606 -0.0148816 -0.00782331
-0.62661 0.220226 2.44603 0.972631 0.231532 -0.01664 -0.0102822
-0.627726 0.217441 2.44544 0.973304 0.228907 -0.0130749 -0.0104739
-0.629814 0.214773 2.44757 0.973798 0.226685 -0.0173153 -0.00558228
-0.63104 0.21218 2.44739 0.974495 0.223441 -0.017518 -0.0112575
-0.63245 0.20935 2.44706 0.975177 0.220696 -0.0162252 -0.00766665
-0.633618 0.206694 2.44632 0.975774 0.217933 -0.016706 -0.00953447
-0.635088 0.203945 2.44727 0.976372 0.215214 -0.0173417 -0.00893734
-0.636362 0.200873 2.4467 0.976966 0.212655 -0.0161058 -0.00746865
-0.637932 0.197817 2.44683 0.977701 0.209128 -0.0171018 -0.00860044
-0.639661 0.194713 2.44767 0.978372 0.205949 -0.0169792 -0.00919366
-0.641017 0.191705 2.44775 0.978971 0.203058 -0.0174029 -0.00892919
-0.642146 0.188975 2.44716 0.979454 0.200984 -0.0153462 -0.00630877
-0.643107 0.186117 2.44671 0.979968 0.198332 -0.0159469 -0.00853681
-0.644734 0.183487 2.44763 0.98037 0.196226 -0.0168222 -0.00928875
-0.645743 0.180587 2.44679 0.980808 0.194246 -0.0150326 -0.0075816
-0.647179 0.177707 2.44746 0.98131 0.191522 -0.0165545 -0.00874049
-0.648308 0.174819 2.44758 0.981695 0.189423 -0.0169201 -0.010329
-0.649072 0.171815 2.44664 0.982119 0.187402 -0.015973 -0.00828637
-0.650033 0.168842 2.44687 0.982473 0.185528 -0.0161742 -0.00796782
-0.650619 0.165826 2.44623 0.982841 0.183551 -0.0162151 -0.00833827
-0.651544 0.162855 2.44671 0.983227 0.18119 -0.0180217 -0.0104917
-0.652598 0.159838 2.44695 0.983628 0.179112 -0.0171449 -0.0100378
-0.65351 0.156929 2.44688 0.983932 0.177579 -0.0168391 -0.00773959
-0.654477 0.154137 2.44746 0.984292 0.175567 -0.0170476 -0.00734216
-0.655425 0.151237 2.44765 0.984684 0.173233 -0.017474 -0.00903563
-0.656326 0.147998 2.44702 0.985049 0.171273 -0.0161094 -0.00921517
-0.657333 0.144778 2.44665 0.985368 0.169582 -0.0152087 -0.0078111
-0.658416 0.141617 2.44717 0.985689 0.167707 -0.0157016 -0.00667082
-0.659222 0.138441 2.44662 0.986021 0.165758 -0.0157968 -0.00609662
-0.660074 0.135301 2.44682 0.986317 0.163884 -0.0168578 -0.00602753
-0.660829 0.132148 2.44678 0.986718 0.161401 -0.0161827 -0.00867205
-0.661642 0.12911 2.44667 0.987061 0.159217 -0.0170959 -0.00823684
-0.662524 0.126003 2.44667 0.987425 0.157026 -0.0160447 -0.00876192
-0.663471 0.122845 2.44696 0.987864 0.154113 -0.0166865 -0.00979531
-0.664135 0.119579 2.44647 0.988259 0.151825 -0.0158858 -0.00639685
-0.665109 0.116743 2.44754 0.98867 0.14887 -0.0168786 -0.0092198
-0.665573 0.113667 2.4465 0.989057 0.146522 -0.0151494 -0.00829545
-0.666347 0.11063 2.44649 0.989376 0.144509 -0.0143954 -0.00664029
-0.6673 0.10751 2.44627 0.989703 0.142451 -0.0131787 -0.00472768
-0.668358 0.104701 2.44647 0.990065 0.139684 -0.0136087 -0.00862423
-0.669366 0.101665 2.44628 0.990452 0.136999 -0.0134086 -0.0074792
-0.670045 0.0987258 2.44589 0.990746 0.134805 -0.01367 -0.0078863
-0.670476 0.0959574 2.44559 0.991008 0.132952 -0.0129168 -0.00772917
-0.670587 0.093296 2.44495 0.991304 0.130598 -0.0135405 -0.00878671
-0.671114 0.0904006 2.44563 0.99165 0.127916 -0.0134507 -0.00934085
-0.672094 0.087177 2.44625 0.99202 0.125156 -0.0137246 -0.00669127
-0.672969 0.0837969 2.44658 0.99225 0.123194 -0.0142735 -0.00769324
-0.673397 0.0804956 2.44607 0.9925 0.121049 -0.0145537 -0.00890147
-0.674164 0.0772656 2.44722 0.992626 0.119926 -0.015657 -0.00819485
-0.674502 0.0739556 2.44651 0.992938 0.117522 -0.0142005 -0.00785239
-0.674702 0.0708174 2.44612 0.99319 0.115272 -0.014874 -0.00800451
-0.67535 0.0676074 2.44659 0.993466 0.112928 -0.0151888 -0.00642346
-0.676017 0.0644763 2.44696 0.99371 0.110646 -0.015526 -0.00755081
-0.676434 0.0612516 2.44638 0.993947 0.108631 -0.0150354 -0.00648916
-0.677105 0.057954 2.44643 0.99424 0.105986 -0.0148332 -0.00589678
-0.677922 0.0546225 2.44692 0.994492 0.103313 -0.0156763 -0.00819855
-0.67872 0.0511039 2.44729 0.99471 0.101414 -0.0154547 -0.00537292
-0.679363 0.0473749 2.44739 0.99506 0.0978225 -0.0157757 -0.0061722
-0.679667 0.0435432 2.44702 0.99535 0.0948762 -0.015595 -0.00575203
-0.68007 0.0403745 2.44677 0.995543 0.0926415 -0.0166589 -0.00580421
-0.680522 0.0371043 2.44687 0.995772 0.0903181 -0.0160347 -0.00489872
-0.680625 0.0339088 2.44595 0.995949 0.0884191 -0.0156121 -0.00486137
-0.681543 0.0306579 2.44708 0.996148 0.0860143 -0.0157337 -0.00657814
-0.681903 0.0275427 2.44671 0.996278 0.0846085 -0.0158702 -0.00444371
-0.682455 0.0243465 2.44729 0.996474 0.0822244 -0.0161005 -0.00433632
-0.682989 0.0211883 2.44788 0.99663 0.0802191 -0.016388 -0.00491296
-0.683398 0.0179704 2.44777 0.996801 0.0778542 -0.0167987 -0.00664217
-0.683815 0.0146801 2.4479 0.996952 0.0758235 -0.0176586 -0.0051011
-0.684091 0.0112831 2.44758 0.997105 0.0739937 -0.0166345 -0.00543258
-0.684721 0.00771861 2.44752 0.997329 0.0708905 -0.0167073 -0.00550744
-0.685287 0.0040735 2.44744 0.997521 0.0683757 -0.0161661 -0.00385237
-0.685393 0.000936485 2.44633 0.997666 0.0663545 -0.0157907 -0.00328219
-0.685719 -0.00165702 2.44607 0.997821 0.0637221 -0.0160083 -0.0059697
-0.686222 -0.00430378 2.44778 0.997951 0.0618301 -0.016005 -0.00395426
-0.685892 -0.00722963 2.44638 0.998109 0.0591808 -0.0162603 -0.00343329
-0.686318 -0.0102772 2.44769 0.998222 0.0569066 -0.0172177 -0.00431724
-0.686494 -0.0135049 2.44709 0.998393 0.0540133 -0.0166224 -0.00420485
-0.68715 -0.0165614 2.4483 0.998528 0.0512751 -0.0171289 -0.00428426
-0.687321 -0.0196593 2.44755 0.998688 0.0482153 -0.0170161 -0.00265624
-0.687505 -0.0226474 2.44711 0.998846 0.0449744 -0.0164819 -0.00336697
-0.68794 -0.025715 2.44768 0.998955 0.0422769 -0.0170592 -0.00312721
-0.688189 -0.0288985 2.44804 0.999076 0.0392047 -0.0169597 -0.00480643
-0.688634 -0.0322374 2.44891 0.999177 0.0359312 -0.0178922 -0.00580401
-0.688465 -0.0359484 2.44782 0.999297 0.0334844 -0.0168097 -0.0014672
-0.687719 -0.0392477 2.44552 0.999418 0.0306493 -0.0144555 -0.00385645
-0.688158 -0.0423721 2.44702 0.999465 0.028703 -0.0153012 -0.00350906
-0.688045 -0.0455812 2.44679 0.999539 0.0257102 -0.0160023 -0.00227828
-0.688734 -0.0485832 2.4481 0.999576 0.0238335 -0.0165925 -0.00197177
-0.688612 -0.0514269 2.44743 0.999629 0.021735 -0.0161496 -0.00296671
-0.688751 -0.0546164 2.44784 0.999665 0.0200795 -0.0161581 -0.00225824
-0.688349 -0.0577121 2.4475 0.999704 0.0173957 -0.0169242 -0.0014096
-0.688142 -0.060657 2.44724 0.999722 0.0160786 -0.0171814 0.00136787
-0.68809 -0.0634539 2.44753 0.999753 0.0132759 -0.0173965 -0.00387972
-0.68812 -0.0664266 2.44763 0.999769 0.0116498 -0.017837 -0.00295328
-0.688265 -0.0694964 2.44855 0.999782 0.00798914 -0.0193122 -0.000203319
-0.688088 -0.0728831 2.44829 0.999792 0.00717098 -0.0185235 0.0045815
-0.687879 -0.0757385 2.44686 0.999827 0.00552794 -0.0177138 0.00116325
-0.688883 -0.0788186 2.44943 0.999759 0.000361761 -0.019602 -0.00990029
-0.689247 -0.0818634 2.4505 0.999785 -0.00166135 -0.0205838 0.0019179
-0.688447 -0.0854317 2.44905 0.999795 -0.00542288 -0.0195102 -0.000489337
-0.686832 -0.0888555 2.44366 0.99986 -0.00371985 -0.0142043 0.00802821
-0.688294 -0.0918609 2.45002 0.999701 -0.00926961 -0.0203729 -0.00988763
-0.687048 -0.0951787 2.44662 0.999831 -0.00829207 -0.0162686 0.00232231
-0.686884 -0.098218 2.447 0.999803 -0.0114897 -0.0161539 -0.00116181
-0.686654 -0.101478 2.44724 0.999756 -0.0143306 -0.0167484 -0.00133617
-0.686084 -0.104866 2.44652 0.999711 -0.0160001 -0.0171508 0.00522619
-0.686412 -0.108253 2.44813 0.999667 -0.0192665 -0.0170799 0.00195698
-0.685674 -0.111749 2.447 0.999615 -0.0209036 -0.017547 0.00495303
-0.685415 -0.114842 2.4474 0.999567 -0.0232205 -0.0176542 0.00397663
-0.684899 -0.117993 2.4474 0.999519 -0.0249004 -0.0183362 0.00223774
-0.684191 -0.121187 2.44698 0.999476 -0.0273071 -0.0171556 0.00295245
-0.68421 -0.124476 2.44755 0.999413 -0.028963 -0.0180037 0.00329941
-0.683941 -0.127342 2.44733 0.999346 -0.0311025 -0.018428 1.81376e-05
-0.683551 -0.130419 2.44611 0.999299 -0.0328713 -0.0172167 0.00489985
-0.683771 -0.13349 2.44744 0.999204 -0.0359141 -0.0173923 0.000149296
-0.683272 -0.136377 2.44597 0.999149 -0.0375316 -0.0168292 0.00291401
-0.683027 -0.139255 2.44612 0.999039 -0.0401978 -0.0173644 0.00166995
-0.682658 -0.142194 2.44645 0.998944 -0.0422222 -0.0179902 0.00232593
-0.681978 -0.145097 2.44531 0.998829 -0.0452358 -0.016912 0.00291922
-0.682116 -0.148282 2.44671 0.998637 -0.0488941 -0.0181902 0.00132694
-0.681509 -0.151498 2.44616 0.998508 -0.0514843 -0.0180445 0.00242765
-0.680944 -0.154301 2.44531 0.998417 -0.053481 -0.0169998 0.00381076
-0.680405 -0.157125 2.44518 0.998258 -0.0563876 -0.0171317 0.00289156
-0.680136 -0.160255 2.44609 0.998109 -0.0589667 -0.0170331 0.00331076
-0.679411 -0.163265 2.445 0.997976 -0.0613462 -0.0165494 0.00276307
-0.678859 -0.166392 2.44439 0.997806 -0.0640683 -0.0164063 0.00309535
-0.678379 -0.169477 2.44422 0.997656 -0.0665226 -0.0153895 0.00462114
-0.678182 -0.172572 2.44479 0.997445 -0.0695556 -0.016111 0.00258186
-0.677591 -0.175606 2.44423 0.997233 -0.0723658 -0.0167919 0.00278046
-0.677122 -0.178768 2.44469 0.997055 -0.0747209 -0.0171556 0.00209338
-0.676516 -0.182188 2.44505 0.996798 -0.0779304 -0.0177837 0.002304
-0.675795 -0.185764 2.44446 0.996512 -0.0817937 -0.0165047 0.00112856
-0.675369 -0.189049 2.44507 0.996269 -0.0845445 -0.0172242 0.00164197
-0.67494 -0.191867 2.44454 0.996019 -0.0873903 -0.0175919 0.000496459
-0.674407 -0.194662 2.44373 0.995842 -0.0895597 -0.0163678 0.00307256
-0.674115 -0.197419 2.44365 0.995595 -0.0924984 -0.0152692 0.00151967
-0.673809 -0.200223 2.44377 0.995349 -0.0950373 -0.0157282 0.000786725
-0.673261 -0.203199 2.44338 0.995149 -0.097067 -0.0158189 0.00258762
-0.6729 -0.206298 2.44457 0.994889 -0.0994802 -0.0172405 0.00151426
-0.671947 -0.20939 2.44408 0.994587 -0.102487 -0.0171296 -0.000322431
-0.671193 -0.212459 2.44372 0.994364 -0.104648 -0.0170049 -0.000594146
-0.67046 -0.215508 2.44389 0.994145 -0.1066 -0.0176092 0.00104844
-0.669716 -0.218433 2.44386 0.993888 -0.109073 -0.0170111 -0.000447395
-0.668924 -0.221518 2.44331 0.993557 -0.111933 -0.017772 0.000808881
-0.66819 -0.224791 2.44363 0.993246 -0.114626 -0.0178969 0.00159244
-0.667092 -0.227592 2.44196 0.993019 -0.116727 -0.0168722 0.00176595
-0.666455 -0.230448 2.44312 0.992726 -0.118994 -0.0183305 6.644e-05
-0.665293 -0.233236 2.44291 0.992461 -0.121115 -0.0187426 0.000249191
-0.663988 -0.236119 2.44247 0.992232 -0.122977 -0.0187646 0.000226646
-0.663291 -0.239234 2.4432 0.991883 -0.125695 -0.0191669 -0.000882364
-0.662688 -0.24249 2.4434 0.991586 -0.128061 -0.0189291 0.000276898
-0.661496 -0.245542 2.44152 0.991316 -0.130244 -0.0181589 0.000324908
-0.661163 -0.248848 2.44261 0.990959 -0.132882 -0.0184286 0.00195908
-0.660393 -0.25185 2.4422 0.99056 -0.135768 -0.0188903 0.00132662
-0.659403 -0.254819 2.44112 0.990167 -0.138649 -0.0185083 0.00151459
-0.658956 -0.258038 2.44224 0.989791 -0.141154 -0.0196901 0.00118974
-0.65801 -0.261394 2.44212 0.98935 -0.144362 -0.0185303 0.00141285
-0.656615 -0.264681 2.44054 0.988962 -0.14703 -0.0180658 0.00317087
-0.655885 -0.267798 2.44162 0.98851 -0.150026 -0.0184068 0.000961827
-0.655159 -0.270904 2.44243 0.988115 -0.152617 -0.0183319 0.000855794
-0.653585 -0.273779 2.44091 0.987674 -0.155544 -0.0173688 0.00195194
-0.652891 -0.276548 2.44083 0.987276 -0.158105 -0.0169639 0.000483831
-0.652085 -0.279293 2.44058 0.986955 -0.160034 -0.0173818 0.00254207
-0.651139 -0.282026 2.44 0.986473 -0.163011 -0.0170241 0.00290649
-0.650302 -0.284685 2.44024 0.986096 -0.165338 -0.0166431 0.000612141
-0.649397 -0.287358 2.44023 0.985645 -0.168028 -0.0164593 6.69412e-05
-0.648376 -0.289993 2.44072 0.985249 -0.170286 -0.0169402 -0.000628279
-0.647182 -0.29269 2.44088 0.984836 -0.172636 -0.0171446 2.81411e-05
-0.645641 -0.295423 2.44002 0.984443 -0.174857 -0.0172223 0.000439887
-0.644335 -0.298215 2.44005 0.984098 -0.176743 -0.0176374 0.00151492
-0.642959 -0.300919 2.43968 0.983836 -0.178191 -0.0176156 0.00226627
-0.641587 -0.303711 2.44047 0.98343 -0.180351 -0.0183695 -0.000711263
-0.639959 -0.306822 2.43995 0.983186 -0.18178 -0.0171349 0.00270679
-0.638616 -0.309912 2.43976 0.982654 -0.184661 -0.0170617 0.00105422
-0.637021 -0.312739 2.439 0.982312 -0.186464 -0.0171076 0.0012264
-0.636148 -0.31562 2.43973 0.981887 -0.188655 -0.0172989 0.00287298
-0.634817 -0.318328 2.43958 0.98138 -0.191285 -0.0173125 0.00191281
-0.633577 -0.321126 2.43964 0.980913 -0.193606 -0.0180056 0.00133075
-0.632265 -0.324012 2.4398 0.980505 -0.195677 -0.0178874 0.000210642
-0.630603 -0.326883 2.43921 0.980041 -0.198028 -0.0173976 -0.00130633
-0.629084 -0.330064 2.43973 0.979557 -0.200327 -0.0182971 0.00127858
-0.627083 -0.332951 2.43861 0.979064 -0.202786 -0.0175541 0.00169053
-0.625714 -0.335924 2.43975 0.978654 -0.20466 -0.0186074 0.00226168
-0.624063 -0.338571 2.43932 0.978325 -0.206231 -0.0184304 0.00312303
-0.622437 -0.341445 2.43964 0.977828 -0.208547 -0.0189117 0.00185209
-0.620757 -0.344273 2.43867 0.977418 -0.210634 -0.0168426 0.00193481
-0.619455 -0.347321 2.43904 0.977071 -0.212167 -0.0176531 0.00244183
-0.617928 -0.350007 2.43863 0.976653 -0.214036 -0.0180821 0.00314533
-0.616279 -0.352562 2.4382 0.976204 -0.216064 -0.0180629 0.00401976
-0.614838 -0.355253 2.43861 0.975724 -0.218227 -0.0184315 0.000792465
-0.613339 -0.35813 2.43883 0.975331 -0.220005 -0.0179465 0.00241304
-0.611541 -0.360811 2.43858 0.974869 -0.221992 -0.0185943 0.00202081
-0.609973 -0.36405 2.43917 0.974401 -0.224009 -0.0189396 0.00208263
-0.607926 -0.36708 2.43777 0.973951 -0.225851 -0.0196012 0.00509665
-0.605918 -0.369784 2.43649 0.973505 -0.228029 -0.0164714 0.00441483
-0.604864 -0.372399 2.43814 0.972972 -0.230084 -0.0196336 0.000938945
-0.603151 -0.374746 2.43756 0.972505 -0.232076 -0.0190498 0.0033733
-0.601844 -0.37743 2.43785 0.971886 -0.234667 -0.0188687 0.00350347
-0.600158 -0.379899 2.43728 0.971292 -0.237254 -0.0173678 0.000581491
-0.598646 -0.38269 2.43736 0.970629 -0.239865 -0.0184725 0.00175123
-0.59691 -0.385415 2.43683 0.970049 -0.242227 -0.0179927 0.00269925
-0.595317 -0.388024 2.43687 0.969429 -0.244651 -0.0186447 0.00249705
-0.593659 -0.390589 2.43733 0.968838 -0.246863 -0.0200182 0.00329565
-0.591882 -0.393228 2.43684 0.968148 -0.249649 -0.0189352 0.00268907
-0.58999 -0.39605 2.43608 0.967363 -0.252705 -0.0184201 0.00313705
-0.588052 -0.39937 2.43679 0.96647 -0.255962 -0.0199995 0.00432227
-0.586192 -0.401957 2.43571 0.96575 -0.258725 -0.0190705 0.00498916
-0.584699 -0.404399 2.4362 0.965107 -0.261179 -0.0185939 0.00276348
-0.582802 -0.406572 2.43507 0.96451 -0.263418 -0.0177996 0.0037153
-0.581301 -0.409216 2.43529 0.963952 -0.265391 -0.0184855 0.00477267
-0.579782 -0.411866 2.43596 0.963415 -0.267275 -0.0195703 0.00347726
-0.578301 -0.414621 2.43751 0.96279 -0.269455 -0.0206038 0.00206223
-0.576016 -0.416996 2.43551 0.962269 -0.271422 -0.0187979 0.0038248
-0.574578 -0.419743 2.43588 0.961573 -0.273865 -0.0190843 0.00321972
-0.572746 -0.422406 2.43493 0.9608 -0.276542 -0.0194707 0.00283832
-0.571097 -0.424981 2.43436 0.960192 -0.278711 -0.0184726 0.00325148
-0.569368 -0.427408 2.43442 0.959544 -0.280935 -0.0184249 0.00333808
-0.567855 -0.430095 2.43618 0.958871 -0.283037 -0.0208494 0.0046042
-0.565958 -0.432818 2.43645 0.958031 -0.285889 -0.0207762 0.00340472
-0.563073 -0.434812 2.43313 0.957502 -0.287719 -0.0192658 0.00606935
-0.56138 -0.437364 2.43408 0.956812 -0.290028 -0.0197676 0.00210032
-0.559339 -0.439652 2.43388 0.956196 -0.291966 -0.0207761 0.00378226
-0.557456 -0.442099 2.43466 0.95549 -0.294249 -0.0212314 0.00242565
-0.555612 -0.444699 2.43565 0.954789 -0.296567 -0.020608 0.000901835
-0.55352 -0.447243 2.4348 0.954199 -0.298452 -0.020501 0.00334314
-0.551687 -0.449948 2.43492 0.953422 -0.300883 -0.0210716 0.00346705
-0.549521 -0.452398 2.43421 0.952806 -0.302811 -0.0210066 0.00503885
-0.547634 -0.454964 2.43476 0.952002 -0.305318 -0.0214623 0.00346808
-0.545419 -0.457191 2.43394 0.951191 -0.307938 -0.0200759 0.00257854
-0.543138 -0.459705 2.4334 0.950539 -0.309857 -0.0211898 0.00393148
-0.541066 -0.462791 2.43402 0.949626 -0.312602 -0.0217326 0.00427134
-0.538613 -0.465553 2.43383 0.949066 -0.314299 -0.0213618 0.00577065
-0.536834 -0.468318 2.43541 0.948434 -0.316236 -0.0213579 0.00332963
-0.534609 -0.470847 2.43458 0.947746 -0.318323 -0.02064 0.00466403
-0.532289 -0.473182 2.43362 0.94716 -0.320023 -0.0208213 0.00621157
-0.530313 -0.475522 2.43389 0.946507 -0.321984 -0.0208968 0.00363374
-0.528176 -0.477649 2.43365 0.945947 -0.323629 -0.0209176 0.00330654
-0.526282 -0.479964 2.43438 0.945316 -0.325447 -0.0212954 0.00294408
-0.523971 -0.481883 2.43292 0.944742 -0.327088 -0.0210651 0.00574918
-0.521971 -0.483995 2.43301 0.944033 -0.329114 -0.0214152 0.00516119
-0.51988 -0.486166 2.43321 0.943239 -0.331375 -0.021817 0.0038063
-0.517504 -0.48802 2.43216 0.942603 -0.333178 -0.021599 0.00497117
-0.515635 -0.490364 2.43303 0.941524 -0.336108 -0.0230853 0.00563913
-0.513549 -0.49261 2.433 0.940726 -0.338439 -0.0218608 0.00405292
-0.511208 -0.494386 2.4314 0.939919 -0.340636 -0.0221737 0.00521753
-0.509567 -0.496777 2.43225 0.939034 -0.343068 -0.0217965 0.00665487
-0.507854 -0.499228 2.43324 0.937954 -0.346096 -0.0211028 0.00389984
-0.505688 -0.501693 2.43269 0.937269 -0.34797 -0.0206728 0.00396592
-0.503427 -0.503964 2.43237 0.936293 -0.350605 -0.0202837 0.00455201
-0.501276 -0.505987 2.43197 0.935513 -0.35268 -0.0203423 0.00439284
-0.49943 -0.508362 2.43292 0.934553 -0.355118 -0.0216737 0.0056141
-0.497239 -0.510268 2.43201 0.933395 -0.358243 -0.0203261 0.00486059
-0.49543 -0.512689 2.43303 0.932423 -0.360793 -0.0202766 0.00205237
-0.492635 -0.514448 2.43109 0.93159 -0.36284 -0.0213542 0.00564076
-0.490638 -0.517012 2.43176 0.930601 -0.365442 -0.0204307 0.00411072
-0.488047 -0.519387 2.43102 0.929501 -0.368231 -0.0205182 0.00360079
-0.485933 -0.521487 2.43119 0.92853 -0.370712 -0.0200382 0.00202015
-0.483828 -0.523704 2.43174 0.927607 -0.372988 -0.0202571 0.00393056
-0.481358 -0.525444 2.4304 0.926862 -0.374718 -0.0219445 0.00568983
-0.480156 -0.528274 2.43375 0.925421 -0.378261 -0.0226313 -0.00182432
-0.476854 -0.529487 2.42825 0.925329 -0.378424 -0.0214553 0.0100412
-0.475561 -0.532102 2.4314 0.92385 -0.382198 -0.0202108 0.00406904
-0.473484 -0.534705 2.43285 0.923263 -0.383672 -0.0195358 0.000439177
-0.470891 -0.536579 2.43093 0.922375 -0.385687 -0.0216602 0.00113433
-0.468776 -0.538777 2.43051 0.921403 -0.388036 -0.0205596 0.00474116
-0.4664 -0.540381 2.42981 0.920521 -0.390083 -0.0210047 0.00600078
-0.464445 -0.542571 2.43138 0.919508 -0.392508 -0.0208943 0.00250355
-0.461786 -0.544618 2.43085 0.91873 -0.394315 -0.0207938 0.00428554
-0.459455 -0.547196 2.43196 0.917377 -0.397463 -0.0209071 0.0022568
-0.456909 -0.548994 2.43016 0.916757 -0.398955 -0.019346 0.00425105
-0.454633 -0.550846 2.43051 0.915641 -0.401462 -0.0205432 0.00283963
-0.452539 -0.55304 2.43207 0.914686 -0.403643 -0.0205622 0.000182586
-0.449934 -0.555113 2.43129 0.914021 -0.405081 -0.0214554 0.00385139
-0.447437 -0.557178 2.43144 0.913206 -0.406958 -0.0208014 0.00289247
-0.444677 -0.559358 2.43136 0.912439 -0.408634 -0.0212509 0.00474979
-0.4419 -0.561332 2.4301 0.911352 -0.411135 -0.0195633 0.00474876
-0.439547 -0.563833 2.43155 0.910351 -0.413237 -0.021894 0.00412765
-0.436861 -0.565751 2.43041 0.909403 -0.415404 -0.0196715 0.006231
-0.434319 -0.567915 2.43055 0.908043 -0.418364 -0.0200047 0.00549007
-0.431628 -0.570572 2.43192 0.906904 -0.420668 -0.0226307 0.00716343
-0.428795 -0.572736 2.43147 0.905746 -0.423265 -0.0210928 0.00505
-0.426208 -0.574968 2.43109 0.904949 -0.424906 -0.0219814 0.00628254
-0.423425 -0.5768 2.43021 0.904019 -0.426908 -0.0213709 0.00646978
-0.420944 -0.578749 2.43021 0.902761 -0.429557 -0.0213523 0.00686228
-0.418792 -0.580423 2.43054 0.901368 -0.432476 -0.0216648 0.0055731
-0.416678 -0.58185 2.43036 0.899958 -0.435442 -0.020881 0.00547421
-0.414678 -0.583681 2.4315 0.898804 -0.437788 -0.0216979 0.00463229
-0.412178 -0.585593 2.43133 0.897811 -0.439791 -0.0220983 0.00552441
-0.409755 -0.587644 2.43149 0.896535 -0.442388 -0.022094 0.00545216
-0.407172 -0.589337 2.43059 0.895273 -0.444919 -0.0220332 0.0069579
-0.404967 -0.591392 2.43154 0.894017 -0.447467 -0.0217627 0.00578106
-0.402423 -0.593475 2.43213 0.892454 -0.450552 -0.0219524 0.00688045
-0.399604 -0.595252 2.43137 0.891124 -0.453221 -0.0214233 0.00536195
-0.397307 -0.597221 2.43254 0.889994 -0.455456 -0.0215941 0.0023041
-0.394099 -0.598405 2.4299 0.889558 -0.456248 -0.0217387 0.00719496
-0.391741 -0.600494 2.43156 0.888147 -0.458988 -0.0225962 0.00384498
-0.38902 -0.601903 2.43139 0.887046 -0.461091 -0.0226737 0.00551315
-0.386532 -0.603758 2.43201 0.885681 -0.46378 -0.0216832 0.00274475
-0.383869 -0.605285 2.43059 0.884561 -0.465908 -0.0208459 0.00679887
-0.381428 -0.606882 2.42924 0.882981 -0.468958 -0.0193087 0.00705698
-0.379669 -0.60953 2.43243 0.881536 -0.471629 -0.0211354 0.00365644
-0.377175 -0.611219 2.43173 0.880215 -0.474027 -0.0224002 0.00430129
-0.374619 -0.613047 2.43208 0.878993 -0.476369 -0.0206549 0.00417707
-0.371891 -0.614871 2.43226 0.877533 -0.479046 -0.0209619 0.00345812
-0.369136 -0.617087 2.4336 0.876064 -0.481696 -0.0215237 0.00418047
-0.36582 -0.61868 2.43239 0.874815 -0.483939 -0.0217125 0.005485
-0.363109 -0.62043 2.43275 0.87354 -0.486279 -0.0212498 0.00302079
-0.360462 -0.622119 2.43312 0.872324 -0.488446 -0.0213879 0.00382171
-0.357714 -0.623658 2.43287 0.87122 -0.490402 -0.0214366 0.0047524
-0.355269 -0.625525 2.43309 0.869966 -0.492695 -0.0200684 0.00266633
-0.352641 -0.627114 2.43245 0.868848 -0.494667 -0.0198208 0.00389145
-0.350055 -0.628729 2.43248 0.867657 -0.496747 -0.0199757 0.0039066
-0.34756 -0.630431 2.43304 0.866593 -0.498595 -0.0201039 0.00392664
-0.344853 -0.631905 2.43274 0.865455 -0.500541 -0.0206937 0.00425105
-0.342049 -0.633338 2.43257 0.864324 -0.502536 -0.0197804 0.0033542
-0.339068 -0.634862 2.43289 0.863353 -0.504131 -0.0213902 0.00389358
-0.335967 -0.636403 2.43221 0.862205 -0.506107 -0.0210729 0.00377476
-0.333357 -0.637993 2.433 0.861099 -0.508019 -0.0204131 0.00277574
-0.330749 -0.639257 2.43273 0.859829 -0.510185 -0.0200404 0.00209344
-0.328252 -0.640743 2.43359 0.858636 -0.512168 -0.0204878 0.00286198
-0.325469 -0.642207 2.4334 0.857403 -0.514251 -0.019975 0.00272598
-0.322419 -0.643547 2.43254 0.856475 -0.515812 -0.0191367 0.00468814
-0.319753 -0.645126 2.43378 0.85494 -0.518377 -0.0189461 0.00197984
-0.316935 -0.646132 2.43283 0.85368 -0.520458 -0.0186335 0.00247966
-0.314289 -0.647287 2.43307 0.85268 -0.522138 -0.0173962 0.00241708
-0.311398 -0.64847 2.43335 0.851525 -0.523957 -0.0191691 0.00262961
-0.308502 -0.649411 2.43252 0.849991 -0.526439 -0.01921 0.00297491
-0.305685 -0.650784 2.43337 0.848563 -0.528783 -0.0181691 -0.000263358
-0.302587 -0.651937 2.43285 0.847361 -0.530697 -0.0181985 0.00299773
-0.29963 -0.653386 2.43398 0.845725 -0.533356 -0.0167543 0.000853614
-0.296426 -0.653784 2.43137 0.844673 -0.535018 -0.0165354 0.00325275
-0.293976 -0.655158 2.43341 0.843491 -0.536873 -0.0169869 0.00106089
-0.290975 -0.655942 2.43291 0.842519 -0.538378 -0.0173625 0.00305903
-0.28814 -0.657182 2.43273 0.841037 -0.540746 -0.0158125 0.000996285
-0.285405 -0.658402 2.43249 0.840116 -0.542173 -0.0158211 0.00185324
-0.282707 -0.659994 2.434 0.838927 -0.544024 -0.0154499 0.00118043
-0.279754 -0.66134 2.43402 0.837576 -0.546108 -0.0152329 0.000314912
-0.276941 -0.662186 2.43331 0.836222 -0.54818 -0.0151867 -5.12236e-05
-0.274332 -0.663334 2.43363 0.835039 -0.549995 -0.0146813 0.000495794
-0.271585 -0.664225 2.43313 0.833623 -0.552154 -0.013992 -0.00176973
-0.268651 -0.665433 2.43265 0.832189 -0.5543 -0.0145758 0.000745487
-0.265595 -0.666862 2.43286 0.830652 -0.556639 -0.01304 0.0003866
-0.262408 -0.667928 2.4326 0.829859 -0.557759 -0.0153759 0.00157971
-0.25941 -0.66889 2.43239 0.828322 -0.560099 -0.0131113 0.000470133
-0.25644 -0.66985 2.43303 0.827207 -0.561737 -0.0134151 0.000359017
-0.253313 -0.670735 2.43277 0.826021 -0.563476 -0.0134734 0.00158623
-0.250238 -0.672006 2.43388 0.824706 -0.565402 -0.0134221 -6.29665e-05
-0.247061 -0.672716 2.43261 0.823641 -0.566945 -0.0137166 0.000658763
-0.244005 -0.673856 2.43295 0.822232 -0.568981 -0.0139436 0.0004035
-0.241015 -0.674987 2.43339 0.820905 -0.570846 -0.0156029 0.00224521
-0.238068 -0.676301 2.43452 0.819414 -0.573032 -0.013976 -0.000443767
-0.234813 -0.677248 2.43396 0.818194 -0.574772 -0.0139693 0.000369193
-0.231365 -0.678264 2.43381 0.81604 -0.577843 -0.0132692 -0.000484179
-0.227658 -0.679173 2.43386 0.814841 -0.579474 -0.0155665 0.00117805
-0.224492 -0.680184 2.43382 0.813675 -0.581164 -0.0133433 0.00173541
-0.221503 -0.681198 2.43513 0.81255 -0.582698 -0.0148209 -0.00234982
-0.218389 -0.681686 2.43384 0.811459 -0.584237 -0.0141283 0.00124216
-0.215548 -0.682791 2.43417 0.810289 -0.585839 -0.0149066 0.00155289
-0.212723 -0.683791 2.43456 0.808955 -0.587726 -0.013013 -0.000463495
-0.209546 -0.68456 2.43394 0.807876 -0.589146 -0.0154357 0.00212772
-0.206691 -0.685831 2.43517 0.806334 -0.591292 -0.0140994 -0.000548622
-0.203628 -0.686493 2.43403 0.805185 -0.592876 -0.0132381 0.000198377
-0.200596 -0.687688 2.43485 0.803851 -0.594662 -0.0141431 0.00094706
-0.197648 -0.688806 2.43555 0.802357 -0.596638 -0.0156769 0.000888591
-0.19475 -0.689734 2.436 0.80041 -0.599245 -0.0157509 0.000341108
-0.191743 -0.690328 2.43475 0.798724 -0.601526 -0.0142417 0.00188612
-0.188641 -0.691202 2.43602 0.79676 -0.604124 -0.0143729 -0.0011598
-0.18571 -0.691611 2.43537 0.795492 -0.605794 -0.0143729 -0.000472568
-0.183057 -0.692025 2.43557 0.793851 -0.60795 -0.0139917 -0.00131131
-0.180068 -0.692459 2.43574 0.792872 -0.609189 -0.0155975 0.000272504
-0.176924 -0.692731 2.43498 0.791205 -0.611368 -0.0149443 0.000866762
-0.173887 -0.693801 2.43624 0.789661 -0.613332 -0.0160856 0.000151301
-0.170951 -0.694501 2.43613 0.787985 -0.615511 -0.0149767 0.000902867
-0.167975 -0.695356 2.43652 0.786388 -0.617557 -0.0147502 -0.000288281
-0.164919 -0.695815 2.43542 0.784986 -0.619332 -0.0148488 0.00182536
-0.161924 -0.696872 2.43673 0.78347 -0.621241 -0.0153232 0.000268254
-0.158705 -0.697462 2.43614 0.782039 -0.623024 -0.0159261 0.0014781
-0.155553 -0.698123 2.43582 0.780098 -0.625501 -0.0138932 0.0019161
-0.152179 -0.699048 2.43612 0.777875 -0.628289 -0.0127975 0.000368782
-0.148924 -0.699414 2.43557 0.776232 -0.630318 -0.0126884 0.00105226
-0.146095 -0.700246 2.43573 0.774618 -0.632319 -0.0118057 0.00116189
-0.143142 -0.700932 2.43599 0.773561 -0.633577 -0.0133973 0.00192993
-0.140153 -0.701456 2.43594 0.772069 -0.635398 -0.0131643 0.00234264
-0.137214 -0.702095 2.43587 0.770594 -0.637207 -0.01213 0.00215183
-0.134123 -0.702531 2.43546 0.769112 -0.638982 -0.0125427 0.00348219
-0.131145 -0.703161 2.43588 0.767497 -0.640914 -0.0131048 0.00218127
-0.128105 -0.703752 2.43603 0.765943 -0.642755 -0.0140065 0.00150317
-0.125098 -0.704059 2.43555 0.764527 -0.644454 -0.0132296 0.00173765
-0.122128 -0.704094 2.43436 0.762931 -0.646369 -0.0118389 0.00210154
-0.11914 -0.704531 2.43464 0.761039 -0.64862 -0.0105515 0.00116497
-0.115927 -0.704876 2.43456 0.759541 -0.650363 -0.0110976 0.00153293
-0.113042 -0.705388 2.43473 0.757875 -0.652325 -0.00980793 0.000940005
-0.110078 -0.70572 2.43442 0.756499 -0.653894 -0.0113425 0.00157754
-0.107113 -0.706063 2.43416 0.754957 -0.655679 -0.0110281 0.00177919
-0.103791 -0.706523 2.43407 0.753355 -0.657501 -0.0116899 0.00333101
-0.100382 -0.707074 2.43477 0.751699 -0.659422 -0.010386 0.00172194
-0.0971676 -0.707303 2.43521 0.750453 -0.660832 -0.0107863 0.00200706
-0.093921 -0.70721 2.43407 0.748827 -0.662701 -0.00912033 0.00158527
-0.0907871 -0.707378 2.4343 0.74747 -0.664223 -0.00966312 0.00165344
-0.0878082 -0.70751 2.43458 0.745711 -0.666203 -0.00940182 0.000532268
-0.0846433 -0.707628 2.4342 0.744424 -0.667621 -0.0106023 0.00168652
-0.0814265 -0.707995 2.43446 0.742762 -0.669485 -0.00960939 0.00148195
-0.0779979 -0.708284 2.43413 0.740666 -0.671822 -0.008249 0.00070724
-0.0746725 -0.708397 2.43415 0.739268 -0.673338 -0.00978687 0.00135138
-0.071611 -0.708543 2.43444 0.737307 -0.675494 -0.00921246 0.00129833
-0.0685359 -0.708597 2.43472 0.735865 -0.677062 -0.00923499 0.00213714
-0.0654529 -0.708544 2.43459 0.733942 -0.679154 -0.0088157 0.00110557
-0.0625516 -0.709159 2.43583 0.732029 -0.681197 -0.0102057 0.000274051
-0.0597197 -0.709114 2.43462 0.730191 -0.683191 -0.00847383 -0.000107261
-0.0568622 -0.709504 2.43473 0.728313 -0.685201 -0.00772619 0.000485056
-0.0539429 -0.709826 2.4356 0.726532 -0.687078 -0.00863355 -0.00100372
-0.0509085 -0.70949 2.43417 0.724769 -0.688944 -0.00806385 0.000932557
-0.0478615 -0.709288 2.43378 0.722944 -0.690859 -0.00808171 0.000760811
-0.0448995 -0.70956 2.43451 0.721589 -0.692266 -0.00858416 0.00178864
-0.0416995 -0.709786 2.43476 0.719186 -0.694774 -0.00772207 -0.000380864
-0.038276 -0.709626 2.43445 0.716516 -0.697523 -0.00806011 -0.0014563
-0.0351966 -0.709835 2.43518 0.715654 -0.698388 -0.00959019 0.00154722
-0.0322149 -0.709892 2.43555 0.714674 -0.699418 -0.00737798 -0.000364884
-0.0288316 -0.710785 2.43823 0.712668 -0.701455 -0.00648972 -0.00489778
-0.0257272 -0.709471 2.4334 0.710705 -0.703463 -0.000583669 -0.00619455
-0.0224278 -0.70966 2.43697 0.708527 -0.705661 -0.00561049 0.00105897
-0.0193057 -0.708153 2.42977 0.708606 -0.705452 -0.00930421 0.0113841
-0.0158637 -0.70787 2.42756 -0.704657 0.709485 0.0051653 -0.00796881
-0.0128002 -0.709513 2.43358 -0.703259 0.710877 0.00835172 -0.00318217
-0.009668 -0.709639 2.43462 -0.700445 0.713695 0.00359287 0.00168509
-0.00619185 -0.70997 2.43567 -0.700068 0.713999 0.0105338 0.000270883
-0.00268756 -0.710347 2.4368 -0.698135 0.715888 0.0104874 0.00131197
-0.00144622 -0.710501 2.4388 -0.69656 0.717416 0.0088647 0.00628212
-0.00374429 -0.71005 2.43589 -0.696222 0.717783 0.00315276 0.00719264
-0.00470198 -0.710468 2.43623 -0.697359 0.716676 0.00688696 0.00427138
-0.00487827 -0.710633 2.43705 -0.697689 0.716344 0.00772854 0.00466515
-0.00458018 -0.710343 2.4366 -0.697705 0.716324 0.00679147 0.00646683
-0.00418975 -0.710103 2.4355 -0.697626 0.716419 0.00532455 0.00579727
-0.00410481 -0.710366 2.43582 -0.697668 0.716368 0.00517598 0.00704536
-0.00408352 -0.710362 2.4351 -0.697771 0.716283 0.00494654 0.00551105
-0.00414902 -0.710285 2.43569 -0.69788 0.716161 0.00529803 0.00704638
-0.00416884 -0.710396 2.43616 -0.697908 0.71614 0.00553616 0.00616124
-0.00410222 -0.710467 2.43593 -0.69776 0.716289 0.00557682 0.00545236
-0.00405026 -0.710169 2.43519 -0.697783 0.716262 0.0048001 0.00666448
-0.00413148 -0.710247 2.43577 -0.698004 0.716035 0.00585512 0.00699905
-0.00414418 -0.710249 2.43564 -0.697839 0.716198 0.00447386 0.00777879
-0.00409852 -0.710786 2.437 -0.697926 0.716117 0.00597347 0.0063261
-0.00407794 -0.710276 2.4356 -0.69764 0.716398 0.00415474 0.00744093
-0.00415445 -0.710284 2.43555 -0.697851 0.7162 0.00421232 0.00664025
-0.00405555 -0.710322 2.43535 -0.697896 0.71616 0.00541799 0.00514472
-0.00408911 -0.710222 2.43511 -0.697742 0.71631 0.00440582 0.00609621
-0.00404698 -0.710239 2.43554 -0.698011 0.716042 0.00543727 0.00593226
-0.00410757 -0.71044 2.43616 -0.69798 0.716069 0.00533866 0.00637104
-0.00408767 -0.710303 2.43573 -0.697851 0.716185 0.00519267 0.00742484
-0.00408401 -0.710306 2.4358 -0.697947 0.716098 0.00562871 0.00649591
-0.00411413 -0.710134 2.43497 -0.697875 0.716176 0.00459032 0.00640345
-0.0041148 -0.710378 2.43566 -0.697916 0.716136 0.00503315 0.00601631
-0.00410511 -0.710397 2.43582 -0.698092 0.715961 0.00528794 0.00627502
-0.0040724 -0.710239 2.43552 -0.698021 0.716027 0.00554344 0.00638442
-0.00413527 -0.710271 2.43563 -0.69805 0.716 0.00608077 0.00585343
-0.00412606 -0.71041 2.43589 -0.69792 0.716129 0.00475834 0.0066
-0.00404494 -0.710343 2.43586 -0.698115 0.715932 0.00607183 0.00636788
-0.00408137 -0.710435 2.43579 -0.697967 0.716087 0.00610955 0.00501351
-0.00408749 -0.710347 2.43563 -0.697753 0.716294 0.00434673 0.00668536
-0.00407034 -0.710264 2.43537 -0.697643 0.716406 0.00432442 0.00614288
-0.00408951 -0.710408 2.43596 -0.697958 0.716085 0.00540171 0.0068877
-0.00411605 -0.710417 2.43598 -0.697828 0.716214 0.00501136 0.00693686
-0.00409965 -0.71041 2.43602 -0.697899 0.716141 0.0055211 0.00688207
-0.0040648 -0.710282 2.43565 -0.697953 0.716097 0.00470861 0.00672905
-0.00410669 -0.710298 2.43559 -0.697972 0.716072 0.00556277 0.00670793
-0.00407786 -0.710481 2.43613 -0.697968 0.716077 0.00534352 0.00670088
-0.00407943 -0.710344 2.43546 -0.697865 0.716191 0.00535179 0.00525299
-0.0041018 -0.710214 2.43503 -0.697944 0.71611 0.00597639 0.0050872
-0.00413577 -0.710231 2.4354 -0.697944 0.716104 0.00544977 0.00623551
-0.00408487 -0.710317 2.43571 -0.69802 0.71603 0.00535413 0.0063709
-0.00406901 -0.710065 2.43485 -0.69802 0.716036 0.00464113 0.00626257
-0.00410625 -0.710152 2.43496 -0.698052 0.716004 0.00540136 0.00572154
-0.00407883 -0.710471 2.43611 -0.697903 0.716138 0.00489709 0.00732204
-0.00410479 -0.710326 2.43583 -0.697889 0.716153 0.00523727 0.00698133
-0.00411294 -0.710339 2.43561 -0.697978 0.716074 0.00525013 0.00608119
-0.00407341 -0.710537 2.43649 -0.697895 0.716137 0.00625607 0.00715505
-0.00407609 -0.710368 2.43581 -0.698105 0.715946 0.00581934 0.00611872
-0.00411429 -0.710349 2.43577 -0.698007 0.716051 0.00541337 0.00524588
