-0.00235162 -0.688876 2.43415 -0.704256 0.709836 0.012382 0.00158414
-0.00220926 -0.688969 2.43438 -0.704318 0.709754 0.0135374 0.00149621
-0.00226607 -0.689122 2.43478 -0.704273 0.709792 0.0139293 0.000387612
-0.00231836 -0.688916 2.43442 -0.704336 0.709743 0.0129132 0.00301862
-0.00226072 -0.689269 2.43527 -0.704253 0.709801 0.0144988 3.28167e-05
-0.00231948 -0.688881 2.43398 -0.704188 0.709904 0.0122533 0.00252508
-0.00226603 -0.689085 2.43496 -0.704309 0.709764 0.0131541 0.0033787
-0.00233142 -0.689114 2.43482 -0.704037 0.710058 0.0120207 0.00216906
-0.00234364 -0.688995 2.43462 -0.704139 0.709956 0.0121133 0.00193941
-0.00227855 -0.689152 2.43497 -0.704295 0.709784 0.0131737 0.00163179
-0.00232989 -0.688785 2.43376 -0.704159 0.709938 0.0119282 0.00215974
-0.0022621 -0.688987 2.43413 -0.703882 0.710227 0.0109908 0.00285914
-0.00230202 -0.68895 2.43416 -0.703978 0.71012 0.0119704 0.00113278
-0.0023068 -0.688826 2.43397 -0.7041 0.709998 0.0117448 0.00276101
-0.00224889 -0.689122 2.43481 -0.704336 0.709728 0.014038 -3.82291e-05
-0.00230137 -0.689197 2.43523 -0.704203 0.709884 0.0124621 0.00281808
-0.00226986 -0.689138 2.43445 -0.70374 0.710364 0.0115062 0.000642915
-0.00226616 -0.68907 2.4348 -0.704267 0.70981 0.0132686 0.00158266
-0.00220211 -0.689198 2.4351 -0.704244 0.709825 0.0136128 0.00177673
-0.00230841 -0.689016 2.43468 -0.704149 0.709932 0.0127218 0.00280023
-0.00234041 -0.688949 2.43438 -0.704245 0.70985 0.0119678 0.00301541
-0.00226417 -0.688779 2.43374 -0.703782 0.710324 0.0110222 0.002989
-0.00231493 -0.688927 2.43404 -0.703979 0.710124 0.0116501 0.00145964
-0.00230098 -0.688911 2.43406 -0.703813 0.710291 0.0112678 0.00263986
-0.0023314 -0.68917 2.43424 -0.703933 0.710161 0.0121788 -0.00125439
-0.00227189 -0.689363 2.43528 -0.704112 0.709983 0.0122153 0.00100996
-0.00220749 -0.689382 2.4356 -0.704424 0.709623 0.014914 0.000716096
-0.00227202 -0.689088 2.43488 -0.70442 0.709639 0.0142777 0.00091844
-0.00228319 -0.689024 2.43471 -0.704237 0.709848 0.0124893 0.0032617
-0.00221427 -0.689202 2.43525 -0.704151 0.709919 0.0135155 0.00161821
-0.00230179 -0.688833 2.43366 -0.703985 0.710111 0.012007 0.00170449
-0.0022359 -0.688981 2.43435 -0.703966 0.710125 0.0120263 0.0030341
-0.00223165 -0.689234 2.43486 -0.704304 0.709761 0.0139464 3.43708e-05
-0.00231182 -0.68873 2.43364 -0.704141 0.709937 0.013152 0.00180365
-0.00231519 -0.688859 2.43372 -0.704121 0.709966 0.0127132 0.000315085
-0.00226362 -0.689031 2.43475 -0.704376 0.709692 0.0136244 0.00237975
-0.00224327 -0.689138 2.43512 -0.704033 0.710051 0.0124966 0.00304169
-0.0023223 -0.68892 2.43394 -0.704007 0.710094 0.0117864 0.00132171
-0.00238727 -0.688788 2.43373 -0.703959 0.710157 0.0106498 0.00240163
-0.00142874 -0.689921 2.43756 -0.702385 0.711709 0.0108462 0.00268658
0.000254664 -0.689722 2.43568 -0.70048 0.713646 0.00580299 0.00172002
0.0021262 -0.690668 2.43919 -0.699612 0.714467 0.00790715 0.00421848
0.00509317 -0.690178 2.43771 -0.698201 0.71584 0.00890769 0.00308418
0.00832625 -0.690402 2.4384 -0.695674 0.718289 0.00955533 0.00262693
0.0120214 -0.690439 2.43856 -0.69448 0.719426 0.0104505 0.00364902
0.0155001 -0.690138 2.43718 -0.692835 0.72104 0.0084522 0.00315731
0.0188323 -0.690547 2.43785 -0.69033 0.723436 0.00890505 0.00248293
0.021768 -0.690584 2.4381 -0.68852 0.725139 0.0103901 0.00234358
0.0245296 -0.690633 2.43822 -0.685853 0.727684 0.00686457 0.00589099
0.0275085 -0.690438 2.43737 -0.683619 0.729783 0.00888909 0.00159464
0.0306465 -0.690269 2.4369 -0.681258 0.731999 0.00772107 0.00243472
0.0332262 -0.690404 2.43838 -0.679129 0.733962 0.00705351 0.00583551
0.0360473 -0.690059 2.43851 -0.677255 0.735692 0.00822826 0.00399276
0.038883 -0.689083 2.43738 -0.675401 0.737389 0.00872588 0.00386812
0.0420884 -0.689007 2.43843 -0.6731 0.739488 0.00898398 0.00357626
0.0452551 -0.688642 2.43793 -0.670861 0.741537 0.00719924 0.00407228
0.04851 -0.688108 2.4369 -0.668954 0.74325 0.00868044 0.00210327
0.0516683 -0.687897 2.43753 -0.666504 0.745456 0.00717293 0.00402698
0.0548151 -0.687569 2.43783 -0.664032 0.747657 0.00734109 0.00403278
0.057974 -0.687225 2.438 -0.661884 0.749558 0.00717235 0.00458061
0.0611947 -0.686689 2.43784 -0.65952 0.751638 0.00714265 0.0046992
0.0645539 -0.68637 2.43771 -0.65698 0.753859 0.00785461 0.00345524
0.0683643 -0.686103 2.43841 -0.654516 0.755983 0.00927702 0.00354718
0.0717353 -0.68525 2.43735 -0.652393 0.757823 0.0090192 0.0023538
0.0752724 -0.685014 2.43772 -0.650672 0.759303 0.00905387 0.00185603
0.0788769 -0.684641 2.43756 -0.648525 0.761143 0.00867682 0.000983157
0.0822057 -0.684422 2.43819 -0.646373 0.762981 0.0075626 0.00227829
0.0851417 -0.684075 2.43784 -0.644088 0.764914 0.00726977 0.00211137
0.0878156 -0.683633 2.43699 -0.641868 0.766789 0.00590223 0.00233861
0.0907094 -0.683341 2.43707 -0.639717 0.768581 0.00657322 0.00145073
0.0937159 -0.682872 2.43762 -0.638032 0.769961 0.00858332 0.00106374
0.0969043 -0.682313 2.43742 -0.635766 0.771833 0.00841054 0.00196878
0.10015 -0.681541 2.4368 -0.634047 0.773237 0.00940085 0.000906719
0.10332 -0.680833 2.43673 -0.631924 0.774986 0.00815247 0.00164057
0.106551 -0.679935 2.43655 -0.629969 0.776564 0.00934685 0.000585695
0.109398 -0.679196 2.43679 -0.627857 0.778286 0.00753418 0.00312093
0.112184 -0.678423 2.43697 -0.626175 0.779638 0.00757837 0.00344195
0.115067 -0.677114 2.43492 -0.6248 0.780743 0.00804864 0.000894073
0.118331 -0.67654 2.43659 -0.623333 0.781903 0.00901113 0.0018839
0.121556 -0.675636 2.43698 -0.621701 0.783208 0.00825428 0.00227248
0.124643 -0.67449 2.43628 -0.620058 0.784516 0.00779527 0.00118027
0.127695 -0.673575 2.43659 -0.618275 0.785918 0.00759627 0.00326778
0.130875 -0.67261 2.4365 -0.616762 0.7871 0.00862499 0.00171083
0.134086 -0.671539 2.43654 -0.615001 0.788468 0.00935345 0.00221074
0.137279 -0.670333 2.43673 -0.613247 0.789843 0.00819558 0.00299473
0.140705 -0.669406 2.43719 -0.611416 0.79127 0.00750647 0.00247527
0.143991 -0.667915 2.43591 -0.609428 0.792796 0.00840044 0.00132687
0.147088 -0.667189 2.43698 -0.607703 0.79412 0.00781453 0.00303082
0.150225 -0.66636 2.43767 -0.606014 0.795407 0.00813954 0.00280526
0.153151 -0.664864 2.43601 -0.604452 0.7966 0.00800744 0.00145412
0.156222 -0.664225 2.43713 -0.602126 0.79837 0.00650207 0.00293315
0.159042 -0.663022 2.43567 -0.601056 0.799178 0.00681158 0.000229397
0.161785 -0.662543 2.43717 -0.598443 0.801139 0.00603338 0.00244879
0.164653 -0.661714 2.43692 -0.596099 0.802886 0.00582952 0.00239827
0.167573 -0.660756 2.43651 -0.59411 0.804362 0.00554823 0.00232354
0.170429 -0.65958 2.43619 -0.592673 0.805417 0.00622958 0.00178549
0.173192 -0.658521 2.43669 -0.590647 0.806897 0.00685425 0.00244187
0.176044 -0.657488 2.43738 -0.588449 0.808502 0.0068695 0.00220312
0.179179 -0.656278 2.43697 -0.586097 0.810214 0.0061617 0.00245655
0.182362 -0.655127 2.43702 -0.584157 0.811608 0.00715001 0.00155983
0.185062 -0.654258 2.43717 -0.582274 0.812972 0.00559871 0.00157627
0.187488 -0.652884 2.43655 -0.580226 0.814442 0.00384671 0.00273162
0.190463 -0.651856 2.43795 -0.578761 0.815464 0.00680096 0.0028789
0.193543 -0.650183 2.43727 -0.576952 0.816754 0.00565461 0.00270329
0.196621 -0.648646 2.43717 -0.575361 0.817861 0.00766284 0.00217391
0.199885 -0.647499 2.43751 -0.57308 0.819476 0.0056907 0.00233899
0.20292 -0.646568 2.43788 -0.571257 0.820747 0.00534155 0.0034596
0.206008 -0.645594 2.43866 -0.568952 0.822334 0.00691314 0.00362004
0.20895 -0.644152 2.43781 -0.566527 0.824018 0.00561166 0.0030897
0.212183 -0.643052 2.43821 -0.563815 0.825881 0.00421983 0.00389476
0.215725 -0.641319 2.43734 -0.561286 0.827593 0.00672588 0.00147324
0.219254 -0.640317 2.43912 -0.55882 0.829258 0.00520412 0.00486026
0.222223 -0.639029 2.43907 -0.557184 0.830353 0.00677746 0.00385201
0.225389 -0.637676 2.43951 -0.555484 0.831489 0.00725067 0.00344597
0.228283 -0.636214 2.43954 -0.553396 0.832877 0.00739905 0.00371866
0.231001 -0.634584 2.4388 -0.551426 0.834196 0.00597065 0.00319176
0.233762 -0.63326 2.43886 -0.549604 0.835395 0.00572658 0.0041881
0.236712 -0.63197 2.43966 -0.547862 0.836522 0.00783329 0.0040834
0.239614 -0.630654 2.43963 -0.545795 0.837872 0.00764022 0.00457352
0.242574 -0.62938 2.44002 -0.543862 0.83913 0.00718366 0.00478939
0.24537 -0.627863 2.43956 -0.54194 0.840375 0.00687556 0.00492561
0.248279 -0.626448 2.43946 -0.539731 0.841801 0.00646393 0.00430453
0.251451 -0.62495 2.43933 -0.537748 0.843076 0.00598784 0.00378215
0.254671 -0.623402 2.44012 -0.535949 0.844212 0.00715935 0.0037115
0.257253 -0.621893 2.4404 -0.534213 0.845299 0.00690445 0.00613975
0.2596 -0.620165 2.43957 -0.532565 0.846354 0.00461156 0.0061434
0.262021 -0.618406 2.43991 -0.531035 0.8473 0.00745542 0.00537391
0.264789 -0.616555 2.43924 -0.528865 0.848642 0.00684829 0.00787776
0.267978 -0.615495 2.44101 -0.527266 0.849616 0.00879558 0.00812291
0.270717 -0.613673 2.43878 -0.524964 0.851096 0.00469331 0.00510032
0.273893 -0.612938 2.44169 -0.522526 0.85255 0.00653557 0.0091422
0.276497 -0.611123 2.44036 -0.520612 0.853741 0.00709812 0.00631936
0.279242 -0.609437 2.43997 -0.517973 0.855344 0.00615515 0.00722496
0.281851 -0.607485 2.43887 -0.515597 0.856787 0.00598128 0.00631409
0.284736 -0.605963 2.43961 -0.512884 0.85841 0.00667602 0.00604162
0.287678 -0.60399 2.43892 -0.509816 0.860238 0.00602096 0.0064651
0.290566 -0.602216 2.43945 -0.50802 0.861305 0.00668407 0.005086
0.29321 -0.600752 2.44023 -0.505593 0.862721 0.00672671 0.00656243
0.295803 -0.598862 2.43938 -0.503408 0.864014 0.00532508 0.00570817
0.298539 -0.597251 2.439 -0.501492 0.86513 0.00577732 0.00476528
0.301036 -0.595804 2.43898 -0.499602 0.866225 0.0046225 0.00549905
0.303669 -0.594474 2.44047 -0.497367 0.867497 0.00567576 0.00659891
0.305936 -0.592525 2.43974 -0.495597 0.868519 0.005064 0.00572655
0.308277 -0.590781 2.43927 -0.493263 0.869852 0.00408553 0.00578235
0.310914 -0.589169 2.43979 -0.491796 0.870667 0.00648346 0.00587837
0.313464 -0.587148 2.43896 -0.489686 0.871861 0.00517284 0.00631138
0.316324 -0.585076 2.43893 -0.488136 0.87273 0.0059748 0.00549358
0.318963 -0.583188 2.43931 -0.485688 0.874093 0.00484483 0.00673945
0.32129 -0.581572 2.43985 -0.48362 0.875234 0.00395693 0.00785867
0.323554 -0.580087 2.43964 -0.481501 0.876399 0.00393137 0.00809666
0.326032 -0.578441 2.43864 -0.479273 0.877637 0.00477173 0.0053307
0.328893 -0.576766 2.43863 -0.476748 0.879009 0.00570049 0.00479355
0.331795 -0.575295 2.43975 -0.474897 0.88 0.00474102 0.00707053
0.334271 -0.573191 2.43919 -0.472723 0.881174 0.00444782 0.00683894
0.336917 -0.571413 2.43992 -0.470609 0.882294 0.00503671 0.00774362
0.33941 -0.569644 2.4402 -0.468321 0.883516 0.00465218 0.00724772
0.341824 -0.567368 2.43863 -0.46623 0.884629 0.00287342 0.00719669
0.344303 -0.565284 2.43868 -0.464079 0.885758 0.00321168 0.00729684
0.347322 -0.563508 2.43953 -0.46198 0.886859 0.00539022 0.00516707
0.350106 -0.561195 2.43938 -0.459853 0.887948 0.00689338 0.00592074
0.352665 -0.55925 2.43944 -0.457719 0.889061 0.00456522 0.00658125
0.35513 -0.557111 2.43873 -0.455649 0.890126 0.0048907 0.00598411
0.35772 -0.555201 2.43967 -0.45399 0.890962 0.00653701 0.00610778
0.360112 -0.553045 2.43918 -0.451874 0.892047 0.00493742 0.00605806
0.362554 -0.55101 2.43897 -0.450487 0.892741 0.00588549 0.00629375
0.365138 -0.54924 2.43974 -0.448329 0.893828 0.00382694 0.00755591
0.368152 -0.54736 2.44035 -0.446818 0.894587 0.00581289 0.00575275
0.370608 -0.545437 2.44006 -0.444235 0.895867 0.00309941 0.00821018
0.372919 -0.543625 2.43994 -0.442392 0.896787 0.00393964 0.00681403
0.375058 -0.541792 2.43866 -0.439796 0.898059 0.00222452 0.0079959
0.377639 -0.540184 2.4399 -0.437743 0.89905 0.00607291 0.00732463
0.380126 -0.538104 2.43915 -0.434611 0.900592 0.00255985 0.00641852
0.382787 -0.536078 2.43979 -0.43257 0.901553 0.00587473 0.00711025
0.384789 -0.534124 2.4397 -0.43011 0.902736 0.00333782 0.0078755
0.387067 -0.532365 2.44063 -0.427816 0.903816 0.00535162 0.0078661
0.389211 -0.530187 2.43957 -0.425057 0.905124 0.00458512 0.00745097
0.391468 -0.527925 2.43866 -0.422537 0.906312 0.00356419 0.00694166
0.393931 -0.526072 2.43933 -0.420065 0.907455 0.00313041 0.00778194
0.396184 -0.523864 2.43891 -0.417465 0.908651 0.00429328 0.00758903
0.398522 -0.521998 2.43958 -0.414749 0.909891 0.00265048 0.00858677
0.400759 -0.51989 2.4389 -0.412083 0.911114 0.00243328 0.0072672
0.403116 -0.517718 2.43848 -0.408846 0.912566 0.00198926 0.00800588
0.406057 -0.51576 2.43935 -0.405928 0.913867 0.00520594 0.00646894
0.408928 -0.513274 2.43913 -0.402283 0.915484 0.00402855 0.00643233
0.411416 -0.511167 2.43948 -0.400091 0.916439 0.00430549 0.00702135
0.413767 -0.509062 2.43944 -0.397762 0.917454 0.00196223 0.0077016
0.416194 -0.507232 2.4402 -0.39518 0.918573 0.00211702 0.00712371
0.418172 -0.505254 2.43992 -0.392634 0.919655 0.00252413 0.00818142
0.420267 -0.503344 2.43995 -0.390324 0.920633 0.00121615 0.00899502
0.422363 -0.501348 2.43951 -0.387842 0.92168 -0.00202012 0.00891141
0.42455 -0.499252 2.43919 -0.385521 0.922688 -0.000190666 0.00442843
0.427229 -0.497298 2.44078 -0.384054 0.923251 0.00906618 0.00523466
0.42917 -0.495473 2.4413 -0.381061 0.924485 0.00339326 0.0104474
0.431131 -0.492615 2.43863 -0.379795 0.925042 0.00403929 0.00600707
0.433721 -0.490443 2.43933 -0.377093 0.92615 0.00433235 0.00527722
0.436074 -0.48812 2.44014 -0.372991 0.927795 0.00176582 0.00840287
0.438624 -0.485826 2.44109 -0.371194 0.928521 0.00374666 0.00701013
0.440631 -0.483503 2.44132 -0.36904 0.929368 0.00486204 0.00778024
0.441982 -0.480962 2.43973 -0.366842 0.930246 0.00234035 0.00799711
0.443883 -0.478553 2.44044 -0.36519 0.930884 0.00530632 0.00788788
0.445817 -0.475976 2.43989 -0.362764 0.931838 0.00303761 0.00847561
0.448034 -0.473433 2.43954 -0.360311 0.9328 0.00288803 0.00723065
0.450716 -0.471322 2.4409 -0.357913 0.933713 0.00424555 0.00770587
0.453021 -0.468911 2.4405 -0.355615 0.934595 0.00508253 0.00671177
0.455276 -0.466651 2.44049 -0.352747 0.935683 0.00306908 0.00755879
0.45754 -0.464383 2.44098 -0.349933 0.936741 0.00269841 0.00748948
0.460007 -0.461984 2.44142 -0.347775 0.937536 0.00395339 0.00797982
0.462212 -0.459327 2.44076 -0.344805 0.938642 0.00202527 0.00752808
0.464557 -0.456525 2.44105 -0.342204 0.939584 0.00396009 0.00793076
0.466679 -0.454146 2.44168 -0.339554 0.94055 0.00291284 0.007776
0.468688 -0.451745 2.44153 -0.33763 0.941245 0.00358545 0.00717216
0.470614 -0.449137 2.44117 -0.335097 0.942153 0.00210917 0.00733512
0.472792 -0.447132 2.44198 -0.333077 0.942864 0.00267026 0.00777809
0.474787 -0.445327 2.4429 -0.330021 0.943942 0.00293534 0.00712253
0.476187 -0.442869 2.44105 -0.328008 0.944649 0.00365425 0.00595562
0.478103 -0.440778 2.44172 -0.325147 0.945638 0.00114692 0.0068262
0.479779 -0.438307 2.44155 -0.323173 0.946316 0.0034511 0.00581457
0.481274 -0.43574 2.44104 -0.32081 0.947118 0.00270727 0.00645079
0.482983 -0.433382 2.44211 -0.319065 0.94769 0.00466434 0.00766741
0.510371 -0.387524 2.44272 -0.281183 0.959623 0.000119202 0.00775434
0.511959 -0.384311 2.44244 -0.27944 0.960137 0.00127291 0.00700992
0.513881 -0.381727 2.44405 -0.277418 0.960709 0.000962168 0.00874668
0.515145 -0.379007 2.44279 -0.27567 0.961227 0.000462016 0.00703566
0.516877 -0.376368 2.44342 -0.273348 0.96188 0.000235951 0.00819368
0.51834 -0.373475 2.44271 -0.27122 0.962489 0.00160502 0.00723956
0.520022 -0.370742 2.44283 -0.269093 0.963076 0.000282911 0.00854491
0.521743 -0.368004 2.44349 -0.267168 0.963618 0.0020749 0.00751229
0.523238 -0.365079 2.44334 -0.264399 0.964371 -0.000310184 0.00902386
0.52486 -0.361937 2.44383 -0.262338 0.964938 0.00206229 0.00826135
0.526262 -0.359145 2.44509 -0.261159 0.965243 0.00272498 0.00972731
0.527076 -0.356058 2.444 -0.259109 0.965799 0.00102629 0.00970788
0.528435 -0.353293 2.44387 -0.256723 0.966442 -0.000613082 0.00912391
0.530109 -0.350573 2.44499 -0.254765 0.966955 0.000541019 0.00960565
0.531489 -0.347494 2.44445 -0.252735 0.967491 0.00187678 0.00913887
0.532838 -0.344434 2.44407 -0.250662 0.968029 0.00139251 0.00935665
0.534498 -0.341541 2.44432 -0.248406 0.968622 0.000866471 0.00811649
0.535952 -0.338749 2.44463 -0.246087 0.969203 0.0012724 0.00924987
0.5374 -0.33593 2.44544 -0.243384 0.969873 0.00203618 0.0103632
0.538664 -0.332914 2.44468 -0.240708 0.97055 0.00132076 0.00950482
0.540554 -0.330021 2.44596 -0.236932 0.971478 0.00371036 0.00891752
0.541931 -0.326582 2.44505 -0.23279 0.972479 0.00158414 0.00953179
0.543643 -0.323774 2.445 -0.229421 0.973288 0.000308071 0.00880201
0.545939 -0.321517 2.44943 -0.227824 0.973643 0.00304319 0.0102783
0.546539 -0.318353 2.4463 -0.225857 0.974124 0.00424374 0.00731562
0.548034 -0.315604 2.44718 -0.222458 0.974893 -0.000112949 0.00982028
0.549246 -0.312668 2.44717 -0.220734 0.975292 0.00143856 0.00896659
0.550339 -0.309756 2.44685 -0.218926 0.975698 0.00340087 0.00851134
0.551512 -0.306867 2.44676 -0.215888 0.976385 0.00294186 0.00745224
0.552654 -0.304003 2.44652 -0.21361 0.976884 0.00115713 0.00821052
0.553983 -0.301164 2.44702 -0.211552 0.977326 0.00227823 0.00867536
0.555036 -0.297877 2.44638 -0.20944 0.977792 0.00233652 0.00726999
0.556909 -0.29469 2.44775 -0.206534 0.978394 0.00219513 0.00920628
0.558329 -0.291235 2.44747 -0.204226 0.97888 0.00480406 0.00787549
0.559309 -0.288109 2.44746 -0.201274 0.979491 0.00280682 0.0088383
0.56046 -0.285604 2.44804 -0.198949 0.97996 0.00323076 0.00934578
0.561152 -0.282893 2.44768 -0.196656 0.980418 0.00392311 0.0095767
0.562175 -0.280056 2.44812 -0.194094 0.980929 0.00415001 0.00942638
0.563198 -0.276863 2.44764 -0.191902 0.981366 0.00289508 0.00929133
0.564428 -0.273493 2.44796 -0.189718 0.981791 0.00359257 0.00901277
0.565777 -0.270275 2.4486 -0.187506 0.982204 0.00462583 0.00973759
0.566554 -0.266966 2.44739 -0.18498 0.982689 0.00451215 0.00915917
0.567819 -0.264037 2.44853 -0.182283 0.983192 0.0021008 0.0101069
0.568796 -0.260884 2.44892 -0.180619 0.983484 0.0055603 0.0102855
0.569623 -0.257528 2.44874 -0.178351 0.983909 0.00496502 0.00946459
0.570732 -0.254022 2.44863 -0.175722 0.984374 0.00660272 0.00930398
0.571803 -0.250458 2.44851 -0.17318 0.984829 0.00522904 0.00968255
0.573066 -0.24745 2.44984 -0.171213 0.985175 0.0048474 0.00961972
0.573971 -0.244244 2.44981 -0.169286 0.985504 0.0063807 0.00911909
0.574718 -0.24077 2.44951 -0.167727 0.985771 0.00734407 0.00832327
0.575682 -0.237514 2.44949 -0.166351 0.985992 0.0101605 0.00665381
0.576605 -0.234629 2.45017 -0.164151 0.986368 0.00528791 0.0102312
0.57736 -0.231451 2.45032 -0.162549 0.98665 0.00566286 0.00826967
0.57828 -0.228349 2.45139 -0.160725 0.986932 0.00460469 0.010569
0.578806 -0.225138 2.45084 -0.159247 0.987168 0.00560382 0.0104253
0.579668 -0.222197 2.45214 -0.157315 0.987458 0.00847101 0.0103233
0.580131 -0.219265 2.451 -0.155144 0.987803 0.00821243 0.0103903
0.580984 -0.216459 2.45107 -0.152496 0.988225 0.00773496 0.00983598
0.581896 -0.213691 2.45176 -0.149664 0.988651 0.00622155 0.0114193
0.582605 -0.210951 2.45192 -0.146892 0.989079 0.00559689 0.0107029
0.583141 -0.207895 2.45129 -0.144501 0.989438 0.0055282 0.010081
0.584034 -0.204799 2.45144 -0.141855 0.989817 0.00643368 0.0099287
0.585165 -0.201676 2.45247 -0.139478 0.990141 0.00766954 0.0103779
0.585924 -0.198605 2.45213 -0.13707 0.990469 0.00941929 0.00972675
0.58689 -0.195654 2.45284 -0.134218 0.990859 0.00904579 0.0100806
0.587554 -0.192628 2.45284 -0.131345 0.991243 0.00887826 0.0103363
0.588554 -0.189638 2.45356 -0.128573 0.99162 0.0077158 0.00999938
0.588889 -0.186496 2.45257 -0.125698 0.99198 0.00878098 0.00995021
0.58945 -0.183356 2.4522 -0.122791 0.992363 0.00779964 0.00873863
0.590143 -0.180019 2.4521 -0.120219 0.992654 0.0107081 0.00840638
0.590826 -0.176785 2.45256 -0.117533 0.992972 0.0109223 0.00858565
0.591679 -0.173794 2.45311 -0.115039 0.993254 0.0113041 0.00920462
0.592172 -0.170866 2.45312 -0.1127 0.993545 0.00924109 0.00903854
0.593051 -0.167686 2.4539 -0.110971 0.993702 0.0126418 0.00905439
0.593622 -0.164577 2.45357 -0.108768 0.993953 0.0125755 0.00828638
0.594461 -0.161751 2.45431 -0.105763 0.994308 0.00904649 0.00911189
0.595192 -0.158923 2.4541 -0.103083 0.994578 0.00970033 0.00969642
0.595895 -0.156165 2.45373 -0.100288 0.99488 0.00859248 0.00908242
0.596682 -0.153348 2.45422 -0.0982801 0.995056 0.0107052 0.00946593
0.597406 -0.150436 2.4547 -0.0952471 0.995359 0.00942113 0.01002
0.597744 -0.147335 2.45402 -0.0930399 0.995559 0.0106121 0.00970698
0.598329 -0.144039 2.45406 -0.0900937 0.995837 0.00999223 0.00958246
0.599034 -0.140455 2.45403 -0.0868637 0.996124 0.00956644 0.00998199
0.599557 -0.13693 2.45383 -0.0849753 0.996258 0.0128652 0.00919327
0.600388 -0.134073 2.45537 -0.0823764 0.996501 0.00968423 0.0103159
0.600402 -0.130753 2.45412 -0.0798608 0.996693 0.0114776 0.00970286
0.600855 -0.127375 2.45407 -0.0775815 0.996876 0.0121283 0.00848067
0.601274 -0.124128 2.45373 -0.0751146 0.997076 0.0109786 0.00874533
0.601594 -0.120823 2.45336 -0.0734657 0.997163 0.0144908 0.00764648
0.601974 -0.117544 2.4539 -0.0705199 0.997386 0.0131292 0.00875777
0.602415 -0.114128 2.4542 -0.0677936 0.997596 0.0115555 0.00853258
0.602661 -0.110685 2.45383 -0.0653417 0.997768 0.011073 0.00814558
0.603176 -0.107249 2.45461 -0.0625789 0.997925 0.0120576 0.0092123
0.603579 -0.103288 2.45335 -0.0592872 0.998106 0.0141712 0.00834277
0.604371 -0.0999701 2.45422 -0.0559699 0.998335 0.0111352 0.00837729
0.605042 -0.096693 2.45396 -0.0532832 0.998476 0.0118792 0.00802962
0.605555 -0.093693 2.45514 -0.0510094 0.998586 0.0116466 0.00941811
0.605738 -0.0907323 2.45487 -0.0484709 0.998713 0.0114669 0.00961314
0.605827 -0.0878751 2.45423 -0.0466335 0.998777 0.013704 0.00906428
0.605996 -0.0850954 2.45373 -0.0433345 0.998954 0.0123685 0.00779371
0.606528 -0.0821603 2.45426 -0.0404916 0.999068 0.0123549 0.00843919
0.606906 -0.0791447 2.45493 -0.0376203 0.999178 0.0120204 0.00918201
0.607049 -0.0762437 2.45444 -0.0351505 0.999255 0.0130128 0.00918462
0.60719 -0.0731926 2.45429 -0.0323543 0.999358 0.0123607 0.00914993
0.607491 -0.0702398 2.45437 -0.0293615 0.999423 0.0143432 0.00921695
0.607927 -0.067163 2.45509 -0.0263724 0.999518 0.0134873 0.00926129
0.607949 -0.0637421 2.45412 -0.0225332 0.999629 0.0129393 0.00816712
0.607652 -0.0607319 2.45308 -0.0193455 0.99971 0.012511 0.00699972
0.607854 -0.0580703 2.45356 -0.0175814 0.999746 0.0118671 0.00761415
0.608057 -0.0552089 2.45417 -0.0140677 0.999803 0.0108365 0.00891997
0.608535 -0.0520849 2.45591 -0.0114355 0.999836 0.0105992 0.00926562
0.608196 -0.0486139 2.45463 -0.00890329 0.999689 0.0213672 0.00922701
0.607552 -0.045246 2.45042 -0.00631851 0.999688 0.0231915 0.00680399
0.609029 -0.0423236 2.45622 -0.00355693 0.999863 0.0141352 0.00787181
0.607335 -0.0392524 2.44936 0.000124078 0.999985 0.000725082 0.00536089
0.607542 -0.0364165 2.4514 0.00210394 0.99994 0.00887091 0.00601078
0.60837 -0.0332102 2.45345 0.00552861 0.999793 0.0185366 0.00635219
0.608414 -0.0299997 2.45335 0.00917989 0.999875 0.0110922 0.00650301
0.60811 -0.0265137 2.45193 0.0123447 0.999838 0.0117847 0.00580366
0.608065 -0.0229726 2.45134 0.01565 0.99975 0.0152645 0.00476762
0.608574 -0.0199656 2.45387 0.0182283 0.999745 0.011261 0.00712075
0.607981 -0.016821 2.45259 0.0197969 0.999687 0.0142359 0.00556388
0.607909 -0.0137714 2.45351 0.0225082 0.99965 0.0121799 0.0066357
0.607417 -0.0107345 2.45159 0.0249228 0.999578 0.0139109 0.00540693
0.607072 -0.00795951 2.45129 0.0272312 0.999526 0.0134954 0.00495939
0.607 -0.00513889 2.45241 0.0296654 0.999445 0.013632 0.00668038
0.60682 -0.00206964 2.45266 0.0322558 0.999388 0.0117559 0.00671798
0.606449 0.000947517 2.45252 0.0344517 0.99932 0.0110304 0.00709395
0.606073 0.00389454 2.45275 0.03679 0.99925 0.00962249 0.00728043
0.60521 0.00690767 2.45134 0.0391257 0.999167 0.00981647 0.00616982
0.604712 0.00998942 2.45186 0.0409523 0.999074 0.0106246 0.0078525
0.60418 0.0129655 2.45199 0.0430213 0.998992 0.0107715 0.00692505
0.603606 0.0159481 2.45229 0.0446937 0.998903 0.0114531 0.00796752
0.603143 0.0190144 2.4523 0.0473864 0.998815 0.00793837 0.00775176
0.602515 0.0225456 2.45147 0.0495637 0.998725 0.00756873 0.00582553
0.601998 0.0259339 2.45143 0.0512054 0.998622 0.00916061 0.0068818
0.59439 0.0594032 2.45061 0.0779089 0.996916 0.00751604 0.00560585
0.59411 0.0625619 2.45124 0.0802389 0.996717 0.0087918 0.00625081
0.593528 0.0653853 2.45121 0.0824029 0.996543 0.00855555 0.00618039
0.592665 0.0681742 2.45021 0.0847977 0.996331 0.0101255 0.00558024
0.591935 0.0711461 2.45054 0.0871771 0.996135 0.00956773 0.00486475
0.591147 0.0740562 2.45031 0.0891841 0.995938 0.0104303 0.00666743
0.590424 0.0769233 2.45074 0.0918847 0.995729 0.00625659 0.00639884
0.589329 0.0801096 2.44946 0.0936035 0.995551 0.00973249 0.0047675
0.588506 0.0837853 2.44958 0.0960807 0.995319 0.008909 0.00534676
0.587779 0.087378 2.45019 0.0989431 0.99503 0.00897643 0.00676095
0.58684 0.0901614 2.4498 0.101135 0.994819 0.00884813 0.0053779
0.586186 0.0929112 2.45003 0.103056 0.994619 0.00852735 0.00623998
0.585368 0.0957407 2.44989 0.106062 0.994305 0.00843927 0.0061045
0.584652 0.0989879 2.44993 0.108762 0.994021 0.00765626 0.00593668
0.583705 0.102176 2.44927 0.11127 0.993741 0.00831474 0.00543285
0.583176 0.105397 2.4503 0.11313 0.993514 0.0087653 0.00741279
0.582031 0.108653 2.44994 0.115499 0.993237 0.00958727 0.00688925
0.580911 0.111823 2.44964 0.117988 0.992955 0.00871928 0.0066342
0.57979 0.114827 2.44926 0.120818 0.992627 0.00775211 0.00586911
0.578888 0.118142 2.44931 0.123395 0.992298 0.00909323 0.0059382
0.577746 0.121725 2.4489 0.12667 0.991891 0.0085924 0.00575941
0.576926 0.125318 2.45039 0.128612 0.991608 0.0104833 0.0078742
0.575963 0.128513 2.45049 0.13127 0.991279 0.00884475 0.00748211
0.574802 0.131663 2.45078 0.13287 0.991033 0.0112063 0.00857551
0.57378 0.134655 2.45076 0.135536 0.990708 0.00813745 0.00783106
0.572484 0.137705 2.44952 0.137311 0.990453 0.00998053 0.00699216
0.571686 0.140723 2.44956 0.139323 0.990151 0.0116849 0.00731049
0.570867 0.143888 2.45036 0.141405 0.989853 0.0117718 0.00760218
0.569927 0.147064 2.45107 0.143752 0.989544 0.00781083 0.00878627
0.56875 0.150213 2.44964 0.146053 0.989211 0.0091168 0.00678038
0.567999 0.153391 2.45017 0.14846 0.98884 0.00974176 0.0078012
0.567381 0.156565 2.45042 0.151268 0.988415 0.0102622 0.00700664
0.566726 0.159837 2.45086 0.153857 0.987994 0.0114114 0.00807815
0.565425 0.163009 2.44995 0.156392 0.987563 0.0134699 0.00885907
0.5641 0.165552 2.44928 0.159016 0.987168 0.0130948 0.0065165
0.563463 0.168025 2.45078 0.162279 0.986641 0.0117174 0.00817841
0.562143 0.170565 2.45059 0.16446 0.986258 0.0133935 0.00830816
0.560775 0.173329 2.45035 0.167317 0.98582 0.0107505 0.00702381
0.559544 0.176266 2.4504 0.169656 0.985412 0.011465 0.00697801
0.558368 0.179249 2.45095 0.172246 0.984947 0.0119952 0.00816485
0.557306 0.182314 2.45137 0.175266 0.984419 0.0109459 0.00904266
0.555817 0.185184 2.45005 0.177752 0.983971 0.0122558 0.00736921
0.55434 0.188045 2.44931 0.180662 0.983458 0.0110818 0.00698576
0.553309 0.190991 2.45068 0.183171 0.982979 0.0120933 0.00742401
0.551843 0.193799 2.44936 0.185952 0.982476 0.0115158 0.00550451
0.550555 0.197203 2.44979 0.189091 0.981837 0.0141181 0.00646825
0.549233 0.200272 2.44994 0.191633 0.981377 0.0120966 0.00550899
0.547935 0.203237 2.45042 0.193932 0.980905 0.0126927 0.00738733
0.546322 0.206344 2.44946 0.195944 0.980493 0.0143917 0.0056573
0.54558 0.209515 2.45041 0.198717 0.979955 0.0131668 0.00517508
0.544575 0.212316 2.45074 0.200909 0.979484 0.014172 0.00680316
0.543698 0.215071 2.45138 0.203552 0.97894 0.0141255 0.00659609
0.54255 0.217802 2.45096 0.20607 0.978396 0.0154921 0.00598482
0.541162 0.22034 2.45004 0.208613 0.977874 0.0147512 0.00509235
0.540013 0.222889 2.45081 0.211041 0.977358 0.0135984 0.00696789
0.538385 0.225525 2.44948 0.213561 0.976824 0.0137245 0.00433939
0.537063 0.228449 2.45012 0.216071 0.976269 0.0134524 0.00566513
0.535497 0.231356 2.45048 0.218422 0.975703 0.0159691 0.00639792
0.53394 0.23399 2.44998 0.220606 0.975261 0.0132274 0.00482093
0.53232 0.236527 2.44966 0.222778 0.974726 0.0154129 0.00649013
0.531084 0.239372 2.45046 0.224783 0.974302 0.0133375 0.00558908
0.529421 0.242637 2.45105 0.22728 0.97368 0.0157646 0.00648984
0.527373 0.24525 2.44863 0.228638 0.97338 0.0155185 0.00397396
0.526201 0.2481 2.45113 0.230895 0.972872 0.012603 0.00701835
0.524321 0.250907 2.44917 0.233391 0.97222 0.0170036 0.00523305
0.522876 0.253618 2.44917 0.235535 0.971701 0.0170283 0.00542873
0.521371 0.256343 2.44909 0.238211 0.971108 0.0136411 0.00424285
0.519964 0.259406 2.44977 0.240795 0.970453 0.0146941 0.00465287
0.518162 0.262457 2.4489 0.24324 0.969832 0.0154893 0.00448932
0.516161 0.265691 2.44802 0.245719 0.969218 0.0150514 0.00351107
0.514713 0.268755 2.44913 0.247833 0.968661 0.0158298 0.00499922
0.512974 0.271351 2.44855 0.250116 0.968061 0.0167624 0.0044557
0.51142 0.274053 2.44884 0.252373 0.967481 0.016465 0.00419762
0.509632 0.276718 2.4478 0.254465 0.966956 0.0153532 0.00281278
0.508244 0.279574 2.44905 0.256144 0.966488 0.0161694 0.00542634
0.50655 0.282077 2.44813 0.258816 0.965796 0.0154834 0.00368361
0.505002 0.284747 2.4479 0.261341 0.965094 0.0166627 0.0039888
0.503429 0.287301 2.44753 0.263982 0.964375 0.0166593 0.00402734
0.502106 0.289945 2.4489 0.26684 0.963608 0.0152414 0.00479201
0.500249 0.292398 2.44737 0.268885 0.963004 0.017609 0.00386052
0.498957 0.295195 2.44887 0.272155 0.962111 0.0158084 0.00498256
0.497022 0.297848 2.4471 0.275239 0.961239 0.0160441 0.00251051
0.495353 0.300444 2.44776 0.277549 0.960551 0.0170523 0.00419473
0.493805 0.30273 2.44711 0.280415 0.95973 0.0165356 0.00365067
0.492194 0.305032 2.4469 0.28306 0.958964 0.0156581 0.00446414
0.490452 0.307528 2.44582 0.285605 0.958175 0.0180661 0.00195352
0.4887 0.310328 2.44552 0.288591 0.957312 0.0163665 0.0010439
0.487178 0.312993 2.44629 0.291061 0.956583 0.0150905 0.00226623
0.485141 0.315472 2.4453 0.293362 0.955851 0.0168971 0.00120972
0.48339 0.317995 2.44578 0.295902 0.955078 0.016217 0.00237789
0.481609 0.320517 2.44581 0.298715 0.954215 0.0153886 0.00255851
0.479816 0.323065 2.44578 0.301278 0.953389 0.0166105 0.00223422
0.478062 0.325795 2.44639 0.304617 0.952352 0.0150259 0.00289945
0.475642 0.328433 2.44388 0.308149 0.951206 0.0158533 -0.00020477
0.473874 0.33131 2.44494 0.310719 0.950388 0.014691 0.000898099
0.472011 0.33367 2.44454 0.3128 0.949655 0.0175787 0.00176293
0.470378 0.33591 2.44491 0.315024 0.948964 0.0150872 0.000799303
0.468517 0.338169 2.4446 0.31718 0.948253 0.014606 0.000565934
0.466539 0.340556 2.44424 0.319864 0.947336 0.0155581 0.000682994
0.464635 0.34302 2.44431 0.321991 0.946625 0.0148308 0.00171796
0.462796 0.345462 2.44428 0.324713 0.945715 0.0135697 0.000711424
0.460655 0.347694 2.44319 0.326571 0.945048 0.0153336 0.000815975
0.45914 0.350311 2.445 0.329407 0.944081 0.0139487 0.00269169
0.456899 0.352642 2.44337 0.331367 0.94336 0.0163538 0.000427978
0.455082 0.355157 2.44393 0.333898 0.942498 0.0144528 0.00120734
0.452738 0.357523 2.44249 0.337036 0.941361 0.0157185 -4.32538e-05
0.450704 0.360353 2.44372 0.338998 0.940665 0.0151545 0.00060448
0.448423 0.36243 2.44307 0.340693 0.940039 0.015948 -8.18576e-05
0.446342 0.364567 2.444 0.342517 0.939368 0.0163147 0.00217617
0.4442 0.366661 2.44393 0.344598 0.938643 0.0141487 0.000912121
0.441883 0.368771 2.44327 0.346648 0.937885 0.0143436 0.000648127
0.439555 0.370923 2.44244 0.348773 0.937119 0.0128173 -0.000390314
0.437485 0.373469 2.44325 0.350756 0.936378 0.0129232 0.000257683
0.435257 0.375766 2.44283 0.352706 0.935629 0.0140264 -3.69641e-06
0.432885 0.377889 2.442 0.35442 0.934953 0.0157919 -0.000895885
0.430569 0.380146 2.44219 0.356341 0.934242 0.0146162 3.91812e-05
0.428206 0.382262 2.44252 0.358385 0.933461 0.0145314 3.44659e-05
0.425616 0.384384 2.44202 0.361506 0.932283 0.0127472 4.91401e-05
0.423094 0.386854 2.44227 0.364135 0.931209 0.0159829 -0.000768202
0.420492 0.388907 2.44227 0.366394 0.930356 0.0138433 -0.000558038
0.418145 0.390726 2.44126 0.368618 0.929472 0.0141547 -0.00152453
0.416066 0.393211 2.4418 0.371221 0.928429 0.014615 -0.00133031
0.414009 0.395774 2.44278 0.373522 0.927512 0.0141253 -0.00197975
0.411836 0.398178 2.44293 0.374797 0.926995 0.0143825 -0.000903586
0.409577 0.400049 2.44181 0.376373 0.926237 0.0206585 -0.00106305
0.407568 0.401266 2.43932 0.380207 0.924816 0.0109467 -0.00618284
0.404825 0.403523 2.43848 0.381316 0.924278 0.0175378 -0.000881007
0.403296 0.405869 2.4425 0.384254 0.923029 0.0191204 0.00120308
0.400771 0.407904 2.44217 0.385606 0.922489 0.0179412 0.000343715
0.398042 0.410008 2.44139 0.387844 0.921552 0.0177166 -0.00210111
0.395443 0.412439 2.44199 0.38981 0.920755 0.0157877 -0.00306204
0.393014 0.414277 2.44165 0.392003 0.919821 0.0158348 -0.00342622
0.390926 0.416021 2.44236 0.393917 0.919045 0.0133582 -0.00260575
0.38856 0.417737 2.44199 0.395973 0.918149 0.0139015 -0.00373791
0.386048 0.419712 2.44128 0.398053 0.917255 0.0135288 -0.00371834
0.383596 0.422065 2.44157 0.399807 0.916439 0.0168864 -0.00295857
0.38118 0.424178 2.44164 0.402289 0.915398 0.0140238 -0.00371524
0.378755 0.426425 2.44178 0.404336 0.91448 0.0146232 -0.00493287
0.375987 0.428296 2.44064 0.406289 0.913626 0.0139914 -0.00461051
0.373443 0.430518 2.44162 0.408103 0.912786 0.0159413 -0.00449349
0.370723 0.432341 2.44119 0.410494 0.911692 0.0171043 -0.00446349
0.368029 0.434492 2.44155 0.412932 0.910618 0.0158259 -0.00353704
0.365091 0.436512 2.4406 0.415171 0.909588 0.0162622 -0.00434321
0.362363 0.438555 2.4409 0.417034 0.908739 0.0159981 -0.00462976
0.359846 0.440583 2.44222 0.419322 0.907694 0.0152707 -0.00522986
0.35698 0.442407 2.44138 0.421227 0.906827 0.0142683 -0.00539328
0.354261 0.444679 2.44188 0.423185 0.905892 0.0158272 -0.00485776
0.351437 0.446819 2.44081 0.424568 0.905228 0.0166268 -0.00534529
0.349099 0.448784 2.44123 0.426208 0.904462 0.0162166 -0.00564331
0.346267 0.450646 2.44053 0.427785 0.90368 0.0182572 -0.00534765
0.343471 0.452377 2.4396 0.42931 0.902941 0.0188463 -0.00587271
0.340932 0.454241 2.44046 0.431234 0.902058 0.0171221 -0.00591301
0.338376 0.456026 2.44041 0.433495 0.900976 0.0170882 -0.00559954
0.335913 0.45811 2.44094 0.43565 0.899922 0.0177873 -0.00582069
0.33339 0.460098 2.44127 0.438769 0.898444 0.0155724 -0.00621643
0.331149 0.462105 2.44256 0.441086 0.897333 0.0144601 -0.00532481
0.328798 0.46352 2.44141 0.442819 0.896401 0.0188921 -0.00443705
0.326595 0.465233 2.44174 0.445682 0.895 0.0177318 -0.00524218
0.32416 0.467079 2.44174 0.448603 0.893589 0.0146485 -0.00634569
0.321381 0.468864 2.44056 0.450671 0.892496 0.0175121 -0.0063485
0.318837 0.470824 2.44172 0.452894 0.891392 0.0164357 -0.00604898
0.316066 0.472406 2.44128 0.455207 0.890202 0.0169466 -0.00635245
0.313401 0.474106 2.44158 0.457395 0.889073 0.0175338 -0.00557854
0.310653 0.475761 2.44145 0.459783 0.88784 0.0174095 -0.00611381
0.307924 0.477625 2.44221 0.462157 0.886632 0.0162373 -0.00561961
0.305144 0.479484 2.44261 0.464839 0.885213 0.0169889 -0.00579015
0.301871 0.481161 2.44202 0.467783 0.883651 0.0170838 -0.00687795
0.299063 0.482906 2.44256 0.47009 0.882479 0.0142183 -0.00665581
0.296353 0.484552 2.44268 0.471918 0.881499 0.0148068 -0.0058968
0.293413 0.486391 2.44293 0.473863 0.880443 0.0157225 -0.00521401
0.290685 0.488259 2.44278 0.475921 0.879309 0.0165967 -0.00625986
0.287978 0.489924 2.44267 0.478253 0.87805 0.0158145 -0.00723953
0.285525 0.491678 2.44335 0.48034 0.876899 0.0167374 -0.0065038
0.282956 0.493253 2.44305 0.48257 0.875688 0.0158814 -0.00668958
0.280469 0.494843 2.44293 0.484898 0.874399 0.0161055 -0.00642853
0.277957 0.496705 2.44322 0.487043 0.8732 0.0159497 -0.00748011
0.27528 0.498472 2.44337 0.489109 0.872018 0.0174929 -0.0071607
0.272465 0.500257 2.44361 0.49139 0.870765 0.0156539 -0.007651
0.269454 0.501881 2.44365 0.49367 0.869482 0.0155008 -0.00707859
0.266215 0.503576 2.44386 0.496162 0.868047 0.0162995 -0.0072368
0.263229 0.504774 2.44471 0.496909 0.867606 0.0178192 -0.00486462
0.260754 0.505825 2.44532 0.498752 0.866587 0.0153824 -0.00610248
0.257711 0.50649 2.44378 0.500617 0.86548 0.0168787 -0.00654166
0.254933 0.508095 2.44433 0.502438 0.864433 0.0164034 -0.0065641
0.251759 0.509483 2.44346 0.504584 0.86318 0.0161553 -0.00740088
0.248775 0.511039 2.44427 0.506437 0.862113 0.014749 -0.00805011
0.24556 0.512084 2.44339 0.508199 0.861048 0.0167221 -0.0070211
0.242595 0.513542 2.44426 0.509804 0.860111 0.0160815 -0.00700657
0.239766 0.514915 2.44448 0.511663 0.859011 0.0156762 -0.00737478
0.236542 0.51623 2.44399 0.513273 0.858008 0.0183546 -0.00601209
0.233319 0.517609 2.44379 0.515312 0.856816 0.0164964 -0.00690421
0.229836 0.519334 2.44355 0.517541 0.855438 0.0177058 -0.00798532
0.226486 0.520861 2.44442 0.519383 0.854331 0.0178858 -0.00630313
0.223557 0.522015 2.4432 0.520935 0.853317 0.0205189 -0.00739573
0.220593 0.523873 2.44564 0.522998 0.85213 0.0178879 -0.00530127
0.217603 0.524852 2.44261 0.525341 0.850674 0.0173399 -0.00835521
0.215265 0.526276 2.44378 0.526688 0.849838 0.016756 -0.00969837
0.212703 0.527378 2.44372 0.528755 0.848523 0.0192558 -0.00753849
0.210016 0.528455 2.44325 0.530977 0.847097 0.0205169 -0.00833198
0.207307 0.529556 2.44304 0.533686 0.845455 0.0174288 -0.00897337
0.204666 0.530962 2.44375 0.535536 0.84426 0.0190523 -0.00788639
0.201835 0.531895 2.4431 0.53749 0.843014 0.0190299 -0.00833914
0.198953 0.532956 2.44228 0.539857 0.841492 0.0193143 -0.0084649
0.196108 0.534228 2.44314 0.542268 0.839921 0.020133 -0.00848946
0.193512 0.535326 2.44335 0.544412 0.838591 0.0169549 -0.00963893
0.190714 0.53616 2.44253 0.546109 0.837463 0.0184142 -0.00900425
0.188006 0.537452 2.4431 0.548275 0.836027 0.0191159 -0.00935356
0.184908 0.538545 2.44179 0.550695 0.834399 0.0199297 -0.0107562
0.181842 0.540007 2.4426 0.552511 0.833206 0.0191144 -0.0115791
0.178694 0.540869 2.44188 0.554416 0.831939 0.0198241 -0.0103577
0.175615 0.542028 2.44254 0.556453 0.830598 0.0183949 -0.011362
0.172481 0.542962 2.44152 0.558144 0.829462 0.0184843 -0.0112531
0.169673 0.544274 2.44271 0.560565 0.827827 0.0180786 -0.011931
0.16664 0.545272 2.44184 0.562715 0.826348 0.0195557 -0.0108818
0.163698 0.546538 2.44184 0.565513 0.82445 0.0188893 -0.0109447
0.160481 0.547792 2.44147 0.568118 0.822646 0.0185194 -0.012368
0.157319 0.548687 2.44109 0.570162 0.821216 0.019467 -0.0118618
0.154296 0.549909 2.44239 0.572152 0.81984 0.0189387 -0.0121081
0.151167 0.550763 2.44191 0.574165 0.818435 0.0189675 -0.0118303
0.147998 0.552016 2.44178 0.576088 0.817088 0.0177608 -0.0131829
0.144675 0.553028 2.44116 0.577651 0.815973 0.0185376 -0.0127993
0.141605 0.554103 2.4405 0.579668 0.814497 0.0201542 -0.0131882
0.13865 0.555285 2.44136 0.581576 0.813151 0.0194833 -0.0132625
0.135849 0.556157 2.44175 0.583092 0.812085 0.0190222 -0.0126637
0.133127 0.556693 2.44205 0.58488 0.810862 0.0168385 -0.0115995
0.130243 0.557281 2.44155 0.586888 0.809406 0.0168788 -0.0118359
0.127142 0.557995 2.44112 0.589229 0.807706 0.0156984 -0.0131972
0.1237 0.559121 2.44092 0.591408 0.806061 0.018083 -0.0132345
0.120411 0.56027 2.44178 0.592748 0.805103 0.0182325 -0.0112831
0.117538 0.561065 2.44166 0.594744 0.803658 0.0159791 -0.0125724
0.114582 0.562018 2.44234 0.596679 0.802221 0.0163886 -0.0121164
0.111634 0.562615 2.44127 0.598988 0.800508 0.0153444 -0.012789
0.108578 0.563612 2.44129 0.601168 0.798879 0.014558 -0.0133137
0.105483 0.564836 2.44199 0.603036 0.797463 0.0151814 -0.0130091
0.102437 0.565834 2.44192 0.605175 0.795839 0.0154133 -0.0129042
0.0994707 0.566843 2.44239 0.60707 0.794425 0.0147467 -0.0117438
0.0965397 0.567596 2.44221 0.609254 0.792754 0.0135471 -0.0129621
0.0935949 0.568471 2.44343 0.611567 0.790966 0.0128291 -0.0139149
0.0903141 0.569137 2.44267 0.61432 0.788812 0.0132218 -0.014551
0.0867168 0.56991 2.44258 0.617381 0.786419 0.0142876 -0.0135113
0.0832898 0.570632 2.44295 0.619728 0.784588 0.01425 -0.0125076
0.0803474 0.57133 2.44277 0.62172 0.783018 0.0132887 -0.0130465
0.0774493 0.572062 2.44386 0.623621 0.781505 0.0146817 -0.0114498
0.0746565 0.572575 2.44365 0.625627 0.779902 0.0140195 -0.0121283
0.0716444 0.573187 2.44372 0.627688 0.778266 0.0135276 -0.0112832
0.0687358 0.574225 2.44515 0.629603 0.776738 0.0122302 -0.0113524
0.0658074 0.574684 2.44436 0.631726 0.774994 0.0129709 -0.0117578
0.0630303 0.575353 2.44424 0.633988 0.773138 0.0132717 -0.0118585
0.0601822 0.576049 2.44458 0.636242 0.771292 0.0128595 -0.0118088
0.0572476 0.576687 2.4446 0.63827 0.769601 0.0132243 -0.0123004
0.0541078 0.577329 2.44473 0.640299 0.767943 0.0112925 -0.0123889
0.0504971 0.578106 2.44457 0.642253 0.766308 0.0114218 -0.0123741
0.0470521 0.578682 2.44427 0.644391 0.764504 0.0131604 -0.0109786
0.044265 0.579007 2.44445 0.646267 0.762925 0.0122085 -0.0116733
0.0416408 0.579672 2.4457 0.648104 0.761389 0.0119337 -0.0102913
0.0388972 0.579302 2.44353 0.650242 0.759526 0.0114135 -0.0132563
0.0357917 0.579836 2.44486 0.652061 0.757994 0.00980776 -0.0129099
0.032523 0.579974 2.44367 0.653597 0.756668 0.0118375 -0.0111558
0.0293438 0.580487 2.44392 0.655647 0.754885 0.0119256 -0.0115636
0.0261516 0.580942 2.44369 0.657529 0.753245 0.0112299 -0.0123172
0.0229015 0.581289 2.44362 0.659124 0.751853 0.011937 -0.0114069
0.0196999 0.581227 2.44236 0.660834 0.75034 0.012305 -0.0117107
0.0165651 0.581438 2.44285 0.662563 0.748824 0.0117719 -0.0116292
0.0133242 0.581614 2.44314 0.664561 0.747056 0.011399 -0.0116899
0.00965163 0.581863 2.44299 0.666899 0.74495 0.0118897 -0.012366
0.00611809 0.581684 2.44188 0.668394 0.743589 0.0116624 -0.0137701
0.00288328 0.581965 2.44234 0.67011 0.742047 0.0121783 -0.0130787
-0.000373267 0.582298 2.44323 0.671653 0.740672 0.0110035 -0.0128747
-0.00334898 0.582349 2.44243 0.672926 0.7395 0.0121506 -0.0127435
-0.00636346 0.582625 2.44284 0.674493 0.738062 0.0127468 -0.0126594
-0.00940799 0.582511 2.44187 0.675866 0.7368 0.0118565 -0.0138
-0.0125921 0.582475 2.44147 0.677055 0.73569 0.0125123 -0.0141277
-0.0158304 0.582754 2.44212 0.678512 0.734379 0.0111663 -0.0135441
-0.0188325 0.582726 2.44167 0.680235 0.732777 0.0121402 -0.013082
-0.0218671 0.582525 2.44113 0.682111 0.731026 0.0109732 -0.014337
-0.0249105 0.582764 2.44127 0.683811 0.729411 0.0108557 -0.0156337
-0.027928 0.582732 2.44123 0.685413 0.727929 0.0109778 -0.0144043
-0.0307706 0.582873 2.44175 0.687094 0.726362 0.012562 -0.0119204
-0.0335504 0.582743 2.44129 0.689007 0.72454 0.0101084 -0.0144587
-0.0365851 0.582987 2.44226 0.690658 0.722961 0.0103712 -0.0145084
-0.0397191 0.582562 2.44026 0.692765 0.720906 0.00945458 -0.0167991
-0.0430991 0.582839 2.4416 0.693927 0.719822 0.0104951 -0.0145751
-0.0462136 0.582697 2.44155 0.695866 0.717904 0.0116999 -0.0157266
-0.0492131 0.582624 2.44175 0.697642 0.716186 0.0102036 -0.0164341
-0.0523803 0.582552 2.44228 0.699695 0.71424 0.00868802 -0.0145615
-0.0555676 0.582433 2.44136 0.701031 0.712836 0.0164902 -0.0121958
-0.058668 0.582617 2.44227 0.7028 0.711122 0.0124885 -0.0149048
-0.0618281 0.581937 2.43921 0.703429 0.710505 0.0122159 -0.0148731
-0.0651577 0.582363 2.44429 0.707374 0.706651 -0.00374373 -0.0158814
-0.0680915 0.582458 2.44647 0.708487 0.705549 0.00770477 -0.0137084
-0.122672 0.57882 2.44567 0.735898 0.676877 0.00526701 -0.0162303
-0.125957 0.578476 2.44597 0.737545 0.675106 0.00488039 -0.0153098
-0.129187 0.578 2.44593 0.739208 0.673272 0.00470097 -0.0159247
-0.132387 0.577535 2.44579 0.740662 0.671687 0.00414226 -0.0154709
-0.135786 0.577478 2.44718 0.742227 0.669974 0.00292155 -0.0150355
-0.139418 0.576724 2.44556 0.744302 0.667624 0.00393401 -0.0166515
-0.143416 0.57635 2.44614 0.746199 0.66555 0.00458091 -0.0144725
-0.146836 0.575888 2.44579 0.74763 0.663914 0.00479504 -0.0156219
-0.150025 0.575908 2.44701 0.749179 0.662161 0.00317042 -0.0162085
-0.153124 0.575375 2.4468 0.750679 0.660489 0.00392707 -0.0148131
-0.156134 0.575089 2.44629 0.752235 0.658699 0.0033558 -0.0156826
-0.159177 0.574697 2.44633 0.753354 0.657425 0.00505199 -0.0149899
-0.16216 0.574595 2.44699 0.755513 0.654942 0.00387582 -0.015352
-0.165123 0.574247 2.44711 0.757091 0.653115 0.00353121 -0.0155463
-0.168025 0.573619 2.44678 0.758747 0.651211 0.00378366 -0.0146087
-0.170903 0.572962 2.44657 0.760323 0.649355 0.00410048 -0.0151468
-0.173919 0.572303 2.44635 0.762196 0.647154 0.00389283 -0.0152512
-0.176801 0.571655 2.44584 0.763673 0.645421 0.00422028 -0.0147812
-0.180006 0.571049 2.44609 0.765742 0.642965 0.00350824 -0.0149124
-0.18326 0.570172 2.44592 0.767353 0.641035 0.00421234 -0.015029
-0.186221 0.569146 2.44562 0.768612 0.63953 0.00509367 -0.0145139
-0.188852 0.568323 2.44609 0.770319 0.637456 0.0027296 -0.015823
-0.191649 0.567398 2.44569 0.771995 0.635441 0.00284087 -0.0152242
-0.194668 0.566534 2.44514 0.773559 0.633552 0.00316513 -0.0144644
-0.197786 0.565882 2.44535 0.774829 0.631976 0.00365532 -0.0152509
-0.200686 0.564795 2.44443 0.776472 0.629933 0.00290496 -0.0163547
-0.203973 0.564135 2.44526 0.777839 0.628267 0.00216305 -0.0155673
-0.207098 0.563228 2.44478 0.779216 0.62657 0.00382506 -0.0147245
-0.21011 0.56217 2.44398 0.780645 0.624791 0.0055962 -0.0141212
-0.213017 0.561183 2.44331 0.782281 0.622725 0.00486615 -0.0150388
-0.216185 0.560646 2.44425 0.784082 0.620451 0.00329033 -0.0156607
-0.219619 0.559901 2.44411 0.786133 0.617854 0.00448595 -0.0152005
-0.222849 0.558876 2.44389 0.787572 0.616017 0.00408455 -0.015409
-0.225847 0.557803 2.44329 0.788859 0.614355 0.00485967 -0.0156675
-0.229013 0.557031 2.44381 0.790371 0.612403 0.00408203 -0.0161187
-0.232054 0.555867 2.44255 0.791467 0.610994 0.00612665 -0.0150902
-0.234956 0.554921 2.44237 0.792902 0.609135 0.0056231 -0.0151323
-0.237882 0.554125 2.44309 0.794285 0.607358 0.00517015 -0.014168
-0.240638 0.553116 2.44244 0.795553 0.605683 0.00566607 -0.0145311
-0.24351 0.552215 2.44213 0.796954 0.603834 0.00550033 -0.0148055
-0.246579 0.551571 2.44316 0.798361 0.601993 0.00456378 -0.0142735
-0.249461 0.55063 2.44273 0.79988 0.599972 0.00482717 -0.0142031
-0.252374 0.549533 2.44184 0.801295 0.598062 0.00462873 -0.0150737
-0.25542 0.548508 2.44237 0.802712 0.596178 0.00422942 -0.014382
-0.258291 0.547211 2.44148 0.804215 0.594141 0.00460029 -0.0146152
-0.26105 0.546159 2.44158 0.805471 0.592417 0.00404814 -0.0155422
-0.264201 0.545272 2.44265 0.806783 0.590658 0.00288522 -0.0147119
-0.267569 0.544302 2.44307 0.807996 0.588966 0.00184522 -0.016067
-0.271032 0.54329 2.44353 0.809268 0.587246 0.00298529 -0.014771
-0.273847 0.541913 2.44203 0.810445 0.585596 0.0038448 -0.0155733
-0.276881 0.541206 2.44342 0.811749 0.583809 0.00285804 -0.0149103
-0.279705 0.540256 2.44338 0.813593 0.581254 0.00102326 -0.0144579
-0.282716 0.539459 2.44302 0.815312 0.578833 0.000844792 -0.0147955
-0.285879 0.538583 2.44334 0.817071 0.576307 0.00152278 -0.0162006
-0.288955 0.537254 2.44311 0.818466 0.574361 0.00229995 -0.0147099
-0.292206 0.536111 2.44358 0.82059 0.571336 0.00143058 -0.014361
-0.295072 0.534623 2.44295 0.822189 0.568995 0.00138119 -0.0157663
-0.297875 0.533462 2.44263 0.823834 0.56661 0.0019014 -0.0156916
-0.300796 0.532505 2.44396 0.825147 0.564744 0.00115567 -0.0139585
-0.303747 0.531448 2.44456 0.826596 0.562626 0.000263656 -0.0137805
-0.306766 0.530397 2.44532 0.827758 0.560943 0.000318033 -0.0126157
-0.309476 0.529174 2.4448 0.829206 0.558733 -0.000243333 -0.0153383
-0.312103 0.527974 2.44407 0.830784 0.556397 -0.000672382 -0.0148104
-0.314944 0.527025 2.44557 0.832178 0.554264 -0.00270979 -0.0162256
-0.31765 0.525745 2.44503 0.833507 0.552312 -0.00212696 -0.0145839
-0.320262 0.524426 2.44401 0.834944 0.550118 -0.00127185 -0.015399
-0.323553 0.523516 2.44543 0.836557 0.547689 -0.00303943 -0.0141432
-0.327021 0.522245 2.44546 0.838237 0.545113 -0.00303825 -0.0141739
-0.33062 0.520931 2.44655 0.839686 0.542836 -0.00547189 -0.0150326
-0.333283 0.519397 2.44493 0.840941 0.540939 -0.00291642 -0.0139351
-0.335802 0.518098 2.44466 0.842208 0.538998 -0.00202306 -0.0127597
-0.338641 0.517097 2.44557 0.843918 0.536288 -0.00445055 -0.0133674
-0.341707 0.515924 2.44617 0.845342 0.534031 -0.00477631 -0.0135805
-0.344659 0.51446 2.44548 0.846686 0.531893 -0.00378283 -0.0140807
-0.347862 0.513275 2.44605 0.848087 0.529661 -0.00377901 -0.0138851
-0.350781 0.511744 2.44572 0.849573 0.527244 -0.00446309 -0.0148046
-0.353452 0.50983 2.4445 0.850436 0.525905 -0.0035392 -0.013064
-0.356517 0.508855 2.4466 0.852486 0.522515 -0.0076358 -0.0136729
-0.359519 0.506989 2.4448 0.853754 0.520475 -0.00396762 -0.0139435
-0.362839 0.505389 2.44535 0.855545 0.517569 -0.00365844 -0.0122788
-0.365884 0.50361 2.44502 0.856843 0.515355 -0.00583634 -0.0139581
-0.368815 0.502328 2.44628 0.858131 0.513196 -0.00645966 -0.0140924
-0.371352 0.500399 2.44466 0.859417 0.511044 -0.00596993 -0.0142012
-0.374143 0.498918 2.44517 0.860405 0.509428 -0.00575632 -0.0123989
-0.376848 0.4973 2.44456 0.861593 0.507365 -0.00650684 -0.014005
-0.379689 0.495911 2.44515 0.862864 0.505172 -0.00772505 -0.014415
-0.382397 0.494312 2.44433 0.863967 0.503309 -0.00620416 -0.0142365
-0.385234 0.492753 2.44419 0.865189 0.50123 -0.00681081 -0.0130195
-0.388349 0.4913 2.44439 0.866661 0.498655 -0.00732361 -0.0137434
-0.391279 0.48988 2.4448 0.867946 0.496439 -0.00755946 -0.0126679
-0.394108 0.488427 2.44428 0.869083 0.494473 -0.00687664 -0.0119731
-0.396861 0.48696 2.4439 0.87067 0.491633 -0.00691571 -0.0135164
-0.399744 0.48542 2.44368 0.872421 0.488495 -0.00722925 -0.0142061
-0.402248 0.483802 2.4433 0.873777 0.48604 -0.00818961 -0.0145704
-0.404399 0.482403 2.44313 0.875246 0.48343 -0.00740335 -0.0135897
-0.406647 0.480845 2.44287 0.876579 0.48095 -0.00771577 -0.0154047
-0.40926 0.479293 2.44338 0.87807 0.478269 -0.00835704 -0.013473
-0.412032 0.477735 2.44322 0.879555 0.475536 -0.00814606 -0.0134727
-0.414923 0.476307 2.4435 0.880954 0.472932 -0.00783814 -0.0139161
-0.41764 0.474743 2.44349 0.88282 0.469411 -0.00750217 -0.0150369
-0.420157 0.473019 2.44373 0.884068 0.467055 -0.00973008 -0.0137676
-0.422445 0.471169 2.44217 0.88551 0.464308 -0.00795849 -0.0150584
-0.425167 0.469755 2.44349 0.887011 0.461434 -0.00913681 -0.0143792
-0.427542 0.467753 2.44239 0.888493 0.45846 -0.0095295 -0.0173999
-0.430688 0.466043 2.44376 0.889938 0.455717 -0.0095191 -0.0155578
-0.433107 0.463515 2.44162 0.891037 0.453649 -0.00743223 -0.0141572
-0.435627 0.461686 2.4423 0.892123 0.451476 -0.00798344 -0.0149039
-0.438259 0.459862 2.44258 0.893121 0.449379 -0.00930048 -0.0175184
-0.440909 0.457931 2.44279 0.894106 0.447516 -0.00873579 -0.0150967
-0.443092 0.455925 2.44188 0.894715 0.446407 -0.00678144 -0.0126538
-0.445517 0.45429 2.44266 0.895902 0.443951 -0.00831906 -0.0140871
-0.447739 0.452369 2.44211 0.8969 0.441905 -0.00778407 -0.0151518
-0.450228 0.45059 2.44289 0.897803 0.440113 -0.00865725 -0.0132028
-0.452449 0.4486 2.44227 0.898828 0.437968 -0.00910176 -0.0144763
-0.455095 0.44678 2.44296 0.899607 0.436382 -0.00822536 -0.0145271
-0.457459 0.444552 2.44264 0.900697 0.434095 -0.00927154 -0.0148725
-0.460077 0.442322 2.4431 0.901593 0.432281 -0.00929997 -0.0132689
-0.462324 0.440085 2.44289 0.902598 0.430147 -0.00976628 -0.0139801
-0.464251 0.437774 2.44154 0.903517 0.428231 -0.00878725 -0.014065
-0.466702 0.435856 2.44302 0.904328 0.426472 -0.0104691 -0.014264
-0.469197 0.433609 2.44272 0.905373 0.424268 -0.00966366 -0.0142383
-0.471945 0.43127 2.4432 0.906156 0.422685 -0.00905942 -0.0117163
-0.474212 0.428994 2.44242 0.907158 0.420493 -0.00910524 -0.0129275
-0.476532 0.426655 2.44191 0.908147 0.418384 -0.00814214 -0.0125762
-0.478885 0.424352 2.44208 0.909057 0.416359 -0.00986765 -0.012796
-0.48142 0.422231 2.44284 0.909864 0.414554 -0.0103541 -0.0136387
-0.483772 0.419938 2.44298 0.910773 0.412576 -0.0101646 -0.0130079
-0.486476 0.417475 2.44354 0.91175 0.410463 -0.0102331 -0.0113252
-0.489121 0.41485 2.4432 0.912489 0.408852 -0.0100535 -0.0100918
-0.491402 0.412615 2.44338 0.91357 0.406398 -0.0106586 -0.0108235
-0.493855 0.410407 2.44354 0.914256 0.404939 -0.0100092 -0.00776817
-0.496037 0.408172 2.44299 0.915335 0.402416 -0.0108007 -0.0103329
-0.498484 0.405818 2.44228 0.916055 0.400888 -0.00925745 -0.00679943
-0.501125 0.403851 2.44268 0.916953 0.398822 -0.00897296 -0.00766172
-0.50367 0.402051 2.4429 0.918046 0.396243 -0.00924233 -0.00985005
-0.506178 0.400148 2.44266 0.919021 0.394054 -0.00863103 -0.00686098
-0.544405 0.35842 2.44318 0.936707 0.349842 -0.010266 -0.00922208
-0.546333 0.356105 2.44296 0.937477 0.347761 -0.00987321 -0.0100467
-0.54829 0.353541 2.4429 0.938144 0.346006 -0.00985096 -0.00829098
-0.550379 0.351394 2.44393 0.939146 0.343097 -0.01269 -0.0113025
-0.552213 0.348891 2.44333 0.939706 0.341697 -0.0108721 -0.00886371
-0.554077 0.346369 2.44317 0.94044 0.339744 -0.00990169 -0.00697556
-0.55603 0.344063 2.44373 0.941326 0.337125 -0.0124123 -0.0098738
-0.558299 0.341757 2.44501 0.942019 0.335169 -0.0129312 -0.00978269
-0.559625 0.339074 2.44279 0.942822 0.332844 -0.0123065 -0.0122273
-0.561924 0.336742 2.44424 0.943551 0.330911 -0.0124148 -0.00746783
-0.563983 0.334461 2.44474 0.944332 0.328584 -0.0132994 -0.00959714
-0.566075 0.331867 2.44435 0.945269 0.325904 -0.0126577 -0.00962209
-0.568803 0.3295 2.44619 0.946364 0.322615 -0.0144221 -0.0102986
-0.570693 0.326732 2.44496 0.947011 0.320863 -0.0125103 -0.00778027
-0.57233 0.324279 2.44486 0.947574 0.319174 -0.012651 -0.00844963
-0.573636 0.321484 2.44408 0.948253 0.317098 -0.0129361 -0.00988443
-0.575358 0.318794 2.44446 0.948949 0.315068 -0.0124422 -0.00852851
-0.577026 0.316183 2.44456 0.949539 0.313203 -0.0137769 -0.00947341
-0.579071 0.313621 2.44496 0.950288 0.310934 -0.0140642 -0.00861926
-0.581016 0.311067 2.44477 0.951038 0.308765 -0.0124923 -0.00596133
-0.583051 0.308645 2.44478 0.951902 0.306036 -0.0128658 -0.00770559
-0.584968 0.306274 2.44432 0.952923 0.302783 -0.0126635 -0.00996607
-0.58682 0.303952 2.44505 0.95384 0.299868 -0.0135602 -0.00917523
-0.588531 0.301395 2.44511 0.954777 0.296819 -0.0138923 -0.0102658
-0.590093 0.298532 2.44481 0.9558 0.293549 -0.0140765 -0.00879684
-0.591931 0.295748 2.44501 0.956785 0.290334 -0.0134734 -0.00933626
-0.593593 0.29333 2.4458 0.957408 0.288224 -0.013929 -0.0101127
-0.595377 0.290881 2.4466 0.958101 0.28592 -0.0143974 -0.00923695
-0.59647 0.288084 2.44459 0.958718 0.28399 -0.0126706 -0.00696064
-0.598043 0.2857 2.44475 0.95943 0.281472 -0.0132731 -0.0095511
-0.599654 0.283155 2.44503 0.960141 0.279115 -0.0127859 -0.00774747
-0.601168 0.280715 2.44516 0.960921 0.276365 -0.0126177 -0.00973963
-0.602944 0.278433 2.44577 0.961618 0.273864 -0.0141616 -0.00940483
-0.604506 0.275948 2.44565 0.962268 0.271499 -0.0146345 -0.010685
-0.606141 0.273261 2.44637 0.962955 0.269084 -0.0146954 -0.0097847
-0.607741 0.270462 2.44664 0.963537 0.266936 -0.0153806 -0.0102711
-0.609496 0.267389 2.44713 0.964179 0.264559 -0.0168086 -0.00917198
-0.610995 0.264433 2.44627 0.964706 0.26279 -0.0146743 -0.00821996
-0.612497 0.261943 2.44682 0.965551 0.259587 -0.0156217 -0.00902331
-0.613859 0.259362 2.44652 0.966161 0.257314 -0.0156577 -0.00878713
-0.6155 0.256648 2.44637 0.966877 0.254716 -0.0144163 -0.00775263
-0.617844 0.253863 2.44792 0.967582 0.25188 -0.0157302 -0.00968985
-0.61966 0.251036 2.44804 0.968124 0.249772 -0.0163108 -0.00915667
-0.620931 0.248063 2.44709 0.968727 0.247558 -0.0144955 -0.00853002
-0.62212 0.244977 2.44627 0.969267 0.245429 -0.014813 -0.00817153
-0.623554 0.242025 2.44639 0.969957 0.242696 -0.0148999 -0.00780403
-0.625087 0.239136 2.44709 0.970547 0.240298 -0.0154571 -0.00756255
-0.626621 0.236273 2.44732 0.971133 0.237904 -0.0158719 -0.00712745
-0.628507 0.233332 2.44832 0.971807 0.235062 -0.0165425 -0.00798679
-0.629702 0.230138 2.4479 0.972403 0.232526 -0.0170586 -0.00851135
-0.630569 0.227125 2.44601 0.972972 0.230446 -0.0126394 -0.00776584
-0.631436 0.224163 2.44523 0.973402 0.228392 -0.0153559 -0.00945599
-0.633275 0.221562 2.44803 0.973933 0.225911 -0.017736 -0.0101513
-0.634254 0.218627 2.44683 0.974264 0.224768 -0.0157689 -0.00633374
-0.635618 0.215861 2.44624 0.97488 0.222054 -0.0153931 -0.00805524
-0.637155 0.213122 2.44678 0.975427 0.219615 -0.0159439 -0.0075993
-0.638762 0.210296 2.44744 0.975901 0.217312 -0.0178868 -0.0084702
-0.640406 0.20741 2.44702 0.976546 0.214523 -0.0168836 -0.00718803
-0.641754 0.204785 2.44641 0.977045 0.212213 -0.0168731 -0.00800311
-0.643387 0.202008 2.44761 0.977584 0.209609 -0.0178254 -0.00873123
-0.644672 0.199187 2.44705 0.978267 0.206392 -0.0179304 -0.00861435
-0.64599 0.196251 2.44649 0.978876 0.203565 -0.0168768 -0.00878883
-0.64708 0.193711 2.44603 0.979416 0.201008 -0.0166715 -0.00785063
-0.648009 0.191249 2.44602 0.979906 0.198691 -0.0163549 -0.00622406
-0.64932 0.18865 2.44659 0.980623 0.194986 -0.016775 -0.00876554
-0.650574 0.185641 2.4466 0.981144 0.192403 -0.0168181 -0.00740722
-0.651783 0.182745 2.44678 0.981607 0.189961 -0.0172854 -0.00794866
-0.652992 0.180071 2.44705 0.982272 0.186284 -0.0176459 -0.011351
-0.654146 0.177259 2.44709 0.982771 0.183576 -0.0184082 -0.0110165
-0.654896 0.17432 2.44615 0.983308 0.180978 -0.016903 -0.00820604
-0.656128 0.171343 2.44665 0.983818 0.178194 -0.0170401 -0.00770431
-0.657218 0.168375 2.44675 0.98438 0.174982 -0.0177815 -0.00784507
-0.658676 0.165211 2.44757 0.985053 0.171061 -0.018152 -0.00886721
-0.659823 0.161761 2.44743 0.985598 0.168015 -0.0178027 -0.007069
-0.660738 0.158768 2.44608 0.986121 0.165104 -0.01599 -0.00714686
-0.66184 0.155865 2.44603 0.986531 0.162617 -0.0155032 -0.0084417
-0.662984 0.152777 2.44684 0.986783 0.160927 -0.0173151 -0.00785431
-0.663765 0.149712 2.44547 0.987235 0.158169 -0.0152527 -0.0108281
-0.664838 0.146942 2.44586 0.987601 0.15599 -0.0157379 -0.0080455
-0.665893 0.144134 2.4465 0.987979 0.153606 -0.016339 -0.00604559
-0.667056 0.141374 2.44681 0.988442 0.150461 -0.0166735 -0.00816692
-0.667991 0.138488 2.44651 0.988798 0.148114 -0.0164778 -0.00831468
-0.668963 0.135648 2.44589 0.989187 0.145584 -0.015705 -0.0081921
-0.670074 0.132575 2.44682 0.989478 0.143705 -0.0156533 -0.00608862
-0.670911 0.129396 2.44695 0.989828 0.141226 -0.0159612 -0.00644134
-0.671725 0.126145 2.44698 0.990196 0.138513 -0.0166497 -0.00696832
-0.672354 0.122709 2.44632 0.990563 0.135821 -0.0160875 -0.0088683
-0.672665 0.119741 2.44606 0.990781 0.134148 -0.0163545 -0.00951483
-0.673043 0.116913 2.4461 0.991049 0.132159 -0.0160925 -0.00986488
-0.673262 0.113939 2.44646 0.991267 0.130367 -0.0172143 -0.00985917
-0.67374 0.110734 2.44687 0.99153 0.12832 -0.0178302 -0.00922036
-0.674391 0.107529 2.44673 0.991776 0.126403 -0.0174087 -0.00993907
-0.674852 0.104228 2.44603 0.992057 0.124367 -0.0169215 -0.00838653
-0.675562 0.101039 2.44638 0.992296 0.122337 -0.0177315 -0.0082071
-0.676456 0.0979039 2.44757 0.992578 0.119867 -0.0179361 -0.00991197
-0.676724 0.0946184 2.44667 0.992833 0.117938 -0.0168505 -0.00943716
-0.677391 0.0913345 2.44721 0.993075 0.115828 -0.018055 -0.00779203
-0.678209 0.0877585 2.4474 0.993412 0.112825 -0.0180192 -0.00891549
-0.678913 0.0838251 2.44734 0.993644 0.11114 -0.0167423 -0.0062245
-0.679258 0.0803888 2.44694 0.993885 0.108926 -0.0167272 -0.00689949
-0.679738 0.0772621 2.44617 0.994156 0.10655 -0.0159261 -0.00691124
-0.680748 0.0739617 2.447 0.994411 0.10417 -0.0159723 -0.00636691
-0.68142 0.0708602 2.44618 0.994665 0.101974 -0.0144864 -0.00579136
-0.682192 0.0680042 2.44635 0.994877 0.0999673 -0.0141364 -0.00510755
-0.682958 0.0651464 2.44679 0.995128 0.0973097 -0.0151908 -0.00456147
-0.683374 0.062274 2.44621 0.995404 0.0943725 -0.0148327 -0.00671894
-0.683725 0.0593055 2.4463 0.995615 0.0922754 -0.0142187 -0.00581719
-0.683949 0.0561982 2.44597 0.995828 0.0897586 -0.0147851 -0.00712049
-0.68441 0.0531521 2.4463 0.996061 0.0871207 -0.0147734 -0.00739473
-0.684807 0.049901 2.44639 0.996253 0.0849652 -0.0150658 -0.00573982
-0.685265 0.0467586 2.44672 0.996468 0.0823239 -0.0156552 -0.00532114
-0.685329 0.0438353 2.44607 0.996654 0.0800981 -0.0146527 -0.00711928
-0.685738 0.0409049 2.44714 0.996816 0.0779037 -0.0156369 -0.00662847
-0.686145 0.0377093 2.44791 0.996978 0.0757006 -0.0160839 -0.00671408
-0.68628 0.0342048 2.44755 0.997156 0.0735013 -0.0158559 -0.00509018
-0.686813 0.0308608 2.4479 0.997324 0.0710357 -0.0165255 -0.00514306
-0.687112 0.0276318 2.44769 0.997482 0.0688804 -0.0160123 -0.00542515
-0.687447 0.0242474 2.44777 0.997636 0.0666216 -0.016053 -0.00508347
-0.687592 0.0209384 2.44686 0.997806 0.0641288 -0.015495 -0.00544438
-0.687788 0.0176468 2.44652 0.99798 0.0616684 -0.0139459 -0.00612342
-0.688304 0.0143729 2.44753 0.998134 0.0588537 -0.0157156 -0.00430082
-0.688651 0.01098 2.4472 0.998307 0.05608 -0.0150023 -0.00372517
-0.689018 0.00761579 2.44743 0.998456 0.0532186 -0.0154922 -0.00362901
-0.68926 0.00434347 2.44666 0.998589 0.0506434 -0.015212 -0.00485117
-0.689788 0.0010848 2.44711 0.998736 0.0480927 -0.0143735 -0.00268031
-0.690204 -0.00227266 2.44771 0.998828 0.0458417 -0.0149418 -0.00423996
-0.690404 -0.00576211 2.448 0.998912 0.0433073 -0.0166258 -0.00472588
-0.690107 -0.00903017 2.44621 0.999012 0.0415263 -0.0152553 -0.00414067
-0.690459 -0.0120834 2.44714 0.999085 0.039313 -0.016028 -0.00518037
-0.690199 -0.0151464 2.4461 0.999176 0.0376453 -0.014758 -0.00350086
-0.690352 -0.0183126 2.44636 0.999259 0.0350053 -0.0155326 -0.0037513
-0.690449 -0.021566 2.44656 0.999332 0.033071 -0.0154245 -0.00177063
-0.69093 -0.0248722 2.44812 0.999379 0.0307823 -0.0166595 -0.00417349
-0.690996 -0.028082 2.44733 0.999485 0.0276838 -0.0154686 -0.00489736
-0.691091 -0.0317484 2.44748 0.999515 0.0260139 -0.0170949 0.00103192
-0.691365 -0.0348708 2.44783 0.999566 0.0231875 -0.0178771 -0.00316279
-0.691285 -0.0379681 2.44779 0.999611 0.0221723 -0.0168466 -0.00159643
-0.691211 -0.0410766 2.44765 0.999648 0.019546 -0.0177429 -0.00278495
-0.691416 -0.0445615 2.44803 0.99968 0.0172631 -0.0180032 -0.00422457
-0.691563 -0.0479003 2.44829 0.99972 0.0148662 -0.0180111 -0.00392447
-0.691672 -0.0513185 2.44827 0.999755 0.0126928 -0.0181036 0.000368928
-0.691724 -0.0542728 2.44794 0.999787 0.010344 -0.017869 -0.000509761
-0.69208 -0.0574743 2.44861 0.999793 0.00766372 -0.018345 -0.00422354
-0.692233 -0.0604346 2.4483 0.999834 0.00717748 -0.0158924 0.00533235
-0.691354 -0.0640707 2.44801 0.999799 0.000658657 -0.0199521 0.0019227
-0.691334 -0.0665761 2.44803 0.999797 0.000359023 -0.0200752 0.0014062
-0.691954 -0.0702797 2.45071 0.999573 -0.00580866 -0.0223807 -0.0178629
-0.690118 -0.0738945 2.4457 0.999834 -0.00554521 -0.0172239 -0.00229405
-0.690285 -0.0765801 2.44764 0.999703 -0.00997728 -0.018314 -0.0126146
-0.68983 -0.0795407 2.44767 0.999791 -0.0102679 -0.0175485 -0.00205683
-0.689741 -0.0824183 2.44838 0.999698 -0.0138977 -0.0189343 -0.00724746
-0.689483 -0.0855548 2.44762 0.999724 -0.0149467 -0.018083 -0.00135204
-0.689283 -0.0885484 2.44747 0.99968 -0.0185773 -0.0166971 -0.00399383
-0.688904 -0.0915811 2.4473 0.999656 -0.0196888 -0.0173082 0.000133673
-0.688443 -0.0944783 2.44723 0.999601 -0.0222871 -0.0173319 -0.000116758
-0.6881 -0.0976324 2.44717 0.999552 -0.0245111 -0.0171654 -0.000796247
-0.68803 -0.100638 2.44799 0.999446 -0.0274242 -0.018128 -0.00525305
-0.687473 -0.103847 2.44717 0.999432 -0.0289544 -0.017231 0.0010045
-0.68761 -0.107276 2.44904 0.999308 -0.0319972 -0.01886 -0.00173707
-0.686723 -0.111098 2.44749 0.999268 -0.0338742 -0.0176993 0.00191671
-0.686049 -0.114294 2.44686 0.999179 -0.0363226 -0.0179256 -0.000539044
-0.68543 -0.117024 2.44682 0.9991 -0.0384597 -0.0179121 0.000161009
-0.684958 -0.119796 2.44661 0.999019 -0.0407017 -0.0174234 0.00129953
-0.684405 -0.122942 2.44623 0.998914 -0.043199 -0.0174293 0.00130757
-0.684085 -0.126098 2.44627 0.998807 -0.0453879 -0.0179327 0.0019019
-0.683973 -0.129308 2.44702 0.998668 -0.048075 -0.0187248 0.000513975
-0.683179 -0.132444 2.44536 0.998576 -0.0503121 -0.0175296 0.00260151
-0.683019 -0.135703 2.44614 0.998433 -0.052915 -0.0181396 0.00141271
-0.682442 -0.138799 2.4462 0.99831 -0.0552124 -0.0180192 0.00206676
-0.681646 -0.141981 2.44553 0.998173 -0.0576287 -0.0181052 0.00137792
-0.681562 -0.145379 2.44688 0.997984 -0.0607268 -0.0184446 -0.000255708
-0.68076 -0.149057 2.44617 0.997847 -0.0631903 -0.0175403 0.000117285
-0.680105 -0.152477 2.44663 0.997685 -0.0654034 -0.0185796 0.00167297
-0.679473 -0.155683 2.44624 0.997564 -0.0673386 -0.0180299 0.00243725
-0.67845 -0.158873 2.44524 0.997452 -0.0691275 -0.0172458 0.00378301
-0.677819 -0.162061 2.44488 0.997286 -0.0714405 -0.0171898 0.00458274
-0.677343 -0.164999 2.44464 0.99714 -0.0734122 -0.017633 0.003371
-0.67706 -0.168011 2.4454 0.996979 -0.0755193 -0.0179119 0.00307926
-0.67659 -0.171212 2.44594 0.996795 -0.0775425 -0.01937 0.00352474
-0.675963 -0.174487 2.44529 0.996616 -0.0800012 -0.0188283 0.00127696
-0.675258 -0.177648 2.44503 0.996456 -0.0821313 -0.0178941 0.00307292
-0.67484 -0.180683 2.44528 0.996251 -0.0843953 -0.0187528 0.00312004
-0.673629 -0.183596 2.44309 0.996057 -0.0868874 -0.0170288 0.00550203
-0.673165 -0.186517 2.44304 0.995836 -0.0893857 -0.0176059 0.00321599
-0.672629 -0.189378 2.44286 0.995625 -0.0919456 -0.016445 0.00267057
-0.67252 -0.192278 2.44502 0.995345 -0.0945724 -0.0185173 0.00114279
-0.671496 -0.195169 2.44325 0.995059 -0.0977132 -0.0174009 0.00272898
-0.671222 -0.198439 2.44404 0.994793 -0.100362 -0.0176326 0.00164792
-0.670424 -0.201512 2.44355 0.994524 -0.103 -0.0176015 0.00161853
-0.669535 -0.20455 2.4428 0.994268 -0.105494 -0.0171403 0.00304423
-0.668776 -0.207525 2.44276 0.994009 -0.1079 -0.0170944 0.0033147
-0.668194 -0.21048 2.44365 0.993657 -0.110841 -0.018706 0.00322534
-0.667163 -0.213246 2.4429 0.993346 -0.113746 -0.0178846 0.0024493
-0.666452 -0.216259 2.44319 0.992988 -0.116742 -0.0183074 0.00336536
-0.665517 -0.219309 2.44193 0.992613 -0.120102 -0.0168957 0.00295829
-0.664554 -0.222372 2.44119 0.992278 -0.123016 -0.0157111 0.00205075
-0.664117 -0.22533 2.44173 0.99188 -0.126152 -0.0160813 0.000611557
-0.663365 -0.22832 2.44161 0.991514 -0.128891 -0.0169163 0.000655509
-0.662725 -0.231514 2.44225 0.991228 -0.130898 -0.018024 0.00266719
-0.662255 -0.234822 2.44261 0.99084 -0.133905 -0.0174867 0.000329454
-0.661563 -0.237839 2.44182 0.990539 -0.13621 -0.0166309 0.00177665
-0.660987 -0.240912 2.44202 0.990231 -0.138399 -0.0168445 0.00204529
-0.659906 -0.243779 2.44062 0.989895 -0.140858 -0.016007 0.00339304
-0.659295 -0.246365 2.44167 0.989546 -0.143255 -0.0165883 0.0011886
-0.658125 -0.24882 2.44081 0.989255 -0.145355 -0.0156915 0.000969914
-0.657316 -0.251597 2.44194 0.988803 -0.148158 -0.0178097 -0.000470895
-0.656384 -0.254835 2.44199 0.988461 -0.150338 -0.0184992 0.00134702
-0.65552 -0.258324 2.44245 0.98805 -0.15312 -0.0175941 0.00129843
-0.654497 -0.2618 2.44253 0.98754 -0.156309 -0.0182041 -2.34026e-05
-0.652902 -0.264272 2.4404 0.987219 -0.158442 -0.0171602 5.18634e-05
-0.651775 -0.266955 2.44026 0.986885 -0.160516 -0.0169814 0.00178884
-0.650784 -0.269849 2.44087 0.986429 -0.163258 -0.0174341 -0.000524583
-0.649739 -0.273109 2.44103 0.986081 -0.165218 -0.0186173 0.00114758
-0.649015 -0.276311 2.44221 0.985679 -0.167485 -0.0195003 0.00213099
-0.647803 -0.27929 2.44189 0.985228 -0.170161 -0.0190258 0.0029174
-0.64655 -0.282242 2.44118 0.984791 -0.172731 -0.0185958 0.00210684
-0.645045 -0.285061 2.43958 0.984308 -0.175568 -0.0176877 0.000885164
-0.644322 -0.288355 2.44039 0.983758 -0.178678 -0.0171615 -3.8416e-05
-0.643104 -0.29162 2.43981 0.983206 -0.181629 -0.0177972 0.000920945
-0.642178 -0.295534 2.44137 0.982687 -0.184238 -0.0192714 0.00329509
-0.640505 -0.298579 2.44021 0.982193 -0.186999 -0.0180728 0.00129567
-0.639341 -0.30164 2.44003 0.981765 -0.189218 -0.0181983 0.00172567
-0.637957 -0.304401 2.43964 0.981385 -0.191225 -0.0177662 0.00105872
-0.636748 -0.307216 2.43956 0.98102 -0.193161 -0.0168068 0.00231609
-0.635699 -0.309882 2.43994 0.980546 -0.195445 -0.0180248 0.00249089
-0.634273 -0.312295 2.4387 0.980025 -0.198126 -0.0172105 0.00129324
-0.633315 -0.315029 2.43901 0.979446 -0.200981 -0.0170946 0.000711802
-0.632099 -0.317823 2.43866 0.978833 -0.203984 -0.0166498 -1.3893e-05
-0.631045 -0.320783 2.43894 0.978381 -0.206073 -0.0173633 0.00176789
-0.629713 -0.323537 2.43891 0.977829 -0.208695 -0.0172038 0.000328615
-0.628345 -0.326111 2.43954 0.977313 -0.211023 -0.0181033 0.000627151
-0.626672 -0.328689 2.43882 0.976721 -0.213779 -0.0176102 0.00191776
-0.625253 -0.331829 2.43913 0.976154 -0.216347 -0.0177268 0.00155436
-0.623362 -0.334392 2.43827 0.97564 -0.218661 -0.017735 0.000528229
-0.621746 -0.336703 2.43774 0.975193 -0.220685 -0.0172475 -4.45128e-05
-0.62026 -0.339055 2.43899 0.974815 -0.22222 -0.0187856 0.00128809
-0.618372 -0.341344 2.43828 0.974278 -0.224639 -0.0178292 0.000921683
-0.616857 -0.344401 2.43899 0.973931 -0.226117 -0.0178498 0.00333853
-0.615011 -0.347034 2.4373 0.973335 -0.228808 -0.016292 0.000565688
-0.613714 -0.350013 2.43912 0.972797 -0.230926 -0.0183848 -0.000655971
-0.611829 -0.352757 2.43815 0.972292 -0.233117 -0.0174447 0.000974976
-0.610027 -0.355322 2.43731 0.971791 -0.235125 -0.0180515 0.00368965
-0.608537 -0.358114 2.43759 0.971075 -0.238206 -0.0164576 -0.000683637
-0.606865 -0.361046 2.43721 0.970456 -0.240656 -0.0171811 0.0023011
-0.60514 -0.364248 2.43723 0.9698 -0.243241 -0.0176488 0.00318915
-0.603388 -0.367257 2.43793 0.969144 -0.245809 -0.0183269 0.00130333
-0.601631 -0.369995 2.43779 0.968631 -0.247845 -0.0180515 0.000453919
-0.59967 -0.372765 2.43774 0.968158 -0.24972 -0.0174785 0.00209847
-0.597448 -0.375521 2.43712 0.967804 -0.250994 -0.018641 0.00300881
-0.59541 -0.378048 2.43632 0.967219 -0.253342 -0.0174839 0.000695644
-0.593751 -0.380567 2.43647 0.966861 -0.254625 -0.0182413 0.00353734
-0.591933 -0.383047 2.43623 0.966302 -0.256701 -0.0185841 0.00438197
-0.590194 -0.385691 2.43631 0.965681 -0.259104 -0.0179545 0.00163795
-0.588429 -0.388453 2.43639 0.965152 -0.261011 -0.0186075 0.00282271
-0.586563 -0.390972 2.43626 0.96442 -0.263693 -0.0189619 0.000701035
-0.584758 -0.393706 2.43701 0.963974 -0.26521 -0.0200832 0.00393798
-0.582487 -0.396097 2.43612 0.963437 -0.267204 -0.0196493 0.0020933
-0.580661 -0.398698 2.43623 0.962876 -0.269236 -0.019406 0.00219941
-0.578649 -0.401299 2.43574 0.96227 -0.271389 -0.0195219 0.00194978
-0.576886 -0.404198 2.43639 0.961735 -0.273228 -0.0201609 0.00252408
-0.574982 -0.407225 2.43645 0.961174 -0.275206 -0.019909 0.00328205
-0.57287 -0.409932 2.43598 0.960707 -0.276773 -0.0205308 0.00414357
-0.570922 -0.412582 2.43522 0.960057 -0.279077 -0.0196544 0.00457166
-0.569078 -0.415196 2.43516 0.959455 -0.281187 -0.0191399 0.00368547
-0.567436 -0.417992 2.436 0.958785 -0.283416 -0.0200008 0.00263373
-0.565075 -0.420421 2.43402 0.958174 -0.285533 -0.0188176 0.00442706
-0.563462 -0.423241 2.43579 0.957313 -0.288339 -0.0198714 0.00420581
-0.561577 -0.425837 2.4358 0.956389 -0.291436 -0.0194796 0.00241888
-0.559336 -0.428526 2.43511 0.955412 -0.294538 -0.0202945 0.004882
-0.557427 -0.430929 2.43442 0.95451 -0.297501 -0.0195089 0.00476817
-0.555669 -0.433395 2.43429 0.953856 -0.299635 -0.0191015 0.00346815
-0.553697 -0.435765 2.43411 0.953026 -0.302248 -0.0193949 0.00324473
-0.551709 -0.438282 2.43403 0.952337 -0.304413 -0.0193369 0.0035223
-0.549985 -0.44089 2.43491 0.951693 -0.306384 -0.0199704 0.00327116
-0.547945 -0.443027 2.43388 0.950941 -0.30872 -0.0193175 0.00548007
-0.546233 -0.445428 2.43459 0.950262 -0.310788 -0.0197407 0.00484693
-0.544157 -0.447569 2.43375 0.949445 -0.31331 -0.0192097 0.00464036
-0.542272 -0.45001 2.43354 0.948555 -0.315989 -0.0196143 0.00301008
-0.540471 -0.452583 2.43431 0.94784 -0.318104 -0.0201438 0.0018604
-0.538171 -0.455332 2.43426 0.947305 -0.319658 -0.0203024 0.00447516
-0.535949 -0.458466 2.43492 0.94638 -0.322308 -0.0212444 0.00562523
-0.533299 -0.460633 2.43307 0.945652 -0.324513 -0.0201264 0.00524759
-0.531511 -0.462694 2.43335 0.944897 -0.326716 -0.0203161 0.00370279
-0.529634 -0.464903 2.4334 0.944035 -0.329247 -0.0196916 0.0026741
-0.527693 -0.467495 2.4339 0.943353 -0.331111 -0.0205117 0.00550938
-0.525688 -0.470113 2.43443 0.942394 -0.333844 -0.0207412 0.00351443
-0.523568 -0.472495 2.43386 0.941636 -0.335988 -0.0204449 0.00396526
-0.518991 -0.47733 2.43288 0.940005 -0.340509 -0.0205761 0.00461005
-0.51656 -0.4796 2.43246 0.939128 -0.342856 -0.0215438 0.00492581
-0.514382 -0.481922 2.43325 0.938424 -0.344777 -0.0219023 0.00325952
-0.511827 -0.484144 2.43275 0.937611 -0.346967 -0.0215075 0.00613724
-0.509288 -0.486928 2.43333 0.936412 -0.350219 -0.0216891 0.00290363
-0.506697 -0.489647 2.43375 0.935597 -0.352368 -0.0218556 0.00411638
-0.504301 -0.491819 2.43269 0.934928 -0.354211 -0.0208366 0.00302274
-0.5022 -0.493731 2.43335 0.934188 -0.35612 -0.0215269 0.00294266
-0.499825 -0.49525 2.43143 0.933525 -0.357872 -0.0208554 0.0047746
-0.497724 -0.497425 2.43175 0.932843 -0.359651 -0.020754 0.00493575
-0.495423 -0.499614 2.43168 0.931973 -0.361942 -0.0205041 0.00196655
-0.493038 -0.501861 2.43176 0.931236 -0.363771 -0.0214849 0.00272502
-0.490595 -0.504262 2.43155 0.930787 -0.364855 -0.0217814 0.00646905
-0.488174 -0.506712 2.43119 0.930031 -0.36677 -0.0219148 0.00655437
-0.485734 -0.50852 2.42995 0.929146 -0.369114 -0.0204811 0.00469337
-0.483696 -0.510632 2.43093 0.928345 -0.371031 -0.0217945 0.00606493
-0.481364 -0.512711 2.43053 0.927305 -0.373649 -0.0220381 0.00250623
-0.479044 -0.515058 2.42985 0.9262 -0.37643 -0.021097 0.00300263
-0.477502 -0.518337 2.43435 0.925375 -0.378342 -0.0227064 0.00486179
-0.474565 -0.518657 2.42799 0.92426 -0.381289 -0.0189903 0.00107279
-0.472322 -0.520659 2.42974 0.923389 -0.383252 -0.0206119 0.00676009
-0.47015 -0.522697 2.43029 0.922409 -0.385366 -0.0240099 0.00884645
-0.468153 -0.524893 2.43109 0.921166 -0.388495 -0.0223753 0.00484688
-0.465592 -0.526796 2.42993 0.92022 -0.39084 -0.0205774 0.00397978
-0.463689 -0.529292 2.43184 0.918957 -0.393689 -0.0223774 0.00512229
-0.461185 -0.531055 2.43103 0.918088 -0.395663 -0.022757 0.00684988
-0.458628 -0.532841 2.43054 0.916939 -0.398375 -0.022015 0.00601076
-0.456317 -0.534883 2.43072 0.915836 -0.400958 -0.0216015 0.00315671
-0.454084 -0.537244 2.43111 0.914452 -0.404169 -0.0202467 0.00375156
-0.45153 -0.539599 2.43139 0.913224 -0.406918 -0.0205989 0.00396938
-0.448896 -0.541669 2.43154 0.912059 -0.409521 -0.0205316 0.00440957
-0.446235 -0.543258 2.42984 0.911022 -0.41191 -0.0188692 0.00365379
-0.443925 -0.54551 2.43055 0.910233 -0.413642 -0.0191201 0.00338569
-0.441715 -0.547706 2.43086 0.909351 -0.415536 -0.0197311 0.0047254
-0.439317 -0.549422 2.43017 0.908269 -0.417885 -0.0194905 0.00637848
-0.437476 -0.551659 2.43064 0.906966 -0.420727 -0.0194538 0.00470133
-0.435342 -0.553753 2.43121 0.905845 -0.423102 -0.0201799 0.00484443
-0.433095 -0.555641 2.43086 0.904822 -0.425375 -0.0184173 0.0037155
-0.430984 -0.557693 2.43161 0.903857 -0.427304 -0.020778 0.00475742
-0.428323 -0.55928 2.43031 0.902835 -0.429517 -0.0196757 0.00404147
-0.426001 -0.56169 2.43151 0.901762 -0.431712 -0.0203671 0.00598232
-0.42306 -0.563385 2.43009 0.900687 -0.433875 -0.0210319 0.00847915
-0.420652 -0.56554 2.43165 0.899455 -0.436467 -0.0211192 0.00556491
-0.418172 -0.567376 2.43147 0.898536 -0.438382 -0.0207811 0.00477205
-0.415337 -0.569008 2.43033 0.897583 -0.440258 -0.0214186 0.00766457
-0.4129 -0.571411 2.43198 0.896406 -0.442719 -0.0208611 0.00466115
-0.409871 -0.573237 2.43113 0.895644 -0.44422 -0.0209971 0.00702748
-0.407128 -0.575101 2.43088 0.89454 -0.446487 -0.0204231 0.00548287
-0.404524 -0.577259 2.43138 0.893408 -0.448705 -0.020972 0.00682671
-0.401808 -0.579229 2.43167 0.892105 -0.451362 -0.0199551 0.00475112
-0.399035 -0.581192 2.43183 0.891128 -0.453219 -0.0212246 0.00568001
-0.396354 -0.583198 2.43226 0.890007 -0.455395 -0.021542 0.00622591
-0.393335 -0.585169 2.43171 0.888805 -0.457738 -0.0211724 0.00728582
-0.390277 -0.587042 2.43105 0.887503 -0.460264 -0.0212005 0.00678402
-0.387999 -0.589154 2.43207 0.885913 -0.4634 -0.0201704 0.00336562
-0.385325 -0.591017 2.43236 0.885046 -0.465028 -0.0204244 0.00509711
-0.382726 -0.592618 2.43256 0.884053 -0.466868 -0.0212895 0.00550356
-0.379936 -0.594317 2.43228 0.883154 -0.468506 -0.0219739 0.00769858
-0.377566 -0.59604 2.43243 0.882159 -0.470436 -0.0210994 0.00629717
-0.375111 -0.597862 2.43255 0.880679 -0.473274 -0.0201173 0.00351937
-0.372439 -0.59929 2.43134 0.87954 -0.475349 -0.0205213 0.0056588
-0.37014 -0.601017 2.43171 0.878048 -0.478097 -0.020768 0.004786
-0.367743 -0.602596 2.43186 0.876691 -0.480586 -0.0209802 0.00309125
-0.365181 -0.60407 2.43128 0.875334 -0.483085 -0.0197539 0.00541435
-0.362691 -0.605809 2.43192 0.873914 -0.485625 -0.0204564 0.00487916
-0.359903 -0.60754 2.43145 0.872345 -0.488466 -0.0197469 0.00504946
-0.357297 -0.609552 2.43216 0.870851 -0.491139 -0.019559 0.00435265
-0.354766 -0.611018 2.43186 0.869508 -0.493459 -0.0205713 0.00552104
-0.35242 -0.612569 2.43225 0.868191 -0.495851 -0.01906 0.00351826
-0.349841 -0.614414 2.43304 0.866845 -0.498137 -0.0201392 0.00582977
-0.347046 -0.616055 2.43233 0.865468 -0.500535 -0.0198401 0.00593826
-0.344087 -0.617511 2.43163 0.864151 -0.50282 -0.0194728 0.00594464
-0.341398 -0.619269 2.43208 0.862737 -0.505271 -0.0190495 0.00482257
-0.338619 -0.620918 2.43194 0.861161 -0.508009 -0.0177185 0.00381581
-0.336113 -0.622731 2.43318 0.859701 -0.510507 -0.0170256 0.00268587
-0.333262 -0.624047 2.43221 0.858106 -0.513164 -0.0174703 0.00347506
-0.33073 -0.625843 2.43312 0.856677 -0.515551 -0.0174101 0.00300078
-0.327554 -0.627467 2.43286 0.855135 -0.518041 -0.0187522 0.0050991
-0.324607 -0.629226 2.43356 0.853385 -0.520948 -0.0183322 0.00344708
-0.321665 -0.629865 2.43023 0.852043 -0.523161 -0.0165982 0.00710475
-0.319036 -0.631735 2.43251 0.851018 -0.524806 -0.0181966 0.00399976
-0.316341 -0.633203 2.43271 0.84969 -0.526919 -0.0193163 0.00321233
-0.313706 -0.634633 2.43283 0.848293 -0.529282 -0.0158885 0.00259838
-0.310887 -0.635675 2.43213 0.847159 -0.531096 -0.0159846 0.00203473
-0.308102 -0.637002 2.4323 0.84612 -0.532677 -0.0180844 0.00291242
-0.305267 -0.638112 2.4318 0.844785 -0.534827 -0.0168845 0.00357411
-0.302559 -0.639457 2.43239 0.84341 -0.537014 -0.0164911 0.00200805
-0.299672 -0.640614 2.43242 0.842425 -0.538556 -0.0166065 0.00164976
-0.296824 -0.641746 2.43234 0.841164 -0.540537 -0.01603 0.00238521
-0.293722 -0.642994 2.43218 0.839993 -0.542336 -0.0164457 0.00358854
-0.290541 -0.644528 2.43286 0.838373 -0.544866 -0.0158615 0.000926601
-0.287394 -0.645361 2.43208 0.837431 -0.54633 -0.0151568 0.00166742
-0.284541 -0.646407 2.43309 0.836343 -0.548009 -0.0147047 -0.00060894
-0.281359 -0.646833 2.43151 0.835411 -0.549432 -0.0145248 0.00111345
-0.278374 -0.647921 2.43243 0.834289 -0.551096 -0.0159607 0.00126412
-0.275162 -0.648641 2.43106 0.833218 -0.552778 -0.0134515 0.001611
-0.272285 -0.650177 2.43226 0.83206 -0.554485 -0.0147979 0.00195258
-0.269158 -0.651317 2.43222 0.831085 -0.555963 -0.014201 0.00130556
-0.266188 -0.652379 2.43254 0.829721 -0.557987 -0.0145239 0.00149771
-0.262905 -0.65319 2.43169 0.828569 -0.559707 -0.0140319 0.00185739
-0.259949 -0.654529 2.43341 0.82721 -0.561693 -0.0149629 -0.000120163
-0.256712 -0.655573 2.43328 0.825282 -0.564578 -0.01262 -0.00130416
-0.253131 -0.656616 2.4329 0.82372 -0.566819 -0.0140421 0.00223926
-0.249807 -0.657327 2.43264 0.821928 -0.569403 -0.0144793 0.0023657
-0.246995 -0.658303 2.433 0.820475 -0.571533 -0.0130712 0.000292174
-0.243947 -0.658856 2.43175 0.81912 -0.573512 -0.0112596 0.000209188
-0.241278 -0.660336 2.43297 0.817873 -0.575263 -0.0124897 0.000955221
-0.238346 -0.66135 2.43305 0.816844 -0.576704 -0.0131485 0.00209243
-0.23547 -0.662141 2.43306 0.815333 -0.578839 -0.0130332 0.00258663
-0.23268 -0.663088 2.43353 0.813913 -0.580842 -0.0128982 0.000875732
-0.229804 -0.66375 2.43283 0.812682 -0.582583 -0.0120251 -0.000119563
-0.226772 -0.66458 2.43289 0.811711 -0.58393 -0.012235 0.00133086
-0.223541 -0.665412 2.43317 0.810618 -0.585424 -0.0133011 0.000449754
-0.220198 -0.666768 2.43452 0.809285 -0.587258 -0.0136398 0.000720488
-0.216895 -0.667175 2.43276 0.807774 -0.589362 -0.0124262 0.000307118
-0.214104 -0.667874 2.43286 0.806627 -0.590933 -0.0122979 0.000494682
-0.211371 -0.669108 2.4345 0.804938 -0.593198 -0.0137829 -0.000209586
-0.208364 -0.669952 2.43432 0.803719 -0.594861 -0.0131875 0.00141085
-0.205175 -0.671149 2.43461 0.802162 -0.596945 -0.0137007 0.00202582
-0.201848 -0.672137 2.43429 0.800653 -0.598987 -0.0128622 0.00203526
-0.198801 -0.673123 2.43428 0.799203 -0.600929 -0.0125519 0.000608845
-0.19547 -0.674009 2.43446 0.797764 -0.602834 -0.0128127 0.000539196
-0.192204 -0.674641 2.43436 0.796207 -0.604874 -0.0134407 0.000874259
-0.189031 -0.675402 2.43501 0.794876 -0.606616 -0.013643 0.00171667
-0.185818 -0.67612 2.43559 0.793594 -0.608284 -0.014036 0.00151531
-0.182441 -0.676735 2.43534 0.792149 -0.610153 -0.0144011 0.00233523
-0.179034 -0.677485 2.43593 0.790315 -0.612546 -0.0137146 0.0013584
-0.175656 -0.677767 2.43463 0.789093 -0.614127 -0.0133667 0.00157082
-0.172468 -0.678454 2.43565 0.787708 -0.615877 -0.0144956 0.00139358
-0.169364 -0.679163 2.43629 0.786436 -0.617504 -0.0142096 0.00241405
-0.166083 -0.679938 2.43589 0.784941 -0.619423 -0.0133637 0.001792
-0.163102 -0.681052 2.43573 0.783788 -0.620879 -0.0135099 0.00188499
-0.159906 -0.68216 2.43653 0.782755 -0.622177 -0.0135992 0.00239248
-0.156446 -0.682697 2.43566 0.781478 -0.623772 -0.0137012 0.00352057
-0.153488 -0.683181 2.43648 0.780113 -0.625487 -0.0137153 0.00121325
-0.150742 -0.683325 2.43609 0.778888 -0.62701 -0.0137362 0.00154428
-0.147996 -0.683626 2.436 0.77738 -0.628898 -0.0128961 -0.00075807
-0.145005 -0.684185 2.43561 0.775932 -0.630664 -0.0136665 0.00225472
-0.142015 -0.685339 2.43649 0.77387 -0.633209 -0.0131004 0.000791317
-0.138726 -0.685747 2.43542 0.772244 -0.635181 -0.0132289 0.00314869
-0.136001 -0.686287 2.43506 0.770033 -0.637896 -0.0116309 0.0014419
-0.13338 -0.687032 2.43564 0.768352 -0.639915 -0.0119076 0.00151239
-0.130361 -0.687428 2.4358 0.766638 -0.641974 -0.0116304 0.000752564
-0.127131 -0.687649 2.43471 0.765244 -0.643635 -0.011444 0.00212284
-0.124105 -0.688333 2.43573 0.763436 -0.645785 -0.0112452 0.000803098
-0.121004 -0.688553 2.43534 0.761849 -0.647664 -0.0106532 0.00190189
-0.117917 -0.688519 2.43452 0.760044 -0.649772 -0.0111778 0.00219087
-0.11491 -0.688816 2.43442 0.758025 -0.652153 -0.00963073 0.00125042
-0.111729 -0.689031 2.43368 0.756513 -0.653892 -0.01049 0.00201246
-0.108497 -0.68961 2.43439 0.754353 -0.656395 -0.00958135 0.00237127
-0.104867 -0.690164 2.4344 0.752053 -0.659028 -0.00974921 0.00190661
-0.101282 -0.690135 2.43339 0.750257 -0.661063 -0.00979279 0.00369094
-0.0982277 -0.690531 2.43296 0.748641 -0.66292 -0.00813209 0.00266074
-0.0950581 -0.691006 2.43325 0.746985 -0.664792 -0.00804946 0.00113769
-0.0922438 -0.691561 2.434 0.745559 -0.666379 -0.00846606 0.00311133
-0.0893992 -0.691638 2.43386 0.743944 -0.668179 -0.00860039 0.00303579
-0.0864425 -0.691878 2.43358 0.742106 -0.67022 -0.00861416 0.00296109
-0.0834851 -0.692289 2.43393 0.740196 -0.672332 -0.00884492 0.00160379
-0.0805255 -0.692709 2.43402 0.738672 -0.674 -0.00915188 0.00173013
-0.0774837 -0.693029 2.43382 0.736848 -0.676006 -0.00819215 0.00172813
-0.074287 -0.693549 2.43452 0.735101 -0.677908 -0.00816079 0.000910927
-0.0710626 -0.693785 2.43468 0.733397 -0.67975 -0.00828342 9.91436e-05
-0.0677922 -0.693697 2.4343 0.731569 -0.681713 -0.00858481 0.00075443
-0.0643211 -0.694006 2.4348 0.729451 -0.683961 -0.00986308 0.00091808
-0.0612119 -0.693715 2.43482 0.727705 -0.685838 -0.00821825 -0.00172673
-0.0584795 -0.692954 2.43317 0.72639 -0.687235 -0.00812968 0.000444034
-0.055551 -0.692474 2.43291 0.725082 -0.688622 -0.00739339 -0.000602278
-0.0523823 -0.692036 2.43301 0.723501 -0.690286 -0.00689598 -0.00177886
-0.0491205 -0.692225 2.4342 0.722223 -0.691615 -0.00784083 -0.000817525
-0.0457685 -0.692079 2.4335 0.720771 -0.693129 -0.00784575 -0.000449146
-0.0423798 -0.691986 2.43348 0.719392 -0.69453 -0.0100382 -0.00128954
-0.0392284 -0.691798 2.43327 0.717041 -0.696978 -0.00859443 -0.000837058
-0.0359478 -0.691874 2.43381 0.715882 -0.698146 -0.0101842 0.00153505
-0.0324431 -0.692276 2.43504 0.7146 -0.699464 -0.00977298 -0.000662275
-0.029631 -0.692452 2.43557 0.712606 -0.701498 -0.00863489 -0.00434638
-0.0305653 -0.691242 2.43209 0.711676 -0.702473 -0.00459524 -0.00533628
-0.0325126 -0.690771 2.43029 0.712134 -0.702028 -0.00264901 -0.00379835
-0.0330834 -0.691551 2.4327 0.712682 -0.701463 -0.00502804 -0.00285673
-0.0331988 -0.691688 2.43311 0.712898 -0.701246 -0.00449785 -0.00325603
-0.0325418 -0.691263 2.43196 0.712414 -0.701731 -0.00529465 -0.00338369
-0.0324825 -0.691003 2.43091 0.711764 -0.702397 -0.00232817 -0.00492993
-0.0326517 -0.691078 2.43222 0.711868 -0.702275 -0.00597397 -0.00410909
-0.0326553 -0.690979 2.43185 0.712024 -0.702123 -0.00483015 -0.00472294
-0.0326256 -0.691102 2.4321 0.711774 -0.70238 -0.00410373 -0.00480891
-0.0325123 -0.690647 2.43013 0.711939 -0.702223 -0.0037778 -0.00344279
-0.0326219 -0.691276 2.43226 0.712298 -0.701849 -0.00491918 -0.00403859
-0.0326872 -0.691051 2.43101 0.712253 -0.701909 -0.00341697 -0.00288409
-0.0325785 -0.691151 2.43154 0.7124 -0.701756 -0.00409946 -0.00286177
-0.0325596 -0.690508 2.42991 0.711807 -0.702362 -0.00286039 -0.003201
-0.0326144 -0.691082 2.43152 0.712364 -0.701783 -0.00511772 -0.00343015
-0.03259 -0.69129 2.43195 0.712307 -0.701845 -0.00472259 -0.00315837
-0.0326311 -0.691017 2.43102 0.711682 -0.70248 -0.00139458 -0.00537363
-0.0325675 -0.69086 2.43102 0.711704 -0.70246 -0.00287597 -0.0043591
-0.0325468 -0.690792 2.43098 0.712083 -0.702066 -0.00509177 -0.00388131
-0.0325453 -0.691304 2.43259 0.712037 -0.702098 -0.00614999 -0.00495517
-0.0325833 -0.691381 2.43265 0.712369 -0.701769 -0.00633082 -0.0033881
-0.0325678 -0.691339 2.43218 0.712459 -0.701686 -0.00553302 -0.00278517
-0.0326493 -0.690914 2.43104 0.712123 -0.702039 -0.00276894 -0.0036673
-0.0326502 -0.691058 2.43197 0.712037 -0.702117 -0.00454202 -0.0038264
-0.032579 -0.690875 2.43109 0.711935 -0.702221 -0.00393627 -0.00442082
-0.0325893 -0.691328 2.43256 0.712152 -0.701995 -0.00428626 -0.00499726
-0.0326612 -0.691394 2.43254 0.712294 -0.70185 -0.00511925 -0.00426286
-0.0326743 -0.69123 2.43192 0.712134 -0.702022 -0.00318975 -0.00434063
-0.032607 -0.691369 2.43269 0.712166 -0.701977 -0.0047908 -0.00491529
-0.0325651 -0.691175 2.43202 0.712153 -0.701994 -0.00534815 -0.0036823
-0.0326843 -0.691552 2.43284 0.712497 -0.701652 -0.00492655 -0.00302874
-0.0326224 -0.691332 2.43197 0.712234 -0.701927 -0.00316644 -0.00342618
-0.0325331 -0.69123 2.43202 0.712163 -0.701996 -0.00345714 -0.00366771
-0.0326107 -0.691116 2.43197 0.712344 -0.701807 -0.00467742 -0.00328539
-0.0325899 -0.691253 2.43239 0.712087 -0.702051 -0.00611297 -0.00432432
-0.0326104 -0.691382 2.43264 0.712234 -0.701902 -0.00637167 -0.00396615
-0.0325683 -0.691137 2.4318 0.712115 -0.702034 -0.00506732 -0.00392107
-0.0326268 -0.691441 2.43278 0.712162 -0.701983 -0.00480634 -0.00471551
-0.0327219 -0.690855 2.43066 0.71172 -0.702444 -0.00122009 -0.00497315
-0.0326755 -0.691283 2.4325 0.712186 -0.701964 -0.00392429 -0.00461735
-0.0326309 -0.691451 2.43327 0.712074 -0.702067 -0.0056275 -0.00451981
-0.0327422 -0.69082 2.43095 0.711756 -0.702405 -0.00300629 -0.0047154
-0.03262 -0.691455 2.43297 0.712446 -0.701697 -0.00497871 -0.0040838
-0.0325751 -0.691123 2.43147 0.712078 -0.702079 -0.00302616 -0.00457903
-0.0325848 -0.691347 2.43253 0.712097 -0.702049 -0.00509564 -0.0044731
-0.0325821 -0.691431 2.43299 0.712256 -0.701878 -0.0064209 -0.00413253
-0.0326145 -0.69129 2.432 0.712326 -0.70183 -0.0033515 -0.00390299
-0.0325823 -0.691115 2.43161 0.712193 -0.701961 -0.00436431 -0.00361418
-0.0325914 -0.691415 2.4327 0.712513 -0.701632 -0.00560819 -0.0024347
-0.0325493 -0.691227 2.43238 0.712162 -0.701982 -0.00513523 -0.00451261
-0.0326605 -0.69127 2.43244 0.712329 -0.701816 -0.00474969 -0.00425243
-0.0325892 -0.691188 2.43184 0.712375 -0.701773 -0.0049223 -0.00352736
-0.0326199 -0.691214 2.43215 0.712053 -0.702097 -0.00399638 -0.00503289
-0.0325917 -0.691463 2.4329 0.712435 -0.701702 -0.00602967 -0.00365605
-0.0326364 -0.69126 2.43202 0.71205 -0.702103 -0.00397051 -0.00455953
-0.0325995 -0.691216 2.43208 0.712274 -0.701872 -0.00530912 -0.00365406
-0.0326074 -0.691194 2.43234 0.711727 -0.702415 -0.00386531 -0.00652655
-0.0325783 -0.691242 2.43255 0.712169 -0.701965 -0.00672608 -0.00382566
-0.0326019 -0.691352 2.43266 0.712317 -0.701825 -0.00538311 -0.00424432
-0.0326242 -0.691424 2.43298 0.71226 -0.701872 -0.0066751 -0.00421774
-0.0325752 -0.691328 2.43229 0.712305 -0.701846 -0.00374929 -0.00436458
-0.0326375 -0.691467 2.43292 0.712073 -0.702077 -0.00366527 -0.00523669
-0.032591 -0.690822 2.43077 0.712081 -0.702076 -0.00336449 -0.00433336
-0.0326139 -0.691458 2.43301 0.712193 -0.70195 -0.00515099 -0.00463952
-0.0326299 -0.691106 2.43161 0.712195 -0.70196 -0.00356403 -0.00409172
-0.0326176 -0.691306 2.43236 0.712026 -0.702124 -0.0047173 -0.00430777
-0.0325939 -0.691197 2.43225 0.712087 -0.702046 -0.00656956 -0.00436781
-0.0326681 -0.691125 2.43172 0.712077 -0.702079 -0.00298492 -0.00478984
-0.0325986 -0.691402 2.43265 0.712241 -0.701909 -0.00459869 -0.00404806
-0.0325939 -0.691387 2.43232 0.712284 -0.701864 -0.00512857 -0.00354813
-0.0326225 -0.691479 2.43291 0.712311 -0.701833 -0.00500294 -0.00435395
-0.0325728 -0.691025 2.4315 0.712013 -0.702139 -0.00304938 -0.00544734
-0.032617 -0.691248 2.43209 0.712313 -0.701836 -0.00474472 -0.00364845
-0.0326076 -0.691329 2.43256 0.712361 -0.701779 -0.00560508 -0.00414723
-0.0325695 -0.691117 2.43184 0.712052 -0.702099 -0.00444674 -0.00426243
-0.0326853 -0.69133 2.43273 0.71238 -0.701764 -0.00491995 -0.0042137
-0.032616 -0.69112 2.43195 0.712324 -0.701821 -0.00510445 -0.00399708
-0.0326078 -0.691428 2.43302 0.712458 -0.701674 -0.00714498 -0.00240432
