-0.00455918 -0.694346 2.43781 -0.703227 0.710886 0.00256748 0.0102966
-0.00458633 -0.694653 2.4388 -0.703259 0.710846 0.00293886 0.0107311
-0.00455472 -0.694347 2.43769 -0.703345 0.710773 0.00281972 0.0100231
-0.00450109 -0.69423 2.43733 -0.703213 0.710907 0.00253483 0.00979109
-0.00457303 -0.694205 2.43724 -0.703083 0.711025 0.0016735 0.0107048
-0.00450266 -0.694235 2.4374 -0.703102 0.711009 0.00193158 0.0105095
-0.00456018 -0.694449 2.43809 -0.703074 0.711031 0.002156 0.0108325
-0.00458516 -0.69418 2.43718 -0.703124 0.71098 0.00182192 0.0109871
-0.00448807 -0.6943 2.43759 -0.703132 0.710982 0.00226135 0.0102221
-0.0045434 -0.694084 2.43691 -0.70327 0.71086 0.0025742 0.00909861
-0.00455181 -0.694302 2.4376 -0.703153 0.710962 0.00234154 0.0101479
-0.00461952 -0.694467 2.43814 -0.703229 0.710884 0.00219973 0.0103888
-0.0044933 -0.69422 2.43721 -0.703255 0.710869 0.00211239 0.00970269
-0.00453467 -0.694275 2.43753 -0.703216 0.710903 0.0023428 0.00990918
-0.00449719 -0.694261 2.43744 -0.703248 0.710877 0.00257796 0.00950573
-0.00454299 -0.693993 2.43649 -0.703722 0.710422 0.0040867 0.00778155
-0.00453167 -0.694285 2.43758 -0.703158 0.710954 0.00219953 0.0104122
-0.00449725 -0.694171 2.43713 -0.703272 0.710851 0.00261713 0.00961139
-0.0045239 -0.694235 2.43735 -0.70309 0.711025 0.00196858 0.0102175
-0.00450179 -0.694363 2.43778 -0.703131 0.710982 0.00214396 0.010343
-0.00455389 -0.694369 2.43784 -0.703139 0.710975 0.00234778 0.010268
-0.00452033 -0.694307 2.43754 -0.703229 0.710886 0.00228734 0.0102804
-0.00456455 -0.694108 2.43685 -0.703465 0.710665 0.00267389 0.0092542
-0.00449487 -0.694091 2.43676 -0.70316 0.710967 0.00165868 0.0094157
-0.00452374 -0.694095 2.4368 -0.703029 0.711094 0.00140218 0.00966074
-0.00451852 -0.69407 2.43674 -0.703056 0.711059 0.00117021 0.0102819
-0.00457166 -0.694154 2.43709 -0.703385 0.710735 0.00277484 0.00989509
-0.00454933 -0.694419 2.43797 -0.703091 0.71102 0.00203288 0.0104935
-0.00456424 -0.694281 2.43744 -0.703228 0.710888 0.00217601 0.0101789
-0.00454098 -0.694406 2.43789 -0.70335 0.710771 0.00285142 0.00979217
-0.00452409 -0.694391 2.43789 -0.703101 0.711013 0.00184028 0.0102734
-0.00457393 -0.69427 2.43749 -0.703239 0.710887 0.00226746 0.00947297
-0.00455308 -0.694421 2.43799 -0.703309 0.710809 0.00294651 0.00993214
-0.00457821 -0.694161 2.43713 -0.703245 0.710875 0.00228671 0.0099069
-0.00452329 -0.694233 2.43734 -0.703098 0.711017 0.00198747 0.0101792
-0.004546 -0.69424 2.43739 -0.703481 0.710647 0.00356752 0.00914019
-0.00454737 -0.694292 2.43753 -0.703097 0.71102 0.00153917 0.0101645
-0.00454631 -0.694006 2.4364 -0.703067 0.711046 0.00100876 0.0104334
-0.00454024 -0.694157 2.43696 -0.703229 0.710883 0.00148848 0.0106196
-0.00454098 -0.694457 2.43811 -0.703294 0.710827 0.00282926 0.00967667
-0.00456866 -0.694477 2.43807 -0.70339 0.710729 0.00262359 0.0100099
-0.00461307 -0.694303 2.43758 -0.703361 0.710764 0.00264465 0.00946549
-0.00453209 -0.694112 2.4369 -0.703274 0.710849 0.00222977 0.0097049
-0.00447767 -0.694165 2.43709 -0.703031 0.71108 0.00126745 0.010551
-0.00453972 -0.694266 2.43746 -0.70322 0.710897 0.00216472 0.010172
-0.00454836 -0.694493 2.43812 -0.703238 0.710874 0.00209213 0.0105307
-0.00457518 -0.694321 2.43764 -0.703199 0.710913 0.00240961 0.0103756
-0.0045444 -0.69408 2.43673 -0.703173 0.710947 0.00141092 0.00997673
-0.00448502 -0.6942 2.43727 -0.703228 0.710897 0.00263885 0.00947379
-0.00450509 -0.694015 2.43659 -0.703234 0.710896 0.00233177 0.00912309
-0.00453383 -0.694159 2.43696 -0.703483 0.710647 0.00275485 0.00925677
-0.00448974 -0.694218 2.4373 -0.703233 0.710887 0.00257187 0.00984047
-0.00447664 -0.694107 2.43686 -0.703181 0.710936 0.00201732 0.0100992
-0.00456299 -0.694067 2.43673 -0.703244 0.71088 0.00200615 0.00970193
-0.00454647 -0.694037 2.43655 -0.702986 0.711129 0.000629072 0.0102981
-0.00460915 -0.694221 2.43734 -0.70337 0.710757 0.00282697 0.00935003
-0.0045487 -0.694479 2.43828 -0.703278 0.71084 0.00328398 0.00980043
-0.00448041 -0.694284 2.43744 -0.703149 0.710968 0.00182582 0.01013
-0.00451196 -0.694436 2.43812 -0.70319 0.710927 0.00283522 0.00992964
-0.00455741 -0.694299 2.4375 -0.703118 0.710994 0.001843 0.010447
-0.0044792 -0.694333 2.43768 -0.702995 0.711115 0.00128936 0.0105988
-0.00451267 -0.694029 2.43656 -0.703236 0.710891 0.00196915 0.00944872
-0.00453011 -0.694168 2.43713 -0.703189 0.710936 0.00247291 0.00941144
-0.00456685 -0.694251 2.4374 -0.703387 0.71074 0.00273568 0.00937826
-0.00458145 -0.69428 2.43753 -0.703142 0.710966 0.00197483 0.0107563
-0.00456183 -0.694487 2.43817 -0.703163 0.710946 0.00180713 0.0106846
-0.00450107 -0.694145 2.43707 -0.703116 0.710998 0.00181945 0.0103103
-0.00450516 -0.694236 2.43719 -0.703334 0.710788 0.00211082 0.00986412
-0.00449642 -0.693989 2.43651 -0.703293 0.710832 0.0022826 0.00956436
-0.00450862 -0.694149 2.43699 -0.703393 0.71074 0.00274547 0.00892066
-0.00453554 -0.694328 2.43777 -0.703182 0.710934 0.00250223 0.0100742
-0.00449962 -0.694216 2.43731 -0.703054 0.711064 0.00193147 0.00995249
-0.00451009 -0.694368 2.43787 -0.703203 0.710916 0.00281389 0.0098176
-0.0045615 -0.694142 2.43706 -0.703179 0.710939 0.00199942 0.0100673
-0.00426094 -0.694113 2.43692 -0.702531 0.711573 -0.000109577 0.0106707
-0.00287524 -0.693228 2.43284 -0.703342 0.710802 0.0078819 0.00276861
-0.00154595 -0.694964 2.43668 -0.702465 0.711625 0.0114572 0.000791083
0.000493572 -0.695123 2.43506 -0.701321 0.712829 0.00338104 0.00367585
0.00271662 -0.695839 2.43545 -0.701901 0.71224 0.00615791 0.00323049
0.00518158 -0.696621 2.43542 -0.699335 0.714767 0.00540025 0.00311484
0.00812059 -0.69705 2.43736 -0.69714 0.716884 0.00563403 0.00640569
0.0112209 -0.696812 2.43782 -0.695529 0.718433 0.00765849 0.00589266
0.0148342 -0.696593 2.43768 -0.693545 0.720338 0.0102262 0.00203927
0.0178503 -0.695441 2.43639 -0.691754 0.722079 0.00804166 0.00373679
0.0205551 -0.694888 2.43645 -0.690565 0.723199 0.00971736 0.00289135
0.0232692 -0.693929 2.4362 -0.689204 0.72451 0.00824258 0.00384248
0.0262757 -0.693024 2.4358 -0.687659 0.725972 0.00905783 0.00282389
0.0294867 -0.692506 2.43608 -0.685816 0.727724 0.00762853 0.00405712
0.0325821 -0.691885 2.43536 -0.684344 0.729106 0.00856442 0.00213312
0.0356678 -0.691767 2.43582 -0.682265 0.731043 0.00911278 0.00272005
0.0386743 -0.691299 2.43577 -0.680881 0.732328 0.00978262 0.000613586
0.0417629 -0.690966 2.43594 -0.678503 0.734557 0.00734477 0.00234825
0.0449776 -0.690328 2.43568 -0.676793 0.736131 0.0077236 0.00143594
0.0484199 -0.689825 2.4357 -0.674868 0.737893 0.00758837 0.00293833
0.052363 -0.689684 2.43648 -0.673017 0.739571 0.00901627 0.00133142
0.0557221 -0.689052 2.43679 -0.670869 0.741528 0.00780142 0.00318858
0.058804 -0.688561 2.43661 -0.669079 0.743149 0.00759852 0.00227261
0.0619586 -0.68796 2.43616 -0.667519 0.744561 0.0063981 0.00244012
0.0652386 -0.687451 2.43626 -0.666297 0.745637 0.0085525 0.000820496
0.0683717 -0.687487 2.43722 -0.664307 0.747417 0.00770541 0.00226766
0.0715534 -0.686745 2.43573 -0.662809 0.748749 0.00751099 0.00141565
0.0747741 -0.686539 2.43636 -0.660988 0.750369 0.00623974 0.00168341
0.0780443 -0.685715 2.43595 -0.659488 0.751677 0.00742414 0.00118276
0.0811686 -0.685077 2.43652 -0.65772 0.753217 0.00772716 0.0029442
0.0842895 -0.684219 2.43662 -0.65622 0.754517 0.00877076 0.00152171
0.0875544 -0.683489 2.43616 -0.654405 0.756095 0.00831125 0.0023294
0.0909379 -0.682829 2.43666 -0.653029 0.757273 0.00954344 0.000957571
0.0940854 -0.681949 2.43633 -0.651457 0.758634 0.00835111 0.00280874
0.0971755 -0.680908 2.43637 -0.649903 0.75996 0.00894575 0.00281524
0.100415 -0.679935 2.43621 -0.648438 0.761209 0.00919375 0.00230759
0.103693 -0.678903 2.43521 -0.647062 0.762386 0.00890494 0.000186692
0.10722 -0.678636 2.43604 -0.645231 0.763922 0.00993046 0.00155129
0.110582 -0.677782 2.43517 -0.643812 0.76513 0.00906476 0.000200095
0.113946 -0.676994 2.43528 -0.642224 0.766461 0.00914799 0.00156376
0.117351 -0.676144 2.43515 -0.640776 0.767676 0.00899157 0.000343495
0.120447 -0.675352 2.43548 -0.638704 0.769401 0.00875938 0.0014168
0.123715 -0.674402 2.43493 -0.637181 0.770655 0.00955821 -5.12221e-05
0.127055 -0.673969 2.43585 -0.635048 0.772428 0.00814874 0.00175772
0.13049 -0.67317 2.43599 -0.632922 0.774165 0.00871761 0.00157294
0.13336 -0.672235 2.43481 -0.630411 0.776233 0.00624858 0.00225769
0.136377 -0.671979 2.43567 -0.628257 0.777968 0.00769922 0.000131273
0.13946 -0.671303 2.43526 -0.625853 0.779902 0.00782748 0.000193559
0.14257 -0.670675 2.43487 -0.623802 0.781557 0.00630762 -0.000182032
0.145686 -0.670245 2.43551 -0.622059 0.782925 0.00839001 0.000138497
0.148442 -0.66963 2.4356 -0.620169 0.784432 0.00757293 0.000210471
0.151292 -0.668694 2.43525 -0.618042 0.786118 0.0063849 0.00124162
0.154367 -0.668148 2.43609 -0.616499 0.787309 0.00864245 0.000221078
0.157196 -0.66729 2.43615 -0.614449 0.788927 0.00653283 0.00192434
0.160021 -0.666257 2.43562 -0.612715 0.79027 0.00728937 0.000763476
0.162871 -0.665356 2.43571 -0.610261 0.792161 0.007835 0.000968369
0.166086 -0.66439 2.43541 -0.607888 0.793993 0.00694519 0.000450875
0.169262 -0.6634 2.43572 -0.605799 0.795594 0.00594861 0.00169218
0.172137 -0.662791 2.43671 -0.604054 0.79692 0.00530258 0.00297418
0.174954 -0.661375 2.43546 -0.60224 0.798289 0.00626907 0.00186451
0.177925 -0.660082 2.43462 -0.60035 0.799711 0.00633832 0.00102357
0.180938 -0.65909 2.43533 -0.59866 0.800978 0.00622147 0.00120705
0.184064 -0.658472 2.43638 -0.596292 0.80274 0.00622984 0.00230817
0.187049 -0.657546 2.43605 -0.594386 0.804146 0.00716429 0.00195802
0.190117 -0.656711 2.43636 -0.592005 0.805898 0.00763572 0.000289184
0.193276 -0.655888 2.43648 -0.589834 0.807502 0.00578334 0.00151529
0.196429 -0.65452 2.43613 -0.587779 0.808997 0.00593025 0.00212978
0.199718 -0.653429 2.4369 -0.585961 0.810303 0.00686464 0.0034032
0.20316 -0.651789 2.43609 -0.583536 0.812064 0.00597955 0.00170439
0.206513 -0.650264 2.43734 -0.581571 0.813463 0.00596033 0.00413262
0.209383 -0.648669 2.43707 -0.579986 0.814593 0.0069986 0.00238696
0.212356 -0.647527 2.43757 -0.578386 0.815718 0.00827196 0.0024501
0.215427 -0.646287 2.43714 -0.576343 0.817182 0.00621577 0.00178538
0.218708 -0.645486 2.43855 -0.57503 0.818091 0.0075844 0.0032051
0.221379 -0.64413 2.43821 -0.573239 0.81935 0.00676825 0.0040278
0.224135 -0.642725 2.43809 -0.571636 0.82047 0.00730046 0.00271074
0.226844 -0.641425 2.43869 -0.570031 0.82159 0.00661255 0.00328087
0.229838 -0.640214 2.43929 -0.56842 0.822702 0.00707013 0.00329413
0.232671 -0.638427 2.438 -0.566592 0.823955 0.00798826 0.00289067
0.235563 -0.637031 2.43812 -0.565077 0.824995 0.0076174 0.00368723
0.238612 -0.635489 2.43752 -0.563432 0.826123 0.00744809 0.00303579
0.241871 -0.634254 2.43777 -0.561186 0.827653 0.00726665 0.00279197
0.244823 -0.63298 2.4386 -0.559262 0.82895 0.00719944 0.00405703
0.247379 -0.631814 2.43936 -0.557324 0.830256 0.00610901 0.00531354
0.249633 -0.630168 2.43873 -0.55586 0.83123 0.00729934 0.00482007
0.252256 -0.62862 2.43904 -0.554056 0.832416 0.00917872 0.00465521
0.25509 -0.627209 2.43873 -0.552223 0.833646 0.00808156 0.00428512
0.257896 -0.625649 2.43858 -0.549861 0.8352 0.00808805 0.00534776
0.260786 -0.624338 2.43877 -0.547463 0.83679 0.00626761 0.00524942
0.2636 -0.623067 2.43924 -0.544714 0.838572 0.00737651 0.00541235
0.266304 -0.621754 2.43935 -0.541904 0.840396 0.00600232 0.00624478
0.268994 -0.620176 2.43859 -0.539706 0.84181 0.00657025 0.00547149
0.271933 -0.618559 2.43841 -0.537463 0.843238 0.00812419 0.00407843
0.275092 -0.617079 2.43901 -0.534494 0.845127 0.00702274 0.00516603
0.27795 -0.615417 2.43876 -0.531862 0.84678 0.00622226 0.00689598
0.280679 -0.614115 2.43873 -0.530163 0.847854 0.00817591 0.00189879
0.283522 -0.612609 2.43852 -0.527628 0.849456 0.00452544 0.0035619
0.286682 -0.611463 2.4398 -0.525862 0.850524 0.00799814 0.00384071
0.288814 -0.609145 2.43558 -0.523855 0.851792 0.0044883 0.00253328
0.291721 -0.608335 2.43868 -0.521975 0.852933 0.00498786 0.00468487
0.294581 -0.606529 2.43826 -0.52057 0.853789 0.0065013 0.00300381
0.297373 -0.604982 2.43816 -0.517882 0.855421 0.00518921 0.00510546
0.300162 -0.603684 2.43842 -0.515931 0.856595 0.00643979 0.00434186
0.302854 -0.602579 2.43968 -0.513533 0.858038 0.00479352 0.00561788
0.305418 -0.600687 2.43851 -0.511366 0.859325 0.00684261 0.00423657
0.308125 -0.599288 2.43925 -0.50905 0.860696 0.00631985 0.00560606
0.310626 -0.597739 2.43855 -0.506914 0.861965 0.00444163 0.00586624
0.313192 -0.596251 2.43843 -0.504709 0.863252 0.00518692 0.00615925
0.316061 -0.594709 2.43869 -0.50272 0.864415 0.00557917 0.00542573
0.319 -0.592808 2.43865 -0.501046 0.865376 0.0078299 0.00399827
0.321755 -0.591004 2.43883 -0.498485 0.866863 0.00483928 0.00617815
0.324354 -0.589099 2.43797 -0.49688 0.867785 0.00610333 0.00470285
0.327182 -0.587603 2.4389 -0.494447 0.869177 0.00483195 0.00546983
0.329753 -0.585826 2.43854 -0.492116 0.870496 0.00419953 0.00642648
0.332522 -0.583737 2.4375 -0.490125 0.87162 0.0060796 0.0042674
0.335472 -0.582091 2.43807 -0.487785 0.872928 0.0065747 0.00431051
0.338611 -0.58045 2.43888 -0.485092 0.874428 0.00598905 0.00511093
0.341245 -0.578195 2.43802 -0.482445 0.875894 0.00524691 0.0053527
0.343853 -0.576476 2.43833 -0.480498 0.876959 0.00646404 0.00471747
0.346536 -0.574639 2.43791 -0.477926 0.878366 0.00643106 0.00421525
0.349396 -0.573234 2.43859 -0.475768 0.879542 0.0052938 0.00477692
0.352362 -0.571318 2.43789 -0.473436 0.88081 0.000520357 0.00559946
0.355364 -0.569804 2.43833 -0.472099 0.881523 0.00379509 0.00491664
0.357535 -0.567629 2.43648 -0.469992 0.882645 0.00390971 0.00546207
0.360271 -0.566282 2.43774 -0.468067 0.883668 0.00441065 0.00502339
0.36279 -0.565192 2.43902 -0.465385 0.885072 0.00420981 0.00678554
0.365032 -0.56364 2.43862 -0.462939 0.886362 0.0038749 0.00596344
0.367306 -0.561999 2.4389 -0.460189 0.887792 0.00335799 0.00632521
0.369618 -0.559971 2.43766 -0.45772 0.88907 0.00409712 0.00551612
0.372427 -0.558544 2.43857 -0.454931 0.890503 0.00326203 0.00566809
0.375345 -0.556795 2.43941 -0.451923 0.892021 0.00487673 0.00636462
0.377507 -0.5548 2.43825 -0.449846 0.893077 0.0040644 0.00590895
0.379636 -0.552926 2.43832 -0.447189 0.894412 0.00279481 0.00634311
0.381865 -0.550893 2.43749 -0.444923 0.895541 0.0045622 0.00537218
0.384627 -0.549544 2.43884 -0.442164 0.896903 0.00404294 0.00634157
0.387002 -0.547433 2.43805 -0.439344 0.898294 0.00219914 0.00635047
0.38946 -0.545589 2.43836 -0.436498 0.899679 0.00247151 0.00640253
0.391897 -0.543766 2.43857 -0.434087 0.900841 0.00362354 0.00640155
0.394315 -0.541842 2.43845 -0.43181 0.901928 0.0057873 0.00576529
0.396797 -0.539841 2.43868 -0.428608 0.90345 0.0031878 0.00797902
0.399371 -0.537768 2.43797 -0.426085 0.904656 0.00338041 0.00611089
0.402417 -0.535402 2.43786 -0.422931 0.906134 0.00373761 0.00597988
0.405207 -0.533389 2.43892 -0.41992 0.907525 0.00208176 0.00782542
0.407477 -0.531415 2.4379 -0.417162 0.908811 0.00141975 0.00608849
0.409843 -0.529664 2.43864 -0.415048 0.909774 0.00257108 0.00628352
0.412176 -0.527728 2.43873 -0.412649 0.910866 0.00167983 0.00633103
0.414445 -0.525978 2.43893 -0.410843 0.911679 0.00357745 0.00612159
0.416508 -0.523933 2.4381 -0.408315 0.912822 0.000631845 0.00577773
0.419097 -0.522135 2.43873 -0.406272 0.913728 0.00292799 0.00586473
0.421278 -0.520061 2.43878 -0.40445 0.91453 0.00228696 0.00709875
0.423365 -0.517618 2.43798 -0.402325 0.915469 0.00344838 0.00633096
0.425655 -0.51559 2.43909 -0.400434 0.916296 0.00298864 0.00672184
0.427692 -0.51329 2.43907 -0.398497 0.917138 0.00373586 0.0066865
0.430164 -0.511142 2.43939 -0.395941 0.918247 0.00280332 0.00668285
0.432441 -0.508382 2.43812 -0.393839 0.91916 0.00178804 0.00573596
0.434523 -0.505846 2.43861 -0.392071 0.919894 0.00422447 0.00764468
0.436119 -0.503667 2.43836 -0.390098 0.920734 -0.000333479 0.00849886
0.437504 -0.500967 2.43735 -0.388484 0.921419 0.00181858 0.00794492
0.439585 -0.498663 2.43865 -0.387205 0.921979 0.000841265 0.00509809
0.441603 -0.496138 2.43789 -0.384838 0.922978 -0.00088672 0.00330374
0.444308 -0.494035 2.43961 -0.383057 0.923706 0.00149701 0.00568754
0.446775 -0.491502 2.44029 -0.382523 0.923881 0.0100457 0.00443881
0.448619 -0.489181 2.44018 -0.378094 0.925733 -0.000171121 0.00798517
0.450589 -0.486654 2.43989 -0.376841 0.92624 0.00243354 0.00802893
0.452559 -0.483888 2.43892 -0.374925 0.927018 0.00268961 0.00779425
0.454609 -0.481285 2.4382 -0.372693 0.927922 0.00156911 0.00767858
0.457231 -0.478616 2.43836 -0.370401 0.928849 0.00177435 0.00632401
0.459464 -0.476143 2.439 -0.367731 0.929905 0.00186761 0.00690857
0.461471 -0.47389 2.43881 -0.365527 0.93077 0.00283995 0.00699324
0.463373 -0.471425 2.43828 -0.363259 0.931666 0.00146523 0.00623144
0.465679 -0.469218 2.43949 -0.360973 0.932559 0.00348746 0.00440579
0.467753 -0.466957 2.43925 -0.358837 0.933387 0.00153639 0.00463796
0.469569 -0.464654 2.43917 -0.356663 0.934213 0.0024887 0.00553188
0.471512 -0.462555 2.43909 -0.354151 0.935167 0.00175387 0.00609869
0.473332 -0.460418 2.43888 -0.351514 0.936162 -0.000112717 0.00622017
0.475347 -0.458084 2.43984 -0.349639 0.936868 0.00158776 0.00532661
0.476887 -0.455413 2.43886 -0.347333 0.937719 0.00121202 0.0063599
0.478972 -0.452918 2.4397 -0.344561 0.938731 -0.00142303 0.00770294
0.480644 -0.450338 2.43945 -0.343227 0.939228 0.00194298 0.00654409
0.482665 -0.448156 2.44038 -0.340432 0.940239 -0.000296557 0.00751498
0.484274 -0.44566 2.44047 -0.338546 0.94092 0.000181215 0.00744235
0.485766 -0.44287 2.43921 -0.336819 0.941548 0.00156293 0.00609047
0.487896 -0.440194 2.4387 -0.334767 0.942289 0.00101467 0.004745
0.490144 -0.43782 2.43969 -0.332184 0.943201 0.00020329 0.00497022
0.49212 -0.435409 2.43981 -0.329893 0.944 0.00131932 0.00574002
0.494061 -0.43325 2.44098 -0.327814 0.944713 0.00144552 0.00726462
0.495744 -0.43045 2.43941 -0.325289 0.945599 0.000601098 0.00547588
0.497505 -0.427829 2.43855 -0.322708 0.946488 -5.53594e-05 0.00444028
0.49967 -0.425584 2.44016 -0.319801 0.947464 0.00135952 0.00615454
0.501722 -0.422852 2.43985 -0.317147 0.948359 -0.000617455 0.00575405
0.503708 -0.419746 2.43967 -0.314995 0.94907 0.0021955 0.00629029
0.505467 -0.416926 2.44001 -0.312656 0.949838 1.15393e-06 0.00731071
0.507176 -0.414123 2.44057 -0.310365 0.950589 0.00123084 0.00723616
0.508954 -0.411652 2.44164 -0.30843 0.951217 0.000756861 0.00757007
0.510654 -0.408832 2.44115 -0.306325 0.951904 -3.95501e-05 0.00668196
0.512646 -0.406154 2.4413 -0.304228 0.952577 -0.000737331 0.00649662
0.514527 -0.403789 2.44209 -0.301767 0.953341 -0.00237093 0.00846692
0.51609 -0.401211 2.44183 -0.300028 0.953902 0.000181914 0.00733301
0.517672 -0.398722 2.44184 -0.297901 0.954567 -5.78027e-05 0.00748904
0.519229 -0.396065 2.44203 -0.295856 0.955196 -0.000732075 0.00839589
0.520816 -0.393254 2.44197 -0.294003 0.955765 0.00233371 0.00834357
0.522758 -0.390643 2.44226 -0.291858 0.956417 0.00239701 0.00892494
0.524329 -0.387436 2.44114 -0.289489 0.957144 -0.000502773 0.00846652
0.526584 -0.384789 2.44352 -0.287448 0.957748 -0.00083246 0.00960236
0.527628 -0.38197 2.44174 -0.285197 0.958424 -3.54631e-05 0.00924295
0.529266 -0.379587 2.44295 -0.282891 0.959107 0.000852647 0.00922298
0.530733 -0.376811 2.44201 -0.281104 0.959644 0.0020802 0.00767386
0.53238 -0.374107 2.44232 -0.278926 0.96028 0.00176032 0.00767954
0.534089 -0.371537 2.4428 -0.276058 0.961096 0.00184017 0.00909247
0.535859 -0.369113 2.44382 -0.273341 0.961875 0.000607564 0.00896552
0.536929 -0.36621 2.44177 -0.270695 0.962628 0.00109694 0.00840901
0.538818 -0.363629 2.44338 -0.26787 0.963407 0.00358772 0.00892576
0.540219 -0.360786 2.44309 -0.264888 0.964233 -0.00163356 0.00927274
0.541676 -0.35771 2.44278 -0.261904 0.96506 0.000153557 0.00803854
0.543315 -0.354596 2.44263 -0.258969 0.965858 0.00166987 0.00704678
0.544764 -0.351439 2.44314 -0.256928 0.966384 0.00327459 0.00884305
0.546247 -0.348805 2.44349 -0.254431 0.967058 0.00277124 0.00750477
0.547882 -0.346145 2.44503 -0.251664 0.967772 0.000788476 0.00904731
0.549175 -0.343178 2.44448 -0.249522 0.968334 0.00307913 0.00761042
0.550655 -0.340618 2.44501 -0.247379 0.968882 0.00119638 0.00838151
0.551679 -0.337808 2.44447 -0.245426 0.969382 0.00350837 0.00727332
0.552916 -0.334986 2.44432 -0.243204 0.969947 0.00276371 0.00691101
0.554212 -0.332033 2.44428 -0.241263 0.970433 0.00312274 0.00643682
0.555448 -0.328971 2.44409 -0.23957 0.970849 0.00386184 0.00664872
0.557549 -0.326037 2.44641 -0.237859 0.971252 0.00425032 0.00866691
0.558528 -0.322988 2.44583 -0.235336 0.971869 0.00475503 0.00809534
0.559718 -0.320052 2.4449 -0.232754 0.972497 0.00576142 0.00646937
0.560659 -0.316963 2.44384 -0.229748 0.973227 0.00358307 0.00569028
0.562274 -0.314288 2.44589 -0.228548 0.973488 0.00725461 0.00589209
0.563275 -0.311737 2.44653 -0.225795 0.974137 0.00356819 0.00785126
0.564139 -0.308835 2.44617 -0.223821 0.974581 0.00485927 0.00846944
0.565185 -0.305722 2.44571 -0.22151 0.975112 0.0045624 0.00825282
0.566359 -0.302674 2.4453 -0.219248 0.975621 0.00546001 0.00796593
0.567748 -0.299728 2.44572 -0.216547 0.976228 0.00340596 0.00862305
0.569285 -0.296837 2.44731 -0.214342 0.976702 0.0035115 0.00996094
0.570412 -0.293742 2.44708 -0.212021 0.977209 0.00492395 0.00927511
0.57152 -0.290773 2.44661 -0.209956 0.977658 0.00533826 0.00865783
0.572824 -0.287843 2.44698 -0.207373 0.978199 0.00631485 0.00907824
0.57435 -0.284771 2.44748 -0.204302 0.978851 0.004539 0.00954092
0.575794 -0.281274 2.44674 -0.201368 0.979474 0.00519704 0.00738382
0.577125 -0.277649 2.44697 -0.19938 0.979873 0.00573021 0.00802645
0.578528 -0.274417 2.44753 -0.197033 0.980347 0.00664827 0.00736196
0.579911 -0.271314 2.44877 -0.195145 0.980708 0.00855086 0.00756637
0.581133 -0.268091 2.44879 -0.192935 0.981149 0.00707349 0.00854977
0.582318 -0.264869 2.44801 -0.191111 0.981529 0.00476277 0.00742908
0.583633 -0.261826 2.44743 -0.188468 0.98204 0.00597644 0.00641805
0.585164 -0.25914 2.44854 -0.185921 0.982513 0.00548721 0.0084918
0.586702 -0.256607 2.44915 -0.183189 0.983024 0.00521837 0.00888225
0.588041 -0.253913 2.45004 -0.180993 0.98342 0.0069211 0.0088314
0.588884 -0.251259 2.44934 -0.178036 0.983973 0.00575408 0.00816028
0.589832 -0.248494 2.44933 -0.174975 0.984513 0.00667368 0.00853229
0.590699 -0.245631 2.44883 -0.172426 0.984972 0.006184 0.00779963
0.591952 -0.242774 2.44952 -0.169815 0.985422 0.00663253 0.00793137
0.592999 -0.239881 2.44999 -0.167212 0.985861 0.00767332 0.00773013
0.593709 -0.236878 2.44916 -0.164283 0.986371 0.00620027 0.00671541
0.594912 -0.233804 2.44971 -0.16164 0.986795 0.00656573 0.00808326
0.596196 -0.230582 2.45018 -0.159147 0.987207 0.00705672 0.00673947
0.597118 -0.227574 2.45057 -0.156398 0.987638 0.00655881 0.00819437
0.597794 -0.224594 2.44967 -0.153969 0.988027 0.00761141 0.00625062
0.598881 -0.221761 2.45082 -0.151361 0.988424 0.00724067 0.00744283
0.599685 -0.218619 2.45056 -0.148738 0.988828 0.00679901 0.00704629
0.600753 -0.215489 2.45145 -0.145988 0.989235 0.00687739 0.00737786
0.601585 -0.212094 2.45087 -0.142788 0.989711 0.00612572 0.00673593
0.602254 -0.20851 2.44959 -0.140271 0.990079 0.00586754 0.00581422
0.603741 -0.20529 2.45182 -0.137647 0.990421 0.0074983 0.00792133
0.604742 -0.202207 2.45216 -0.134663 0.99083 0.00814177 0.0074052
0.60558 -0.19924 2.45214 -0.132034 0.991184 0.00811483 0.00745545
0.606563 -0.196225 2.45173 -0.129602 0.991486 0.0103401 0.0071622
0.607612 -0.193473 2.45215 -0.127143 0.991824 0.00748904 0.00803094
0.608506 -0.190472 2.45131 -0.124018 0.992236 0.00675608 0.00647271
0.6095 -0.187494 2.4516 -0.121954 0.992471 0.00927065 0.00659273
0.610245 -0.184302 2.45157 -0.119337 0.992787 0.00920537 0.00694303
0.610988 -0.181227 2.45203 -0.117038 0.99306 0.00925919 0.00692131
0.611674 -0.178169 2.45262 -0.114569 0.993333 0.00988956 0.00816308
0.612253 -0.175004 2.45264 -0.111498 0.993677 0.0101126 0.00844203
0.613243 -0.171735 2.45322 -0.108594 0.994011 0.00864515 0.00864217
0.614076 -0.168508 2.45321 -0.106456 0.994214 0.0117081 0.00823522
0.61467 -0.165413 2.4527 -0.103981 0.994487 0.0112757 0.00746316
0.615298 -0.162409 2.45282 -0.101525 0.994742 0.0105957 0.00824157
0.615871 -0.159137 2.452 -0.098677 0.995042 0.010224 0.00711194
0.616691 -0.155919 2.45263 -0.0965695 0.995254 0.00937207 0.00744648
0.617638 -0.152665 2.45399 -0.0938581 0.995487 0.0106427 0.00907229
0.618081 -0.149386 2.4531 -0.0912901 0.995736 0.0103938 0.00818641
0.618903 -0.146155 2.45357 -0.0884599 0.996003 0.00882852 0.00870959
0.619749 -0.142703 2.45289 -0.0857238 0.996227 0.0114431 0.00726558
0.620806 -0.139605 2.45405 -0.0827864 0.99648 0.0101298 0.00846239
0.621214 -0.136194 2.45333 -0.0792563 0.99677 0.0103157 0.00783546
0.621901 -0.132621 2.45416 -0.0765386 0.996954 0.0120796 0.00889255
0.622347 -0.129448 2.45313 -0.0737061 0.997196 0.0107777 0.00715973
0.623297 -0.12663 2.45458 -0.0713478 0.997337 0.0128908 0.00786616
0.623756 -0.123865 2.45479 -0.0681883 0.997566 0.0117796 0.00855355
0.623999 -0.121068 2.45371 -0.0655172 0.997761 0.0110662 0.00759994
0.624623 -0.118285 2.4543 -0.0626481 0.99794 0.0109629 0.0083639
0.624948 -0.115384 2.4537 -0.060138 0.998093 0.011677 0.00753204
0.625939 -0.109613 2.45412 -0.0546157 0.998412 0.0113059 0.00793078
0.626641 -0.103694 2.45412 -0.0490721 0.998699 0.0113392 0.0080023
0.62679 -0.100813 2.45366 -0.0459047 0.998868 0.0102433 0.00716466
0.627138 -0.0977526 2.45326 -0.0424595 0.999043 0.00817494 0.00654977
0.627401 -0.094406 2.45326 -0.0399305 0.999109 0.0121574 0.00631446
0.627741 -0.0914724 2.45449 -0.0373336 0.999228 0.0093726 0.00782146
0.627681 -0.0886275 2.45411 -0.0359715 0.999268 0.0111341 0.00680812
0.627436 -0.0855793 2.45369 -0.033238 0.999373 0.0103664 0.00640519
0.627354 -0.0822379 2.45348 -0.0311753 0.999429 0.0110851 0.00680529
0.627396 -0.0788873 2.45372 -0.0285859 0.999516 0.010106 0.0069259
0.627578 -0.0756517 2.45454 -0.0271376 0.999523 0.0130233 0.00685886
0.627266 -0.0725912 2.45375 -0.0241774 0.999633 0.0101613 0.00681941
0.627352 -0.0694832 2.45371 -0.0218638 0.999664 0.0122189 0.00668947
0.626913 -0.0662634 2.45203 -0.0194292 0.999726 0.0117785 0.00563936
0.627347 -0.0631118 2.45457 -0.017112 0.999779 0.00889423 0.00833349
0.626643 -0.0595236 2.453 -0.0146483 0.999743 0.0163865 0.00556309
0.626624 -0.0557481 2.45339 -0.0120989 0.999851 0.0100872 0.00711543
0.626253 -0.0520295 2.45355 -0.0103984 0.999835 0.0115461 0.00944168
0.625522 -0.0486838 2.45264 -0.00825062 0.999665 0.0234776 0.00714278
0.625062 -0.0456584 2.45038 -0.00683887 0.999712 0.0221452 0.0061741
0.626407 -0.0428545 2.45567 -0.0056896 0.999699 0.0211492 0.0110782
0.625437 -0.039406 2.45194 -0.00236959 0.999888 0.0137779 0.00533393
0.624472 -0.0365449 2.44931 0.000192438 0.999882 0.0144595 0.00509391
0.624826 -0.0338189 2.45198 0.00247907 0.999906 0.01297 0.00357474
0.62457 -0.0307357 2.45217 0.00636416 0.999955 0.00151092 0.00686072
0.6247 -0.0277124 2.45401 0.00707096 0.999917 0.00737225 0.00786883
0.623891 -0.0244571 2.45137 0.00856805 0.999889 0.0107561 0.00566821
0.624041 -0.0210491 2.45305 0.0119248 0.999858 0.0076136 0.00920871
0.623931 -0.0176215 2.45376 0.0135116 0.999806 0.0111395 0.00900029
0.623188 -0.0145245 2.45206 0.0151693 0.999757 0.0145995 0.0065883
0.622752 -0.0116351 2.45155 0.0178431 0.999764 0.0105807 0.00649711
0.623087 -0.00832386 2.45373 0.0203791 0.999706 0.0105873 0.00774294
0.622281 -0.00470928 2.45125 0.0217108 0.999676 0.0120059 0.00561657
0.622138 -0.00119618 2.45103 0.0240935 0.999654 0.00961404 0.00431302
0.622195 0.00190957 2.45192 0.026348 0.99955 0.0134966 0.0048482
0.622212 0.00491149 2.45297 0.0292679 0.999476 0.0122569 0.00640668
0.621797 0.00792176 2.45267 0.0325314 0.999397 0.0105147 0.00603003
0.620997 0.0109817 2.45188 0.0347562 0.999298 0.0125354 0.00614998
0.620269 0.014005 2.45107 0.0379922 0.999216 0.00989935 0.00500419
0.619807 0.0171442 2.45126 0.040899 0.999107 0.00923582 0.00513847
0.619305 0.0204846 2.45213 0.0434342 0.998962 0.0122568 0.00622138
0.618868 0.0233626 2.45165 0.0460056 0.99888 0.00940836 0.00582233
0.618134 0.0262223 2.45141 0.0481279 0.998768 0.010842 0.00528763
0.617524 0.028972 2.45144 0.0502261 0.998667 0.0106081 0.00532012
0.616833 0.031863 2.45046 0.0528855 0.998544 0.0091041 0.00541254
0.616591 0.0348647 2.45094 0.0550907 0.998427 0.00911522 0.0050273
0.61634 0.0379111 2.45108 0.0576345 0.998283 0.00915181 0.00504942
0.615706 0.0410234 2.4503 0.0596831 0.998154 0.0102596 0.00469967
0.615255 0.0442215 2.45108 0.0618392 0.998042 0.00745019 0.00576148
0.614678 0.0475561 2.45054 0.0637507 0.997911 0.00872166 0.00569834
0.614231 0.0504637 2.45105 0.0668599 0.997704 0.00804068 0.00721137
0.613515 0.0534737 2.44996 0.0696675 0.997514 0.00908973 0.00535747
0.612835 0.0566598 2.44946 0.0725987 0.997307 0.00926025 0.00477885
0.612329 0.0596532 2.44978 0.0745984 0.997157 0.00904031 0.00557758
0.611859 0.0625447 2.45022 0.0771692 0.996973 0.00772568 0.00541634
0.611214 0.0654764 2.45017 0.0793834 0.996783 0.00922668 0.00605107
0.610444 0.0687209 2.44958 0.0818667 0.996597 0.007859 0.00558133
0.609559 0.0718984 2.44886 0.083806 0.996414 0.0106163 0.00489473
0.608892 0.0750458 2.44915 0.0864209 0.99619 0.0101685 0.0057115
0.608355 0.0780861 2.44966 0.0891286 0.995976 0.00772265 0.00533651
0.607522 0.0810898 2.44943 0.0913497 0.995756 0.00936338 0.0060675
0.606697 0.0841739 2.44944 0.0943312 0.995498 0.0066943 0.00641065
0.605924 0.0874165 2.44974 0.0967561 0.995262 0.00643442 0.00715173
0.605163 0.0908711 2.44965 0.0996548 0.994975 0.0069452 0.00667965
0.604084 0.0947734 2.44908 0.102035 0.994719 0.00954728 0.00567011
0.60274 0.101177 2.44941 0.106988 0.994198 0.00947913 0.00582533
0.601671 0.104094 2.44937 0.109037 0.993975 0.00960284 0.00565347
0.600804 0.107113 2.44904 0.111101 0.993759 0.00811957 0.00587068
0.599906 0.110176 2.4491 0.113062 0.993543 0.00763991 0.0055506
0.599146 0.113357 2.44938 0.115224 0.993278 0.00905 0.00632337
0.598761 0.11645 2.45057 0.117743 0.99298 0.00796977 0.00803394
0.598347 0.119529 2.45109 0.120191 0.992675 0.00937587 0.00790865
0.597465 0.122307 2.44888 0.122872 0.992357 0.00933245 0.00652054
0.596854 0.125124 2.44947 0.125795 0.992 0.00820751 0.00663533
0.596367 0.127856 2.45032 0.128715 0.991603 0.00988097 0.00759712
0.595611 0.130719 2.45003 0.132204 0.991166 0.00866266 0.00605385
0.594809 0.133925 2.45027 0.135606 0.990701 0.00879453 0.00676052
0.593539 0.136744 2.44972 0.13755 0.990423 0.0102706 0.00611032
0.592246 0.139159 2.44921 0.14036 0.990044 0.00858991 0.00623179
0.591177 0.141871 2.44957 0.142841 0.989685 0.00934403 0.00577693
0.590101 0.144817 2.44973 0.145205 0.989321 0.0103966 0.00719208
0.589087 0.147928 2.4499 0.148026 0.988917 0.0097422 0.00607877
0.588094 0.151035 2.44997 0.150909 0.988489 0.00881612 0.00621207
0.58702 0.154099 2.44942 0.153681 0.988048 0.0103545 0.00595125
0.586078 0.157074 2.44938 0.15679 0.987567 0.00986249 0.00566823
0.585004 0.16007 2.44991 0.158774 0.987198 0.0133516 0.00729872
0.583708 0.163055 2.44926 0.162002 0.986714 0.0104477 0.00646033
0.582392 0.166372 2.44858 0.165385 0.986167 0.0102836 0.00412461
0.581314 0.170062 2.44926 0.167911 0.985725 0.0110855 0.00546698
0.580258 0.173258 2.4491 0.170435 0.985278 0.0122559 0.00543682
0.579418 0.176338 2.44999 0.173182 0.984805 0.011898 0.00502637
0.578001 0.179329 2.4493 0.175462 0.984377 0.0140183 0.00433586
0.577145 0.182346 2.45027 0.177584 0.984008 0.0128922 0.00504147
0.576064 0.185151 2.44961 0.179659 0.98364 0.0124023 0.00464977
0.575055 0.187955 2.44958 0.182783 0.983076 0.0115823 0.0042362
0.574038 0.190783 2.44943 0.18521 0.982629 0.0110093 0.00395313
0.573018 0.19395 2.45108 0.187119 0.982234 0.0133109 0.0049799
0.571418 0.19666 2.45057 0.190043 0.981717 0.00937325 0.00523612
0.569952 0.199687 2.45019 0.19221 0.981252 0.01277 0.00604362
0.568673 0.202727 2.45002 0.194573 0.980795 0.0122069 0.00581218
0.567407 0.205606 2.45017 0.197076 0.980282 0.0130933 0.00603961
0.566259 0.208559 2.4505 0.199651 0.979774 0.0120221 0.00609313
0.564735 0.211478 2.44954 0.201794 0.979331 0.0127799 0.00514982
0.5635 0.214687 2.44976 0.204309 0.978787 0.0143974 0.00523703
0.562253 0.217912 2.45021 0.207021 0.978218 0.014053 0.00579153
0.560662 0.220891 2.44875 0.209311 0.97772 0.0151163 0.00487983
0.559506 0.224046 2.44953 0.21213 0.97713 0.0136384 0.00554752
0.558319 0.227069 2.45015 0.214486 0.976638 0.0123533 0.00461338
0.556779 0.230219 2.44947 0.216676 0.976129 0.0143891 0.00405109
0.555435 0.233247 2.44991 0.218941 0.975614 0.0144656 0.00577697
0.553898 0.236117 2.45004 0.222064 0.974893 0.0154369 0.00579743
0.552264 0.239111 2.44876 0.225017 0.974288 0.0110523 0.00290915
0.551334 0.242313 2.45165 0.22732 0.973691 0.0147749 0.00582267
0.54951 0.24506 2.44909 0.228976 0.973271 0.017313 0.00371918
0.548271 0.247837 2.45003 0.231434 0.97268 0.0173377 0.00555859
0.546883 0.250427 2.45073 0.234875 0.971947 0.0113078 0.00509586
0.545472 0.253071 2.44968 0.236773 0.971427 0.0156844 0.00471073
0.544257 0.255707 2.45011 0.239471 0.970781 0.0146769 0.00479454
0.542876 0.258363 2.44923 0.242296 0.970062 0.0157627 0.00490291
0.541499 0.260907 2.44916 0.244872 0.969415 0.0158186 0.00473861
0.539804 0.2632 2.44829 0.24765 0.968726 0.0149305 0.00394254
0.538506 0.265914 2.44925 0.250579 0.967971 0.0149469 0.00441811
0.53698 0.268469 2.44867 0.25333 0.967248 0.015484 0.00387643
0.535454 0.271233 2.44853 0.256249 0.966488 0.0148233 0.00412712
0.533955 0.274171 2.44863 0.259223 0.965645 0.0177106 0.00441607
0.532523 0.276688 2.44849 0.262243 0.964897 0.0138808 0.00319598
0.531256 0.279078 2.44907 0.264508 0.964271 0.0142704 0.00369877
0.529469 0.28143 2.44826 0.267196 0.963518 0.0150508 0.00355402
0.527564 0.284115 2.4478 0.269232 0.962961 0.0146504 0.0022813
0.525608 0.286838 2.4473 0.271024 0.962444 0.0155315 0.00240095
0.523769 0.289624 2.44719 0.273096 0.961867 0.0150037 0.00213842
0.522226 0.292225 2.44746 0.275786 0.961086 0.0157897 0.00245518
0.520292 0.294631 2.44651 0.278313 0.960347 0.0164651 0.00203636
0.518627 0.297219 2.44671 0.280264 0.959794 0.0155828 0.00214967
0.516844 0.299809 2.44684 0.282633 0.959104 0.0153442 0.0016165
0.51511 0.302647 2.44748 0.284979 0.958399 0.0157808 0.00306964
0.512657 0.305386 2.44583 0.288443 0.957371 0.015515 0.00038885
0.510436 0.308271 2.44655 0.290256 0.956834 0.014752 0.00152508
0.50832 0.310573 2.44581 0.291793 0.956329 0.017057 0.00120731
0.506563 0.312816 2.44678 0.293861 0.955711 0.0161227 0.0017504
0.504786 0.31507 2.44767 0.295208 0.955294 0.0161635 0.00227658
0.502305 0.317037 2.44535 0.297053 0.954709 0.0170376 0.000977721
0.500481 0.319497 2.446 0.299455 0.953992 0.0149401 0.00178148
0.498368 0.321812 2.44541 0.300821 0.953526 0.016989 0.00253442
0.496649 0.324247 2.44626 0.302743 0.952945 0.0154147 0.00231375
0.494503 0.32655 2.44517 0.30501 0.952205 0.0164224 0.00212846
0.492556 0.328988 2.44544 0.306698 0.951651 0.0170881 0.00207068
0.490524 0.331244 2.44472 0.308987 0.950926 0.0162362 0.00157422
0.488403 0.333952 2.44513 0.311428 0.950115 0.0171023 0.00115046
0.485831 0.336475 2.44426 0.313144 0.949555 0.0169142 0.000296439
0.483702 0.338616 2.44435 0.314746 0.949004 0.0178976 0.00231464
0.481667 0.34049 2.44474 0.31678 0.948378 0.0150973 0.000825839
0.479624 0.342662 2.44452 0.318902 0.947639 0.01667 0.00210208
0.477423 0.345032 2.44366 0.320904 0.946999 0.0146013 0.00019678
0.475389 0.347593 2.44433 0.322736 0.946363 0.0153939 0.000869113
0.473132 0.349878 2.44378 0.324956 0.945616 0.0145958 0.000721896
0.471034 0.352373 2.44458 0.326989 0.9449 0.0154385 0.00188608
0.46848 0.354532 2.4434 0.328809 0.94426 0.0159703 0.0017265
0.46606 0.356779 2.44252 0.331201 0.94339 0.0178525 0.00145083
0.463914 0.358882 2.4432 0.334 0.942434 0.0161448 0.00159897
0.461818 0.361247 2.44346 0.337264 0.941274 0.0159612 0.00123115
0.45922 0.363604 2.44225 0.339703 0.940382 0.0168493 0.000587977
0.457222 0.365944 2.44331 0.341922 0.93958 0.0167069 0.000696381
0.455139 0.368202 2.4436 0.344143 0.938785 0.0157355 -0.000293019
0.452772 0.370297 2.44269 0.346336 0.937959 0.0168304 -0.000104759
0.450673 0.372564 2.44226 0.348581 0.937143 0.0159169 -0.000758123
0.448805 0.374857 2.44274 0.350603 0.9364 0.0152319 -0.000518476
0.446705 0.376894 2.44208 0.352751 0.935578 0.016123 -0.000646569
0.444342 0.378916 2.44114 0.354988 0.934747 0.0149643 -0.00257619
0.442069 0.381358 2.44165 0.355933 0.934358 0.0169004 -0.00120662
0.439639 0.383843 2.44184 0.357725 0.93369 0.0159522 -0.000988385
0.437253 0.38612 2.44126 0.360661 0.932584 0.0144699 -0.00116379
0.435256 0.388377 2.44205 0.362937 0.93169 0.0151241 -0.0015262
0.433432 0.390653 2.44248 0.365321 0.930769 0.0144536 -0.00106831
0.431303 0.392674 2.44153 0.367394 0.929918 0.016447 -0.00167159
0.429389 0.394872 2.44154 0.369835 0.928951 0.0164129 -0.00145255
0.427279 0.39716 2.44164 0.372086 0.928097 0.0134082 -0.00299542
0.424534 0.39929 2.44041 0.374475 0.927137 0.0132805 -0.00285163
0.421854 0.401521 2.43924 0.375701 0.926531 0.0196678 -0.00134807
0.419947 0.40352 2.43968 0.379401 0.925176 0.00838258 -0.00577349
0.416865 0.405595 2.43867 0.380455 0.924692 0.0138643 -0.00243378
0.415603 0.408234 2.44391 0.383972 0.923288 0.0099787 -0.00233104
0.412915 0.410453 2.44242 0.384659 0.922943 0.0145763 0.0010446
0.41037 0.412564 2.44178 0.387195 0.921891 0.0140396 -0.000333423
0.407639 0.414827 2.44041 0.389835 0.92074 0.0158537 -0.00379976
0.40476 0.417023 2.43994 0.391687 0.91994 0.0168354 -0.0029222
0.402368 0.419199 2.44003 0.393827 0.919036 0.0162077 -0.00328921
0.400286 0.421622 2.44199 0.396115 0.918063 0.0157117 -0.00234058
0.397745 0.42375 2.4409 0.398636 0.916984 0.0145848 -0.00416646
0.395212 0.426225 2.44114 0.399729 0.916473 0.0166671 -0.00397761
0.39261 0.428614 2.44079 0.401674 0.915628 0.0162578 -0.0043593
0.390525 0.431222 2.44221 0.403924 0.914666 0.0147675 -0.00370546
0.388077 0.433047 2.44083 0.406366 0.913567 0.015461 -0.00469553
0.386053 0.435119 2.44078 0.408439 0.91263 0.016457 -0.00373979
0.383868 0.436894 2.44021 0.410704 0.911585 0.0177377 -0.00453868
0.381756 0.43877 2.44029 0.412872 0.910632 0.0163844 -0.00418791
0.379572 0.440621 2.44038 0.4161 0.909191 0.013762 -0.00659931
0.377223 0.442789 2.44066 0.418416 0.908082 0.017014 -0.00503603
0.374712 0.444958 2.44098 0.420996 0.906884 0.0173223 -0.00494145
0.372118 0.446411 2.44062 0.422946 0.905976 0.0173321 -0.00487647
0.369961 0.448298 2.44203 0.425101 0.904976 0.0169779 -0.00443378
0.367115 0.449563 2.4407 0.427284 0.903963 0.0159672 -0.00496914
0.364489 0.451485 2.44098 0.429364 0.902965 0.0165281 -0.00529531
0.362098 0.453531 2.44187 0.431737 0.901823 0.0172464 -0.00453159
0.35944 0.455199 2.44044 0.434281 0.900602 0.0166457 -0.00624778
0.356962 0.457226 2.44075 0.43685 0.899346 0.017223 -0.00646558
0.354313 0.458895 2.44025 0.438736 0.89845 0.0159038 -0.00672264
0.351723 0.460732 2.4402 0.441312 0.897166 0.0173407 -0.00597142
0.349191 0.462512 2.43989 0.443894 0.8959 0.0161528 -0.00771451
0.346209 0.464673 2.44001 0.446409 0.894623 0.0176641 -0.00748518
0.343169 0.466633 2.44068 0.448383 0.893628 0.0186146 -0.00593666
0.340785 0.46882 2.44176 0.450893 0.892406 0.0158511 -0.00745273
0.338061 0.470071 2.44058 0.452827 0.891417 0.0162601 -0.00769201
0.335685 0.471793 2.44094 0.454951 0.890308 0.0178377 -0.00732599
0.333312 0.473665 2.44138 0.456665 0.889439 0.0175311 -0.00687349
0.330701 0.475347 2.44067 0.459081 0.888156 0.0193962 -0.00686952
0.328307 0.477215 2.44103 0.461347 0.887031 0.0170296 -0.00664918
0.325669 0.478819 2.44072 0.463092 0.886113 0.0175112 -0.00663215
0.322865 0.480347 2.44121 0.465002 0.885092 0.0187971 -0.00561924
0.320019 0.482111 2.44216 0.466971 0.884066 0.0182428 -0.00577563
0.317203 0.483782 2.4426 0.469234 0.882889 0.0174908 -0.00448694
0.314232 0.485262 2.4409 0.471718 0.881541 0.0179026 -0.0069179
0.311201 0.487137 2.44072 0.474088 0.880293 0.0166666 -0.00681492
0.308479 0.488668 2.44157 0.475572 0.879479 0.0176638 -0.00594793
0.305851 0.489708 2.44145 0.477548 0.878424 0.0163088 -0.00731859
0.303112 0.490772 2.44146 0.479304 0.87745 0.0169004 -0.00790137
0.299963 0.491951 2.44099 0.480562 0.876732 0.0190624 -0.00607969
0.297168 0.493656 2.44114 0.483138 0.875374 0.0158689 -0.006818
0.294317 0.495462 2.44117 0.484464 0.874608 0.0176141 -0.00668973
0.291512 0.497268 2.44148 0.487133 0.873141 0.0164357 -0.00747823
0.288428 0.498792 2.44058 0.488629 0.872299 0.0166776 -0.00759454
0.285416 0.500696 2.44127 0.490287 0.871366 0.0173269 -0.00637909
0.282595 0.502424 2.44224 0.492627 0.870048 0.0171785 -0.00634176
0.279668 0.504181 2.44247 0.49542 0.868485 0.0153411 -0.00758127
0.276375 0.506069 2.44196 0.497625 0.867177 0.017728 -0.00768216
0.273307 0.507806 2.44203 0.499762 0.865976 0.0163465 -0.00743617
0.270647 0.50966 2.44287 0.501555 0.864915 0.0179285 -0.00656071
0.267836 0.511341 2.44285 0.504192 0.86337 0.0179836 -0.00762443
0.265126 0.513104 2.44355 0.506483 0.862007 0.0193794 -0.006588
0.262586 0.514735 2.44374 0.508719 0.860703 0.0186621 -0.00684952
0.259929 0.516283 2.44325 0.51087 0.859416 0.019557 -0.00576273
0.257294 0.51781 2.44269 0.513366 0.85791 0.0198015 -0.00729627
0.254662 0.519193 2.44352 0.515893 0.856438 0.0176547 -0.00748939
0.251888 0.52038 2.44309 0.517838 0.855237 0.0190722 -0.00705233
0.249257 0.521712 2.44382 0.520028 0.853941 0.0172276 -0.00771212
0.24632 0.523064 2.44331 0.523337 0.851906 0.0175332 -0.00818354
0.243453 0.524723 2.4436 0.524561 0.851135 0.0193642 -0.00551898
0.240897 0.525936 2.44384 0.526933 0.849706 0.0165096 -0.00833505
0.238179 0.527005 2.44273 0.529362 0.848134 0.0195666 -0.00781294
0.235462 0.528389 2.44299 0.531805 0.846632 0.0179244 -0.00868932
0.232619 0.53023 2.44348 0.534373 0.84501 0.0180347 -0.00884102
0.229442 0.531536 2.44197 0.536188 0.843801 0.0205838 -0.00882533
0.226601 0.533046 2.44253 0.538573 0.842318 0.0190914 -0.00863805
0.223717 0.534088 2.44184 0.540751 0.840885 0.0201535 -0.00973132
0.220841 0.535254 2.442 0.54286 0.839519 0.0203398 -0.0098428
0.218056 0.53669 2.4427 0.544902 0.838238 0.0187895 -0.00922315
0.215084 0.537842 2.44183 0.54699 0.836853 0.0194405 -0.0100703
0.212007 0.53922 2.44195 0.549647 0.835126 0.0188837 -0.00984325
0.208769 0.540547 2.4415 0.552196 0.833443 0.0182825 -0.0108641
0.205596 0.541768 2.44183 0.554295 0.832052 0.0183031 -0.010586
0.20227 0.542898 2.442 0.556432 0.830633 0.0186252 -0.00923871
0.198981 0.543954 2.44203 0.557982 0.829547 0.0205278 -0.00926271
0.19597 0.545297 2.44286 0.560025 0.828189 0.0197393 -0.00922133
0.192892 0.546187 2.44073 0.56173 0.827014 0.0197928 -0.0107999
0.190189 0.547518 2.44115 0.563942 0.825541 0.0180712 -0.0111387
0.187308 0.548754 2.44094 0.566029 0.824069 0.0203239 -0.0104209
0.184445 0.550122 2.4409 0.568311 0.822532 0.0185046 -0.0110388
0.18168 0.551199 2.44023 0.570094 0.821268 0.0204375 -0.00968921
0.17901 0.552565 2.44155 0.572547 0.819594 0.0181648 -0.0111902
0.17594 0.5533 2.44031 0.574497 0.818208 0.0191312 -0.0111003
0.172756 0.554487 2.44027 0.576761 0.816602 0.019261 -0.0117006
0.16931 0.555516 2.43944 0.578338 0.81545 0.0209377 -0.0113229
0.166482 0.556746 2.44054 0.580128 0.814231 0.0184758 -0.0117633
0.163633 0.557241 2.43937 0.582017 0.812863 0.0186369 -0.0127743
0.160693 0.558322 2.4401 0.584202 0.811298 0.0186136 -0.0125145
0.15763 0.559449 2.44037 0.585883 0.810096 0.0182866 -0.0123304
0.154567 0.560311 2.43961 0.587852 0.808671 0.0176958 -0.0129798
0.151617 0.561344 2.43991 0.589877 0.80721 0.0177412 -0.011954
0.148536 0.561995 2.43936 0.592118 0.805525 0.0192059 -0.0125511
0.145545 0.563058 2.44069 0.594627 0.803707 0.0178451 -0.0124508
0.142554 0.563581 2.43979 0.5969 0.802022 0.0180687 -0.0120612
0.139549 0.564323 2.43949 0.599849 0.799801 0.0173827 -0.0140546
0.136275 0.565464 2.44006 0.602351 0.797934 0.0175131 -0.0129432
0.132654 0.565968 2.4396 0.60422 0.79649 0.0196077 -0.0116888
0.129767 0.566586 2.43866 0.606298 0.794919 0.0186274 -0.0126324
0.126916 0.567316 2.44008 0.608028 0.793598 0.0185807 -0.0126113
0.124165 0.567617 2.43919 0.609761 0.792252 0.0184622 -0.0137007
0.121221 0.568188 2.4393 0.611132 0.791186 0.0189513 -0.0135325
0.118348 0.568889 2.43999 0.613298 0.789549 0.0172066 -0.0134667
0.115365 0.569515 2.44032 0.614961 0.78826 0.0174758 -0.0127929
0.112455 0.570095 2.44041 0.616553 0.787008 0.0171706 -0.0136312
0.109177 0.570706 2.44041 0.618151 0.785788 0.0154559 -0.0137048
0.105915 0.571657 2.44091 0.620236 0.784139 0.0142048 -0.0151818
0.102846 0.57229 2.44173 0.621955 0.782797 0.0148344 -0.0134783
0.099729 0.57278 2.44098 0.624371 0.780866 0.0140923 -0.0145009
0.0964587 0.573561 2.44218 0.62631 0.779309 0.0149456 -0.0137483
0.0935314 0.573946 2.44168 0.627754 0.77815 0.0146311 -0.0139229
0.0906291 0.574286 2.44211 0.629196 0.777009 0.014024 -0.013143
0.0876158 0.574569 2.44274 0.630809 0.775713 0.0148227 -0.0114248
0.0844048 0.574679 2.44231 0.632399 0.774401 0.0138047 -0.0135657
0.0810974 0.574795 2.44194 0.633736 0.773305 0.0146736 -0.0127423
0.0778388 0.575033 2.44161 0.635554 0.771798 0.0143554 -0.0138598
0.0747104 0.575481 2.44219 0.637166 0.770496 0.0141203 -0.0124974
0.0715191 0.575878 2.44254 0.638969 0.769032 0.0124906 -0.0123485
0.0682227 0.576027 2.44183 0.640324 0.767891 0.0127711 -0.0128773
0.0650118 0.576474 2.44261 0.64227 0.766265 0.0128369 -0.0127316
0.0616584 0.577187 2.44378 0.644266 0.764626 0.0114326 -0.0117322
0.0579272 0.577646 2.44353 0.646172 0.763008 0.0126333 -0.0110061
0.0544647 0.577555 2.44213 0.647689 0.761681 0.0136707 -0.0123998
0.0513824 0.578219 2.44405 0.649709 0.760006 0.011229 -0.0119514
0.048018 0.578168 2.44231 0.65119 0.75871 0.0133087 -0.0115698
0.0447613 0.579033 2.44368 0.652464 0.757631 0.0119313 -0.0119539
0.041513 0.579596 2.44401 0.653907 0.756393 0.0122299 -0.011174
0.0383685 0.580069 2.44424 0.655665 0.754878 0.011904 -0.0109822
0.0353256 0.580305 2.4437 0.65732 0.753428 0.0121432 -0.0113676
0.0323825 0.580479 2.44287 0.658758 0.752163 0.0117281 -0.0122965
0.0294165 0.580777 2.4428 0.660445 0.75068 0.012354 -0.0118048
0.0265314 0.581088 2.44321 0.662229 0.749117 0.0127659 -0.0106362
0.0235374 0.58123 2.4428 0.664424 0.747144 0.0125678 -0.0126232
0.0204435 0.581604 2.44296 0.666508 0.745291 0.0126693 -0.0121301
0.0175119 0.581867 2.44235 0.66833 0.743653 0.0130983 -0.0119749
0.0147177 0.582368 2.44317 0.670713 0.741523 0.010493 -0.0133299
0.0116504 0.582326 2.44306 0.672337 0.740051 0.0117183 -0.0122529
0.00846111 0.582383 2.44269 0.674464 0.738092 0.0120769 -0.0131106
0.0051673 0.582663 2.44272 0.675901 0.736787 0.0129678 -0.0116181
0.00206512 0.582877 2.44233 0.678129 0.734711 0.0118981 -0.0141088
-0.000985247 0.582942 2.44177 0.679956 0.733023 0.01252 -0.0134456
-0.00396455 0.582984 2.44211 0.682103 0.731033 0.0112068 -0.0141473
-0.00697421 0.583172 2.44231 0.683426 0.72979 0.0124522 -0.0134186
-0.0101295 0.583174 2.44237 0.685748 0.727599 0.0114971 -0.0147448
-0.013462 0.583132 2.44182 0.687463 0.725978 0.0125551 -0.0138873
-0.0170593 0.582789 2.44022 0.689347 0.724167 0.0128258 -0.0147548
-0.0203531 0.582562 2.43896 0.691106 0.722455 0.0128968 -0.0162672
-0.0233075 0.582926 2.44066 0.692766 0.720908 0.0122991 -0.0146921
-0.0261277 0.582521 2.43968 0.695116 0.718646 0.00923107 -0.0166332
-0.0292057 0.582919 2.44082 0.696185 0.717613 0.0109658 -0.0153796
-0.0322694 0.583434 2.44188 0.697776 0.71607 0.013018 -0.0135415
-0.0352376 0.583566 2.44093 0.699394 0.714471 0.012467 -0.0149578
-0.0382764 0.584065 2.44168 0.701462 0.712448 0.0098606 -0.0164824
-0.0414333 0.583032 2.43871 0.703025 0.710973 0.0125564 -0.0107444
-0.0448814 0.584011 2.44345 0.704826 0.709185 0.0115813 -0.0119135
-0.0478123 0.58404 2.4442 0.707177 0.706759 0.0126861 -0.0152328
-0.0503372 0.584033 2.44409 0.707273 0.706651 0.0139384 -0.0146516
-0.0535921 0.583083 2.44065 0.71139 0.70223 0.000911074 -0.0282162
-0.0569702 0.582852 2.44038 0.71141 0.702372 0.00675551 -0.0228823
-0.0600893 0.582514 2.43954 0.71333 0.700466 0.00522673 -0.0219122
-0.062954 0.582249 2.44058 0.714848 0.698995 0.00540923 -0.0192466
-0.0661809 0.581641 2.43984 0.716101 0.697742 0.0101738 -0.0159026
-0.0694327 0.5815 2.44016 0.717279 0.696561 0.00835527 -0.0156033
-0.0726909 0.581106 2.43972 0.719137 0.694622 0.00595233 -0.0175157
-0.0759301 0.580909 2.43992 0.7208 0.692874 0.00982631 -0.0166393
-0.0791721 0.580624 2.43996 0.721937 0.691709 0.00861725 -0.0164548
-0.0824063 0.580339 2.43997 0.722843 0.690776 0.00885265 -0.0157567
-0.0856714 0.580003 2.44061 0.724712 0.68881 0.00956225 -0.0155591
-0.088803 0.579583 2.44041 0.726249 0.687184 0.00800013 -0.0166186
-0.0922409 0.579403 2.4409 0.728486 0.684835 0.00754317 -0.0158901
-0.0960587 0.57925 2.44181 0.730154 0.683072 0.0075935 -0.0151399
-0.0993653 0.579134 2.44233 0.731743 0.681389 0.0072749 -0.0144457
-0.102332 0.578899 2.4421 0.733504 0.679484 0.00775878 -0.0146003
-0.105147 0.578464 2.44151 0.734868 0.677993 0.00775791 -0.015324
-0.108029 0.578398 2.44214 0.73713 0.675509 0.00643631 -0.0168866
-0.110923 0.578228 2.44231 0.738731 0.673785 0.00648928 -0.0157683
-0.113804 0.578223 2.44257 0.740992 0.671262 0.00676654 -0.0170799
-0.116678 0.577949 2.44215 0.7424 0.669731 0.0075162 -0.0156775
-0.119609 0.577707 2.44288 0.74434 0.667583 0.00517064 -0.0162591
-0.122804 0.577379 2.44312 0.745895 0.665864 0.00621371 -0.0150414
-0.125768 0.576803 2.44219 0.747972 0.663476 0.00518801 -0.0176213
-0.128787 0.576829 2.4435 0.749692 0.661562 0.00634538 -0.0160493
-0.131941 0.576524 2.44375 0.751963 0.658976 0.00539843 -0.0165226
-0.134993 0.575968 2.44381 0.753257 0.657534 0.00601381 -0.014751
-0.137704 0.575188 2.44306 0.754918 0.655594 0.00566165 -0.0162383
-0.140486 0.574474 2.44335 0.756423 0.653862 0.00570576 -0.0159853
-0.143439 0.573761 2.44343 0.758043 0.651963 0.00423944 -0.0172275
-0.146755 0.57333 2.44445 0.759177 0.650694 0.00473351 -0.0149836
-0.150017 0.572862 2.44461 0.76087 0.648725 0.00461991 -0.0145582
-0.153072 0.572308 2.4435 0.762664 0.646595 0.00584942 -0.0149909
-0.156204 0.572044 2.44413 0.76487 0.643972 0.00412425 -0.0160294
-0.159336 0.571925 2.4453 0.766759 0.641744 0.00384975 -0.0152045
-0.162472 0.571142 2.44487 0.7684 0.639784 0.00424894 -0.0148049
-0.16581 0.570451 2.44487 0.769977 0.637879 0.00464798 -0.0149568
-0.169292 0.569942 2.44576 0.771861 0.635615 0.0031952 -0.0146193
-0.173083 0.568957 2.44508 0.773915 0.633105 0.00375381 -0.0148377
-0.176491 0.56811 2.4451 0.77525 0.631475 0.00372315 -0.0146054
-0.179631 0.567098 2.44408 0.776879 0.629457 0.0040497 -0.0150833
-0.182767 0.566373 2.44418 0.777874 0.628233 0.00477651 -0.0145823
-0.185796 0.56564 2.44422 0.779202 0.626605 0.00557419 -0.0133757
-0.188686 0.565006 2.44405 0.780723 0.624694 0.00412351 -0.0145965
-0.191665 0.564336 2.4442 0.782234 0.622795 0.00416603 -0.0147895
-0.194669 0.563535 2.44369 0.783625 0.621051 0.00480619 -0.0142696
-0.19777 0.56308 2.44439 0.785038 0.619247 0.00330438 -0.0154083
-0.200684 0.562027 2.4436 0.786455 0.617443 0.00388209 -0.0154474
-0.203817 0.561111 2.44408 0.787879 0.61563 0.00333653 -0.0153333
-0.207084 0.560195 2.44425 0.788975 0.614249 0.00354017 -0.0143239
-0.210054 0.559123 2.44299 0.790421 0.612358 0.00346151 -0.0154734
-0.21307 0.558185 2.44242 0.791756 0.610649 0.00465629 -0.0144446
-0.216255 0.55767 2.44353 0.793457 0.608437 0.00356678 -0.0147561
-0.219413 0.556687 2.44201 0.795003 0.6064 0.00432368 -0.0151975
-0.222932 0.556144 2.44235 0.796559 0.60438 0.00458767 -0.0140228
-0.226161 0.55522 2.44193 0.797828 0.602672 0.00373266 -0.0155789
-0.229385 0.554356 2.44208 0.799539 0.600425 0.00567363 -0.0139692
-0.232315 0.553292 2.4412 0.801256 0.598106 0.00440865 -0.0154314
-0.235277 0.552356 2.44103 0.803229 0.595419 0.00387278 -0.0168691
-0.238252 0.551222 2.44047 0.805107 0.592918 0.00499013 -0.0150109
-0.241309 0.550635 2.44179 0.807046 0.590294 0.00290122 -0.0148828
-0.244444 0.549624 2.44136 0.808803 0.587882 0.0049264 -0.0144737
-0.247534 0.548655 2.44129 0.810729 0.585201 0.00364585 -0.0156249
-0.25025 0.547485 2.43997 0.81226 0.583048 0.00540159 -0.0161223
-0.253153 0.546529 2.44052 0.814037 0.58056 0.00248707 -0.0169382
-0.256139 0.545571 2.44083 0.81549 0.578559 0.00369 -0.0152258
-0.258988 0.544703 2.44063 0.81683 0.57667 0.00476011 -0.014768
-0.261841 0.543952 2.44104 0.818365 0.574474 0.0034096 -0.0157424
-0.264666 0.543145 2.44077 0.820157 0.571908 0.0021663 -0.0160982
-0.267622 0.542379 2.44101 0.821754 0.569623 0.00285942 -0.0155581
-0.270552 0.54132 2.44095 0.823027 0.567746 0.00266035 -0.0168467
-0.273563 0.540123 2.44088 0.824184 0.566063 0.00111817 -0.0170851
-0.276646 0.539236 2.44157 0.82592 0.563585 0.00152191 -0.0150218
-0.279376 0.538003 2.44039 0.827875 0.56068 0.001438 -0.0161027
-0.282474 0.537091 2.44108 0.829642 0.558051 0.000481575 -0.0165013
-0.285346 0.536371 2.44222 0.830912 0.556176 -0.000150447 -0.0159156
-0.288051 0.535483 2.44219 0.832381 0.554002 0.000121972 -0.0149453
-0.29078 0.534311 2.44179 0.833769 0.551913 0.000377255 -0.0148519
-0.29389 0.533278 2.44249 0.835338 0.54952 -0.000524262 -0.015428
-0.296782 0.531809 2.44179 0.83672 0.54742 -0.00106292 -0.0151749
-0.299606 0.530467 2.4415 0.838054 0.545381 -0.00046089 -0.0150014
-0.302508 0.529372 2.44218 0.839618 0.542962 -0.00205099 -0.015152
-0.305458 0.528091 2.44195 0.84123 0.540467 -0.00111155 -0.0150615
-0.308639 0.527119 2.44303 0.842663 0.538236 -0.00313705 -0.0145367
-0.311659 0.525743 2.44234 0.84402 0.536108 -0.00207879 -0.0146364
-0.314853 0.524618 2.44315 0.845795 0.5333 -0.00297893 -0.014603
-0.318252 0.523021 2.44362 0.847485 0.530572 -0.00502957 -0.0153857
-0.321266 0.521362 2.44352 0.848824 0.528505 -0.00354059 -0.0130026
-0.324005 0.519983 2.44311 0.849769 0.526913 -0.0034668 -0.015603
-0.327056 0.518601 2.44498 0.851024 0.524913 -0.00608279 -0.013697
-0.329487 0.516447 2.44133 0.852098 0.523126 -0.00428118 -0.0158132
-0.332772 0.515682 2.44463 0.853142 0.521385 -0.00561154 -0.0165969
-0.3353 0.513764 2.4426 0.853788 0.520425 -0.00336962 -0.0138527
-0.338089 0.51252 2.44343 0.855068 0.518326 -0.00436868 -0.0133164
-0.340762 0.510918 2.44347 0.856413 0.516063 -0.00550814 -0.0143172
-0.343381 0.509197 2.44218 0.85732 0.514542 -0.00464242 -0.0150571
-0.34627 0.508 2.44364 0.858476 0.512631 -0.00487601 -0.0143123
-0.348654 0.506523 2.44338 0.859688 0.510603 -0.00589961 -0.0136305
-0.351114 0.504877 2.44305 0.861224 0.507944 -0.00566837 -0.0159452
-0.354005 0.50327 2.44341 0.862717 0.505457 -0.0054838 -0.014241
-0.356465 0.501465 2.44308 0.863672 0.503791 -0.00673659 -0.0148399
-0.358776 0.499891 2.44362 0.864845 0.501784 -0.00738415 -0.0142162
-0.361084 0.49812 2.44399 0.866158 0.499486 -0.00817459 -0.0147377
-0.36335 0.496041 2.44254 0.867238 0.49765 -0.00735883 -0.0137558
-0.365998 0.494325 2.44257 0.868474 0.495479 -0.00654905 -0.0145335
-0.368682 0.492599 2.44315 0.869646 0.493357 -0.00840103 -0.0156368
-0.371262 0.490681 2.44231 0.870868 0.491301 -0.0062865 -0.0131614
-0.373837 0.488746 2.44156 0.872136 0.489006 -0.00597678 -0.014744
-0.376514 0.487108 2.442 0.873403 0.486696 -0.00741115 -0.0154698
-0.37925 0.485264 2.4418 0.874522 0.484749 -0.00693232 -0.0134449
-0.382219 0.483516 2.44253 0.876068 0.481855 -0.00847429 -0.0157548
-0.385427 0.481361 2.44216 0.87748 0.479257 -0.00883007 -0.0162333
-0.388094 0.479332 2.44165 0.878651 0.477146 -0.00753973 -0.0157301
-0.390861 0.477725 2.44279 0.879767 0.475104 -0.00817038 -0.0148482
-0.393342 0.475786 2.44219 0.880737 0.473338 -0.00673587 -0.0144185
-0.39596 0.474058 2.44191 0.881748 0.47145 -0.00681868 -0.0144649
-0.398321 0.472002 2.43982 0.882741 0.469603 -0.00564937 -0.0144906
-0.401208 0.470572 2.44102 0.883845 0.467457 -0.00668735 -0.0160013
-0.404058 0.468917 2.44162 0.885133 0.465059 -0.00738524 -0.0143264
-0.406689 0.466914 2.44153 0.886077 0.463251 -0.00793617 -0.0142811
-0.409235 0.465091 2.44212 0.887251 0.460952 -0.00824421 -0.015516
-0.41149 0.463078 2.44161 0.888366 0.45879 -0.00839333 -0.0157211
-0.414134 0.46116 2.44172 0.889454 0.456677 -0.00883264 -0.0154875
-0.416724 0.459228 2.44204 0.890394 0.454811 -0.00990545 -0.0157549
-0.418884 0.456929 2.44012 0.891274 0.45316 -0.00775565 -0.0147219
-0.421366 0.455043 2.44116 0.892255 0.451151 -0.00949828 -0.0159189
-0.424026 0.45303 2.44126 0.893319 0.449101 -0.00838854 -0.0147834
-0.426673 0.450769 2.44116 0.894308 0.447128 -0.00936911 -0.0142209
-0.429389 0.448662 2.44065 0.895306 0.445079 -0.00861494 -0.0160519
-0.43222 0.446883 2.44152 0.896161 0.443454 -0.0087094 -0.0129317
-0.434812 0.444821 2.44172 0.897312 0.441051 -0.00990804 -0.0143587
-0.437518 0.442692 2.44183 0.898035 0.439607 -0.00988935 -0.013466
-0.43979 0.440369 2.44024 0.899131 0.4374 -0.00845673 -0.0131562
-0.442447 0.438375 2.44137 0.900294 0.434931 -0.0104933 -0.0140142
-0.445019 0.435974 2.44029 0.901484 0.432522 -0.00996887 -0.0123361
-0.447839 0.433975 2.44191 0.902577 0.430122 -0.0105929 -0.0154112
-0.450269 0.431902 2.44106 0.903496 0.4283 -0.00865015 -0.0134003
-0.452454 0.430041 2.44075 0.904717 0.425711 -0.0092551 -0.0130761
-0.454471 0.427953 2.43998 0.905822 0.423334 -0.00949701 -0.013584
-0.456993 0.426191 2.44074 0.906791 0.421279 -0.0101476 -0.0122775
-0.459254 0.424304 2.44061 0.907797 0.419101 -0.00924727 -0.0131614
-0.461548 0.422528 2.44006 0.909068 0.416276 -0.00920108 -0.0150049
-0.464156 0.420668 2.44017 0.910141 0.414031 -0.00841119 -0.0123222
-0.466766 0.418897 2.44151 0.910994 0.412142 -0.00969369 -0.0116388
-0.468844 0.416933 2.44138 0.912099 0.409721 -0.00880334 -0.0112409
-0.470627 0.414811 2.44092 0.913232 0.407104 -0.0104173 -0.0128974
-0.472711 0.412593 2.44023 0.914077 0.405289 -0.00933471 -0.0108339
-0.475229 0.410588 2.44135 0.915274 0.402579 -0.00995929 -0.0102276
-0.477412 0.407979 2.43955 0.916312 0.40024 -0.00917567 -0.00982987
-0.479598 0.40586 2.44003 0.917081 0.398418 -0.00997829 -0.0112444
-0.481784 0.40372 2.44088 0.917944 0.396349 -0.011389 -0.0125335
-0.483923 0.401359 2.44049 0.918978 0.394014 -0.00965721 -0.0118016
-0.486516 0.399374 2.44131 0.919834 0.392012 -0.0100794 -0.0114384
-0.488542 0.397087 2.44053 0.920968 0.389316 -0.0104027 -0.0119223
-0.490358 0.394625 2.43879 0.922141 0.386577 -0.00713765 -0.0127518
-0.493456 0.393151 2.44228 0.922981 0.38458 -0.0106725 -0.00946304
-0.494977 0.391058 2.43958 0.924719 0.380178 -0.0106574 -0.0156617
-0.497384 0.388366 2.43901 0.925076 0.37959 -0.00620536 -0.010397
-0.499813 0.386606 2.44131 0.926522 0.375905 -0.0119438 -0.0105091
-0.502468 0.384266 2.44224 0.927671 0.373115 -0.0109136 -0.00962947
-0.504946 0.381504 2.44236 0.92883 0.370129 -0.0116584 -0.0119616
-0.506906 0.378637 2.44085 0.929369 0.368976 -0.00938401 -0.00647857
-0.5091 0.376656 2.44185 0.930443 0.366093 -0.0112648 -0.0111334
-0.510814 0.374379 2.44122 0.931077 0.364622 -0.00949268 -0.00753981
-0.51286 0.37217 2.44175 0.93181 0.362706 -0.0109212 -0.00749707
-0.514791 0.369707 2.4414 0.932701 0.360309 -0.0112195 -0.0110062
-0.516852 0.367353 2.44136 0.933596 0.357872 -0.0120998 -0.0133874
-0.518953 0.365318 2.44167 0.934328 0.356079 -0.0108056 -0.0110408
-0.521215 0.363243 2.44244 0.935064 0.354123 -0.012087 -0.010316
-0.522932 0.360523 2.44108 0.935861 0.352043 -0.0108687 -0.010537
-0.525323 0.358186 2.44239 0.936587 0.35011 -0.0121315 -0.0090307
-0.527443 0.355614 2.44165 0.937533 0.347574 -0.0103033 -0.0108759
-0.52994 0.352993 2.44166 0.938478 0.345046 -0.0108679 -0.00917779
-0.53168 0.350122 2.44063 0.93919 0.343078 -0.0109457 -0.00997939
-0.533625 0.347785 2.44188 0.939813 0.341419 -0.0110728 -0.00794159
-0.535234 0.345491 2.4414 0.940575 0.339234 -0.0115849 -0.0101997
-0.537035 0.343001 2.44167 0.941301 0.337212 -0.0125946 -0.00908258
-0.539291 0.340513 2.44257 0.942233 0.334565 -0.0125455 -0.0103081
-0.541211 0.337846 2.44203 0.942934 0.33263 -0.0117915 -0.00972083
-0.543489 0.335307 2.44303 0.943762 0.330277 -0.012592 -0.00852825
-0.545209 0.332657 2.44223 0.94477 0.327337 -0.012909 -0.00962998
-0.547083 0.330058 2.44241 0.945803 0.324356 -0.0132209 -0.00862553
-0.549149 0.327886 2.44325 0.946775 0.321513 -0.0126772 -0.00927933
-0.551356 0.325619 2.44367 0.947917 0.318035 -0.0138834 -0.0106539
-0.553382 0.322683 2.44316 0.948887 0.315179 -0.0128744 -0.0104757
-0.555368 0.319938 2.44374 0.949834 0.312352 -0.012725 -0.00941437
-0.557055 0.317273 2.44299 0.950677 0.309744 -0.0120122 -0.0113034
-0.558792 0.314612 2.44332 0.951366 0.30764 -0.0118205 -0.0109582
-0.560663 0.312221 2.44387 0.952015 0.305705 -0.011593 -0.00884267
-0.562574 0.310029 2.44432 0.952836 0.303026 -0.0131119 -0.0103915
-0.564345 0.307647 2.44424 0.953467 0.301044 -0.0132618 -0.00984323
-0.566094 0.305137 2.44411 0.954246 0.298587 -0.0128834 -0.00976867
-0.568371 0.30264 2.44511 0.955073 0.295855 -0.0140568 -0.0103796
-0.570531 0.300201 2.44479 0.955921 0.293081 -0.0144508 -0.0104614
-0.572414 0.297944 2.4449 0.956733 0.290443 -0.0136679 -0.010894
-0.574418 0.295657 2.44676 0.957487 0.287896 -0.0161511 -0.00858175
-0.575212 0.292856 2.44349 0.958373 0.285054 -0.0129704 -0.00989387
-0.576765 0.290288 2.44352 0.959048 0.282796 -0.012492 -0.0098265
-0.578906 0.288117 2.44539 0.959762 0.280257 -0.0149056 -0.0095667
-0.580673 0.285498 2.44515 0.960478 0.277868 -0.0139148 -0.00880698
-0.582546 0.28258 2.44499 0.961221 0.275284 -0.0140495 -0.00874189
-0.584646 0.279763 2.44559 0.96187 0.272994 -0.0144505 -0.00850148
-0.586417 0.277151 2.44528 0.962587 0.270471 -0.0139634 -0.00879216
-0.588049 0.274413 2.44511 0.963235 0.268208 -0.0140718 -0.00677092
-0.589583 0.271694 2.44523 0.963969 0.265565 -0.0131805 -0.00801994
-0.590985 0.268917 2.44506 0.964621 0.263137 -0.0139678 -0.00838499
-0.59287 0.266339 2.44629 0.965314 0.260527 -0.0148807 -0.00854271
-0.594439 0.263442 2.44561 0.966037 0.257761 -0.0151931 -0.0100126
-0.596321 0.260319 2.44631 0.966605 0.255725 -0.0153563 -0.00655498
-0.597658 0.257329 2.44517 0.967408 0.25266 -0.0146096 -0.00839316
-0.599613 0.254847 2.44692 0.96802 0.250317 -0.0150148 -0.00732031
-0.600685 0.252132 2.44593 0.968588 0.248135 -0.0143396 -0.00781083
-0.602137 0.249136 2.44577 0.969092 0.246039 -0.0155111 -0.00915761
-0.603974 0.24631 2.44677 0.969627 0.243926 -0.0158691 -0.00844738
-0.605448 0.243744 2.44622 0.970162 0.241796 -0.0155064 -0.00890053
-0.60707 0.241155 2.44617 0.970733 0.239533 -0.0153745 -0.00808095
-0.60826 0.238451 2.44457 0.971235 0.237589 -0.0147063 -0.00608045
-0.610119 0.236172 2.44605 0.971869 0.234858 -0.0158797 -0.00778261
-0.611326 0.233776 2.44602 0.972436 0.232575 -0.0153246 -0.00652099
-0.61276 0.231343 2.44713 0.97304 0.229925 -0.0166453 -0.0071228
-0.613175 0.228558 2.44414 0.973617 0.227744 -0.0133076 -0.00501306
-0.615075 0.225825 2.44689 0.974465 0.22362 -0.01674 -0.0115055
-0.616169 0.222729 2.44657 0.974843 0.222129 -0.0162412 -0.00869675
-0.616987 0.220014 2.44613 0.97537 0.21982 -0.0162569 -0.00823455
-0.617942 0.217267 2.44615 0.975874 0.217574 -0.0158366 -0.00893518
-0.618665 0.214301 2.44553 0.976328 0.215503 -0.0158278 -0.00956438
-0.619686 0.211348 2.44529 0.976836 0.213289 -0.0151833 -0.00826886
-0.621084 0.208621 2.44635 0.977292 0.21114 -0.0160584 -0.00790677
-0.621911 0.205817 2.44557 0.977847 0.208417 -0.016509 -0.0102657
-0.623164 0.203038 2.44615 0.978366 0.205952 -0.0165544 -0.0104471
-0.624238 0.200114 2.44666 0.978836 0.203789 -0.016802 -0.00827339
-0.625102 0.197061 2.44633 0.979419 0.200893 -0.0161868 -0.0109103
-0.626091 0.193935 2.44618 0.979863 0.198755 -0.0167585 -0.0091824
-0.62752 0.190258 2.4467 0.98033 0.196539 -0.0166227 -0.00699095
-0.628235 0.186936 2.4448 0.980844 0.194063 -0.0148714 -0.00795963
-0.629431 0.18426 2.44561 0.981155 0.192468 -0.015764 -0.0065222
-0.630038 0.181597 2.44466 0.981684 0.189575 -0.0157257 -0.0105387
-0.631025 0.178837 2.44464 0.982011 0.188019 -0.0153095 -0.00833095
-0.63234 0.176087 2.44579 0.98244 0.185856 -0.0149634 -0.00670674
-0.633451 0.173337 2.44613 0.982881 0.183141 -0.0170463 -0.0106954
-0.63442 0.170337 2.44592 0.983205 0.181479 -0.0164259 -0.0101913
-0.635445 0.16731 2.44606 0.983566 0.179547 -0.0163909 -0.00958193
-0.636565 0.164074 2.44606 0.984054 0.176897 -0.0160902 -0.0093045
-0.637449 0.160914 2.44595 0.984345 0.175126 -0.0173947 -0.00969234
-0.638503 0.157743 2.44569 0.984819 0.172536 -0.0167969 -0.00902836
-0.639761 0.154631 2.4465 0.985288 0.169858 -0.0168785 -0.00841996
-0.640486 0.151272 2.44612 0.985582 0.168142 -0.0167255 -0.00872247
-0.641035 0.148407 2.44561 0.98591 0.166191 -0.0164618 -0.0094902
-0.641085 0.14539 2.44433 0.986219 0.164352 -0.0162263 -0.00987432
-0.642217 0.142347 2.44682 0.986536 0.162165 -0.019012 -0.0093752
-0.642844 0.139115 2.44577 0.986942 0.159754 -0.0174384 -0.0109937
-0.643633 0.13563 2.44472 0.987263 0.1582 -0.0157153 -0.00616775
-0.644684 0.132226 2.44529 0.987581 0.156164 -0.0159593 -0.00647829
-0.645757 0.128971 2.44642 0.987883 0.154053 -0.0173192 -0.00738548
-0.646504 0.125765 2.44585 0.988232 0.151808 -0.0170615 -0.00785398
-0.647313 0.122644 2.44632 0.988558 0.149573 -0.0177437 -0.00816145
-0.647986 0.119357 2.44583 0.98892 0.147176 -0.0173583 -0.00867981
-0.649234 0.115973 2.44687 0.9893 0.144545 -0.0183009 -0.00762397
-0.650266 0.112338 2.44683 0.989656 0.142283 -0.0171136 -0.00664421
-0.650683 0.109135 2.44563 0.990039 0.139606 -0.0165566 -0.00762644
-0.651522 0.106261 2.44536 0.990456 0.136719 -0.015255 -0.00850332
-0.652446 0.10327 2.44522 0.990777 0.134398 -0.0155675 -0.00742547
-0.653623 0.100244 2.44562 0.991146 0.131796 -0.0140277 -0.00791014
-0.654524 0.0974437 2.44559 0.99143 0.129692 -0.0147837 -0.00537754
-0.655586 0.094715 2.44612 0.991857 0.12624 -0.0151675 -0.0073421
-0.656295 0.0919362 2.44508 0.992224 0.123418 -0.014356 -0.00728426
-0.656754 0.0889318 2.44463 0.992518 0.120949 -0.0146487 -0.00806438
-0.657545 0.085805 2.44471 0.992814 0.118718 -0.0137841 -0.00609566
-0.658105 0.0828415 2.44468 0.993094 0.116291 -0.014416 -0.00572783
-0.658972 0.0798112 2.44543 0.993369 0.11385 -0.0147857 -0.00613327
-0.659302 0.0767481 2.44432 0.993693 0.110929 -0.014103 -0.00840219
-0.660005 0.0738738 2.44505 0.993936 0.108518 -0.0150596 -0.00933817
-0.660535 0.0708913 2.44549 0.994167 0.106403 -0.0152681 -0.0087663
-0.660956 0.0676544 2.44526 0.994432 0.104023 -0.0150881 -0.00757495
-0.661908 0.0642094 2.44608 0.994671 0.101883 -0.0143488 -0.00664586
-0.662693 0.0607664 2.44626 0.994898 0.0996738 -0.0146085 -0.00549209
-0.663399 0.0578047 2.44672 0.995158 0.0967313 -0.0156316 -0.00775112
-0.663716 0.0548224 2.4456 0.995435 0.0939812 -0.014982 -0.00723998
-0.66425 0.0517113 2.4451 0.995719 0.0910834 -0.0140291 -0.00713675
-0.664827 0.048516 2.44503 0.995924 0.0889772 -0.0137743 -0.00544568
-0.665615 0.0451638 2.44607 0.996135 0.0862326 -0.0152964 -0.00671398
-0.66615 0.0418405 2.44641 0.996347 0.083607 -0.0153703 -0.00818606
-0.666612 0.0382135 2.44632 0.996561 0.0811337 -0.0150359 -0.00759074
-0.666527 0.0346088 2.44526 0.996736 0.0791486 -0.0151658 -0.00479856
-0.666883 0.0313934 2.44593 0.996906 0.0768726 -0.0156841 -0.00487966
-0.66728 0.0282819 2.44722 0.997052 0.0749525 -0.0153908 -0.0057724
-0.667508 0.0249235 2.44655 0.997198 0.0731558 -0.0154884 -0.00222714
-0.668096 0.0218395 2.44644 0.997345 0.0710049 -0.0152641 -0.0053626
-0.668293 0.0187645 2.4452 0.997521 0.0688744 -0.0137485 -0.00427624
-0.668727 0.0155834 2.44618 0.997637 0.0669692 -0.0149633 -0.00355057
-0.66892 0.0124513 2.44646 0.997762 0.0648359 -0.0153959 -0.00558423
-0.66928 0.0093466 2.44719 0.99788 0.0628819 -0.0160327 -0.00485981
-0.669652 0.00627461 2.44782 0.997985 0.0608292 -0.0172955 -0.00516709
-0.66961 0.00312227 2.44699 0.998125 0.0590254 -0.0158906 -0.00324381
-0.670052 -0.000316559 2.44758 0.998244 0.0566728 -0.0168392 -0.00358618
-0.670006 -0.00402128 2.44636 0.998387 0.0544954 -0.0155925 -0.00327317
-0.670069 -0.00703331 2.44632 0.998481 0.0528286 -0.0153635 -0.003111
-0.670059 -0.0100252 2.44614 0.998592 0.0505152 -0.0160777 -0.00173133
-0.670044 -0.0130656 2.44602 0.998695 0.0484314 -0.0160474 -0.00218917
-0.670396 -0.0162944 2.4464 0.998801 0.0460213 -0.0161111 -0.00441671
-0.670824 -0.0196123 2.44701 0.998878 0.0440779 -0.0171503 -0.00225791
-0.670881 -0.0228527 2.44673 0.998988 0.0417502 -0.0166573 -0.00139491
-0.670792 -0.0258877 2.4464 0.999092 0.0391249 -0.0164674 -0.00353692
-0.671223 -0.0290399 2.44729 0.999189 0.0362015 -0.0174058 -0.00263577
-0.671185 -0.0321948 2.44679 0.999297 0.0329713 -0.0175319 -0.00319207
-0.671504 -0.0355852 2.44706 0.999382 0.0302918 -0.0178098 0.00118049
-0.672011 -0.0390754 2.44832 0.999504 0.0261969 -0.0173152 -0.00231061
-0.671693 -0.042509 2.4474 0.999576 0.023509 -0.0170746 -0.00200381
-0.671695 -0.0454729 2.44713 0.99962 0.0213808 -0.0173278 0.00131204
-0.67166 -0.0483228 2.44721 0.999673 0.0191186 -0.0167589 -0.00270222
-0.671262 -0.0509792 2.44579 0.999724 0.0167253 -0.0156965 -0.00506501
-0.671086 -0.0539856 2.44542 0.999773 0.0136354 -0.014372 -0.00785759
-0.670995 -0.0569783 2.44584 0.999779 0.0119007 -0.0173499 -0.00012003
-0.67066 -0.0600502 2.44478 0.999841 0.00955443 -0.0147215 -0.00305224
-0.671029 -0.063216 2.44652 0.999835 0.00728933 -0.0160005 -0.00462184
-0.669629 -0.0669275 2.44275 0.999819 0.00592066 -0.0158335 0.00873383
-0.669869 -0.0700505 2.44289 0.999569 0.00649228 -0.0166135 0.0233261
-0.671163 -0.074004 2.44771 0.999788 0.000789653 -0.0203202 0.00310756
-0.670888 -0.0763464 2.4467 0.999821 -0.000111609 -0.0188966 0.000630619
-0.671064 -0.0795424 2.44799 0.999681 -0.00555192 -0.0204578 -0.0137354
-0.670826 -0.082899 2.44602 0.999861 -0.00691874 -0.0151037 -0.00155965
-0.671097 -0.0859935 2.44766 0.999777 -0.0104644 -0.0179675 -0.00363742
-0.670465 -0.0891354 2.44647 0.999771 -0.011817 -0.0173668 0.00413863
-0.670649 -0.092404 2.44861 0.999689 -0.014702 -0.0201245 -0.000736098
-0.669505 -0.0956567 2.44586 0.999725 -0.0155678 -0.0174126 0.00221311
-0.66925 -0.0990136 2.44653 0.999664 -0.0191596 -0.0173259 -0.001945
-0.669114 -0.102262 2.44744 0.999574 -0.0214218 -0.0191891 -0.0048699
-0.668731 -0.105459 2.44734 0.99955 -0.0231723 -0.0190479 -0.000173187
-0.668379 -0.108843 2.44683 0.999496 -0.0258679 -0.0184101 0.000459323
-0.668099 -0.11209 2.44637 0.999429 -0.0281542 -0.0186016 0.00162724
-0.667745 -0.115642 2.44601 0.999355 -0.0311763 -0.0175664 0.00294421
-0.667602 -0.119327 2.4469 0.999213 -0.0341718 -0.0201444 0.000908571
-0.666545 -0.122673 2.44434 0.999185 -0.0362385 -0.0173374 0.00381977
-0.666485 -0.125821 2.4443 0.999108 -0.0389193 -0.0159354 0.00387009
-0.666451 -0.129145 2.44493 0.999008 -0.0412159 -0.0166368 0.0029041
-0.666284 -0.132606 2.44497 0.998917 -0.0431008 -0.0171755 0.00348477
-0.666266 -0.135851 2.44519 0.998805 -0.0455686 -0.0174714 0.00275221
-0.66642 -0.138908 2.44592 0.998676 -0.048299 -0.0176808 0.00111161
-0.666041 -0.141723 2.44503 0.99855 -0.0509016 -0.0172388 0.00297231
-0.665896 -0.144447 2.44465 0.998437 -0.0532611 -0.0165631 0.00354366
-0.665609 -0.147268 2.44443 0.998287 -0.0561112 -0.0164994 0.00155003
-0.665076 -0.150027 2.44412 0.998109 -0.0589877 -0.0171837 0.00190967
-0.664721 -0.153024 2.44405 0.997944 -0.0619197 -0.0163544 0.00247336
-0.664483 -0.156171 2.44451 0.997735 -0.0649446 -0.0174452 0.00170497
-0.664116 -0.159158 2.44475 0.997555 -0.0676056 -0.0176316 0.00136299
-0.663575 -0.162078 2.44425 0.997376 -0.0703357 -0.0171096 0.00148884
-0.663393 -0.165207 2.44477 0.997159 -0.073291 -0.0172386 0.00233793
-0.663023 -0.168471 2.4445 0.996965 -0.0758365 -0.0171551 0.00398084
-0.662673 -0.171748 2.4447 0.996756 -0.0785925 -0.0170065 0.0034968
-0.662237 -0.17475 2.44506 0.996508 -0.0815672 -0.0177152 0.00195689
-0.661588 -0.177703 2.44455 0.996277 -0.0844466 -0.0172249 0.00212977
-0.660735 -0.18061 2.44301 0.996057 -0.0870591 -0.0164793 0.0043285
-0.660359 -0.183721 2.44346 0.995771 -0.0904257 -0.0160462 0.00232636
-0.659915 -0.186776 2.44369 0.995509 -0.0931514 -0.0165812 0.00296139
-0.659657 -0.18998 2.44513 0.995218 -0.0961837 -0.0169942 0.000992658
-0.658518 -0.193309 2.44353 0.994945 -0.0990749 -0.0162844 0.00193844
-0.657595 -0.196396 2.44214 0.994717 -0.101477 -0.0152765 0.00281498
-0.656868 -0.19924 2.44248 0.994451 -0.103792 -0.0167525 0.00367911
-0.656599 -0.202129 2.44386 0.9941 -0.107105 -0.0171011 0.000876292
-0.655919 -0.20505 2.44296 0.993916 -0.108866 -0.0163247 0.00346165
-0.655403 -0.207952 2.4428 0.993624 -0.1116 -0.0159641 0.00164276
-0.654417 -0.210635 2.44121 0.993371 -0.113951 -0.0148569 0.00281699
-0.654039 -0.213524 2.44223 0.993053 -0.116588 -0.0158358 0.00120432
-0.653177 -0.21649 2.44195 0.992787 -0.118669 -0.0167463 0.00345037
-0.652216 -0.219236 2.44113 0.992556 -0.120736 -0.0158841 0.00185966
-0.651355 -0.222125 2.44155 0.99227 -0.122924 -0.0169444 0.00142155
-0.650083 -0.224826 2.4404 0.992003 -0.125158 -0.0162506 0.00127264
-0.64952 -0.228033 2.44234 0.991698 -0.127312 -0.0180267 0.00112808
-0.64801 -0.231248 2.44091 0.991481 -0.128987 -0.0174158 0.00499965
-0.646908 -0.234236 2.44115 0.991197 -0.131141 -0.0180216 0.00222078
-0.645519 -0.236847 2.44007 0.990955 -0.133103 -0.0169081 0.00249059
-0.644477 -0.239699 2.44051 0.990672 -0.135139 -0.0172709 0.00287369
-0.643821 -0.242826 2.44171 0.990354 -0.137401 -0.0178076 0.00177635
-0.642848 -0.245977 2.44226 0.990095 -0.139176 -0.0184726 0.000792339
-0.641071 -0.248711 2.44019 0.98985 -0.140888 -0.0183598 0.00315675
-0.639908 -0.251627 2.44036 0.98952 -0.143293 -0.0178254 0.000601178
-0.638892 -0.254878 2.44061 0.989242 -0.145119 -0.0183722 0.00194421
-0.637967 -0.257977 2.44106 0.98887 -0.14764 -0.0184233 -0.000350288
-0.636728 -0.260998 2.44055 0.988555 -0.149822 -0.0176629 0.000443714
-0.635827 -0.264385 2.4414 0.988083 -0.152832 -0.0182608 0.00102882
-0.634148 -0.267642 2.44032 0.987718 -0.155204 -0.0179496 0.00136453
-0.633092 -0.270649 2.43967 0.987452 -0.156865 -0.0176761 0.0043851
-0.632023 -0.273297 2.43944 0.987014 -0.159737 -0.0169326 -0.000156684
-0.630782 -0.275995 2.43917 0.986617 -0.162176 -0.0168637 0.0011551
-0.629696 -0.27874 2.43913 0.986285 -0.164264 -0.0160454 -0.00105667
-0.628427 -0.281388 2.43862 0.985939 -0.166288 -0.0165076 0.000809755
-0.627414 -0.284254 2.43942 0.985483 -0.168849 -0.0176565 0.0012647
-0.626258 -0.287061 2.43948 0.985124 -0.170992 -0.0170273 0.00135101
-0.625022 -0.289778 2.43942 0.984749 -0.173148 -0.0168911 0.00176454
-0.623757 -0.29258 2.43959 0.984304 -0.17556 -0.017929 0.00182248
-0.622592 -0.295331 2.43968 0.983846 -0.178214 -0.0169297 -6.37061e-05
-0.620925 -0.298215 2.43827 0.983402 -0.180651 -0.0168753 0.000510432
-0.6197 -0.301442 2.43881 0.982838 -0.18369 -0.0168997 0.0011554
-0.618205 -0.30451 2.43838 0.982398 -0.186116 -0.0159152 0.00122315
-0.616926 -0.307083 2.43854 0.982145 -0.187321 -0.017091 0.00306174
-0.615442 -0.309576 2.43843 0.981722 -0.189558 -0.0169848 0.000358496
-0.6142 -0.312462 2.43946 0.981305 -0.191635 -0.0177506 -0.0013963
-0.612218 -0.315126 2.43742 0.980912 -0.193803 -0.015698 0.00238859
-0.611286 -0.318207 2.43914 0.980445 -0.196053 -0.017031 0.0010572
-0.609844 -0.321009 2.43839 0.979983 -0.198306 -0.0174712 0.00151022
-0.608483 -0.323817 2.43818 0.979523 -0.200637 -0.0166378 0.00153143
-0.607172 -0.326845 2.4376 0.978913 -0.203636 -0.016162 0.000533688
-0.605678 -0.329786 2.43727 0.978395 -0.206063 -0.016672 0.00158513
-0.604657 -0.333167 2.43917 0.977934 -0.208141 -0.0179533 0.0004845
-0.602942 -0.336509 2.43896 0.977329 -0.210904 -0.018537 0.00212688
-0.600761 -0.339624 2.43747 0.976804 -0.213371 -0.0178699 0.00274577
-0.59942 -0.342582 2.43763 0.976199 -0.216185 -0.0171926 0.00218683
-0.598244 -0.345659 2.43855 0.975522 -0.2192 -0.0175645 -0.000112252
-0.596338 -0.348557 2.43707 0.975202 -0.220637 -0.0167153 0.00457413
-0.594945 -0.351442 2.43745 0.974726 -0.222742 -0.0171214 0.0012119
-0.593362 -0.353977 2.43665 0.974251 -0.224951 -0.0151434 0.0018493
-0.592222 -0.356928 2.43881 0.973714 -0.226922 -0.0196725 0.000570933
-0.590399 -0.359339 2.43686 0.973282 -0.229041 -0.0159894 0.00252673
-0.588929 -0.362129 2.43704 0.97278 -0.231016 -0.0178084 0.00377499
-0.587475 -0.365013 2.43795 0.972232 -0.233274 -0.018666 0.000711567
-0.585413 -0.367733 2.43673 0.971806 -0.235199 -0.0165906 0.000285434
-0.58362 -0.370674 2.43665 0.971324 -0.237031 -0.0184832 0.00231475
-0.581863 -0.373395 2.43617 0.970848 -0.239047 -0.017473 0.00242586
-0.580364 -0.376076 2.43693 0.970402 -0.240729 -0.0188043 0.00405762
-0.578556 -0.378575 2.43624 0.969757 -0.24336 -0.0183732 0.00303816
-0.576855 -0.381463 2.43599 0.969243 -0.245414 -0.0181336 0.00344029
-0.575267 -0.384498 2.43572 0.968637 -0.247842 -0.0175598 0.00287952
-0.573939 -0.387431 2.43639 0.967989 -0.250313 -0.0183628 0.00197729
-0.572149 -0.389917 2.43582 0.967335 -0.252838 -0.0181246 0.00280586
-0.570503 -0.392399 2.43579 0.966593 -0.255612 -0.0188523 0.00215219
-0.568641 -0.394924 2.43485 0.965901 -0.258205 -0.0187418 0.0038643
-0.566878 -0.397565 2.43484 0.965233 -0.260701 -0.0185985 0.00382744
-0.565259 -0.40036 2.43526 0.964431 -0.263654 -0.0185606 0.00373395
-0.563531 -0.403239 2.43603 0.963537 -0.266877 -0.0191538 0.00248466
-0.561276 -0.405611 2.43475 0.963004 -0.268797 -0.0188946 0.00375594
-0.559645 -0.408165 2.43513 0.962309 -0.27126 -0.0192985 0.00249449
-0.557454 -0.41041 2.43423 0.961797 -0.273069 -0.0189225 0.00466164
-0.555862 -0.413162 2.4353 0.961125 -0.275422 -0.0192411 0.00346986
-0.553794 -0.415682 2.43378 0.960479 -0.277721 -0.0181661 0.00461825
-0.551927 -0.417877 2.43278 0.959923 -0.279685 -0.0174287 0.00462673
-0.550445 -0.420419 2.43429 0.959203 -0.282141 -0.017882 0.00260038
-0.548213 -0.422638 2.43315 0.95879 -0.283519 -0.0179 0.00438839
-0.546196 -0.425233 2.43414 0.9581 -0.285803 -0.0188644 0.00239554
-0.544407 -0.428513 2.43561 0.957791 -0.286628 -0.0212044 0.00562342
-0.542012 -0.430594 2.43354 0.957033 -0.289176 -0.0208817 0.00532643
-0.540349 -0.433332 2.4348 0.956239 -0.291796 -0.0208654 0.00510068
-0.537994 -0.435531 2.43322 0.955601 -0.293951 -0.0193999 0.00653543
-0.535905 -0.437643 2.4325 0.955028 -0.295771 -0.0203354 0.00527692
-0.534151 -0.440009 2.43275 0.954434 -0.297719 -0.019624 0.00581361
-0.532397 -0.442504 2.43362 0.953835 -0.299562 -0.0202784 0.00709111
-0.530327 -0.444962 2.43372 0.953122 -0.301839 -0.0204497 0.00573687
-0.528171 -0.447223 2.43364 0.952487 -0.303863 -0.020348 0.00459815
-0.525783 -0.449488 2.43257 0.951827 -0.305868 -0.0209606 0.0056285
-0.523889 -0.452099 2.43296 0.951115 -0.308066 -0.0204571 0.00755235
-0.521719 -0.454379 2.43245 0.950505 -0.309954 -0.0208339 0.00595879
-0.52003 -0.457211 2.43401 0.94976 -0.312192 -0.0216543 0.00484333
-0.51767 -0.459545 2.43273 0.948953 -0.31473 -0.0201061 0.00534262
-0.515704 -0.462451 2.4334 0.948053 -0.31735 -0.0212156 0.00578828
-0.51315 -0.465278 2.43261 0.947027 -0.320424 -0.0207159 0.00634586
-0.510617 -0.467706 2.43186 0.946456 -0.321994 -0.0216782 0.0084147
-0.50892 -0.470373 2.43353 0.94555 -0.324677 -0.0224355 0.00416932
-0.506504 -0.472247 2.432 0.945082 -0.326038 -0.0218903 0.00631717
-0.504415 -0.474415 2.43146 0.944448 -0.328002 -0.0203834 0.00427548
-0.502366 -0.476841 2.43187 0.943795 -0.3298 -0.0212565 0.00553022
-0.500194 -0.479002 2.43095 0.943087 -0.331864 -0.0203159 0.00627757
-0.498398 -0.481508 2.43153 0.942217 -0.334269 -0.0214019 0.00585566
-0.496219 -0.483658 2.43011 0.941504 -0.33625 -0.0212902 0.00730924
-0.494807 -0.486502 2.43176 0.940513 -0.339131 -0.0201975 0.00424019
-0.492562 -0.488494 2.43026 0.939732 -0.341294 -0.0200822 0.00437679
-0.490801 -0.490877 2.43108 0.938654 -0.344201 -0.0207569 0.00481342
-0.488647 -0.493227 2.43071 0.937558 -0.347118 -0.0214989 0.0056076
-0.486348 -0.495641 2.43081 0.936506 -0.349934 -0.0219742 0.00456846
-0.484179 -0.497579 2.42991 0.935467 -0.352833 -0.0200998 0.00269982
-0.48216 -0.499525 2.42948 0.934591 -0.355164 -0.0196229 0.00354547
-0.480117 -0.501624 2.42985 0.933643 -0.357615 -0.0203031 0.00303134
-0.478429 -0.504324 2.43193 0.932797 -0.359687 -0.0223447 0.00399258
-0.475932 -0.506199 2.43004 0.931694 -0.362646 -0.0202993 0.00462916
-0.47366 -0.508221 2.429 0.93073 -0.365108 -0.0202887 0.00505164
-0.471775 -0.510502 2.42961 0.929833 -0.367332 -0.0210687 0.00589891
-0.469538 -0.512439 2.42903 0.928795 -0.370004 -0.0204462 0.00431292
-0.46776 -0.514793 2.43069 0.927639 -0.372988 -0.0191267 0.000217565
-0.465184 -0.517094 2.43033 0.926899 -0.374545 -0.0231484 0.00621146
-0.462171 -0.518968 2.42774 0.92606 -0.37679 -0.020046 0.00636157
-0.459396 -0.522276 2.42895 0.924978 -0.379263 -0.0217049 0.0102454
-0.457154 -0.524588 2.42927 0.923545 -0.382985 -0.0191253 0.00455497
-0.455099 -0.526966 2.43089 0.922702 -0.384912 -0.0212561 0.00339019
-0.452696 -0.528903 2.42987 0.921554 -0.387819 -0.0182675 0.00115134
-0.450453 -0.530967 2.42769 0.920709 -0.389802 -0.0175696 0.00635019
-0.448894 -0.533549 2.43024 0.919706 -0.392133 -0.0188971 0.0038457
-0.446843 -0.535652 2.42975 0.918522 -0.394858 -0.0193012 0.00571524
-0.444791 -0.537881 2.42973 0.917449 -0.397393 -0.0187492 0.0038104
-0.442423 -0.540039 2.42926 0.916503 -0.39952 -0.0195566 0.00483489
-0.4398 -0.541786 2.42793 0.915576 -0.401614 -0.0198314 0.00577829
-0.437648 -0.544083 2.4289 0.914599 -0.403852 -0.0197252 0.00477032
-0.435264 -0.546156 2.42966 0.913599 -0.406093 -0.0202943 0.00370822
-0.43296 -0.548209 2.42982 0.912519 -0.408546 -0.0197278 0.00330152
-0.430448 -0.550061 2.42896 0.911629 -0.410535 -0.0191199 0.00538477
-0.428029 -0.552209 2.42942 0.910777 -0.412379 -0.0200569 0.00509924
-0.425543 -0.554479 2.42917 0.909564 -0.415056 -0.0198822 0.00505068
-0.423005 -0.55675 2.42933 0.908655 -0.417032 -0.0198498 0.00595339
-0.420443 -0.559048 2.42996 0.90789 -0.418607 -0.0211492 0.00754839
-0.417864 -0.56099 2.42928 0.906618 -0.421501 -0.0191586 0.00371676
-0.415208 -0.563202 2.42929 0.905817 -0.423127 -0.0200375 0.00753773
-0.412818 -0.565518 2.42979 0.904566 -0.425849 -0.0196536 0.00511799
-0.410255 -0.567424 2.42965 0.903694 -0.42768 -0.0192277 0.00752021
-0.408007 -0.569717 2.43126 0.902335 -0.430511 -0.0205239 0.00557466
-0.405412 -0.571673 2.43066 0.900932 -0.433464 -0.0200127 0.00554155
-0.40268 -0.573775 2.42992 0.899644 -0.436156 -0.0196288 0.0049021
-0.400196 -0.575883 2.42923 0.898498 -0.438465 -0.0209542 0.00336669
-0.397669 -0.578055 2.4291 0.897435 -0.440648 -0.0202422 0.00555199
-0.395365 -0.580032 2.42979 0.89642 -0.442737 -0.0198764 0.00439555
-0.39295 -0.58172 2.42992 0.895386 -0.444687 -0.0208519 0.0100832
-0.390743 -0.583334 2.43025 0.894003 -0.447508 -0.0207237 0.00810704
-0.388519 -0.58508 2.43002 0.892539 -0.4505 -0.0199649 0.00495547
-0.386114 -0.586834 2.42955 0.891324 -0.452886 -0.0201763 0.00531636
-0.383847 -0.588877 2.43006 0.8902 -0.455065 -0.0206958 0.00566378
-0.381592 -0.590558 2.43038 0.888853 -0.457708 -0.0205331 0.00470345
-0.379213 -0.591957 2.4299 0.887591 -0.460161 -0.0202822 0.00474754
-0.376963 -0.593794 2.42995 0.886207 -0.462854 -0.0197475 0.00370906
-0.374484 -0.595944 2.43033 0.884857 -0.465402 -0.0200949 0.00503817
-0.371646 -0.5978 2.431 0.883505 -0.467952 -0.0205585 0.00415409
-0.369184 -0.599343 2.43113 0.882451 -0.46998 -0.0194335 0.00458041
-0.366634 -0.600844 2.43069 0.881389 -0.472042 -0.0177394 0.00393562
-0.364004 -0.602628 2.43135 0.880305 -0.473897 -0.021442 0.00492735
-0.361106 -0.60415 2.42967 0.879143 -0.476116 -0.0198867 0.00516787
-0.358628 -0.605893 2.43032 0.878071 -0.478163 -0.0183737 0.00363931
-0.356195 -0.607587 2.43111 0.876893 -0.480295 -0.0191063 0.00320456
-0.353524 -0.609074 2.43147 0.875784 -0.482295 -0.0193107 0.00453653
-0.350932 -0.610607 2.43144 0.87453 -0.484594 -0.0190038 0.0020985
-0.34819 -0.612028 2.43127 0.873617 -0.486213 -0.0192207 0.00449698
-0.345289 -0.613643 2.4314 0.872306 -0.488552 -0.019782 0.00286297
-0.342156 -0.615694 2.43189 0.870946 -0.490961 -0.0196703 0.00477523
-0.338541 -0.61713 2.43143 0.869955 -0.492702 -0.0200521 0.00460087
-0.335663 -0.618296 2.43093 0.868684 -0.495018 -0.0183049 0.00335798
-0.332988 -0.619735 2.43141 0.867854 -0.496451 -0.0188259 0.00331422
-0.33024 -0.620619 2.43051 0.866824 -0.498304 -0.0174945 0.00201075
-0.327602 -0.622042 2.43121 0.866002 -0.499672 -0.0190518 0.00228864
-0.324765 -0.623491 2.43119 0.864923 -0.501547 -0.0186133 0.00353375
-0.321943 -0.625067 2.43144 0.863804 -0.503491 -0.0181803 0.00301132
-0.319147 -0.626683 2.43208 0.862949 -0.504935 -0.0185459 0.00399446
-0.316194 -0.627834 2.43133 0.861783 -0.506951 -0.017922 0.00304765
-0.313314 -0.629075 2.43086 0.860555 -0.509047 -0.0176132 0.00225838
-0.31042 -0.630626 2.43116 0.85962 -0.510603 -0.0180537 0.00362239
-0.30726 -0.632206 2.43084 0.858319 -0.512814 -0.0172652 0.00355129
-0.30404 -0.633867 2.43153 0.857018 -0.515014 -0.0166106 0.0020044
-0.301006 -0.634753 2.42995 0.856116 -0.516466 -0.0174704 0.00478816
-0.298423 -0.63617 2.43104 0.855186 -0.518033 -0.0169695 0.0032582
-0.295466 -0.636847 2.43051 0.854215 -0.519634 -0.0171662 0.00158393
-0.292372 -0.637843 2.42995 0.85285 -0.521943 -0.0148668 0.0011786
-0.289657 -0.639993 2.43264 0.851881 -0.5234 -0.0184179 0.00343145
-0.286484 -0.64087 2.43059 0.851165 -0.524593 -0.017525 0.00369362
-0.283379 -0.642102 2.43056 0.849651 -0.527095 -0.0160497 0.0027406
-0.280311 -0.643285 2.43068 0.848231 -0.529396 -0.0156467 0.000663455
-0.277217 -0.644248 2.42963 0.846541 -0.532099 -0.0153188 0.00210689
-0.274566 -0.645779 2.43078 0.845015 -0.534468 -0.0166799 0.00388822
-0.271679 -0.647472 2.43175 0.843355 -0.537138 -0.0152895 0.00120086
-0.268303 -0.648773 2.43182 0.841597 -0.53989 -0.0152226 0.0011451
-0.265079 -0.649855 2.4314 0.840201 -0.542051 -0.0152081 0.00332162
-0.262124 -0.650731 2.43071 0.838871 -0.544167 -0.0132373 0.00121841
-0.259046 -0.652094 2.43168 0.837503 -0.546224 -0.0150332 0.00168748
-0.256277 -0.653252 2.43107 0.836332 -0.548062 -0.0132357 0.00102399
-0.253597 -0.654417 2.43088 0.834989 -0.550143 -0.0116556 0.000160781
-0.250747 -0.655627 2.43082 0.833983 -0.551643 -0.0125357 0.00240295
-0.247797 -0.656977 2.43167 0.832696 -0.553591 -0.0123626 0.0013059
-0.244574 -0.658098 2.43088 0.831586 -0.55524 -0.0130441 0.00175477
-0.241602 -0.659216 2.43092 0.830237 -0.557268 -0.0125005 0.0015432
-0.238724 -0.660154 2.4308 0.829091 -0.558947 -0.0135685 0.00155511
-0.235852 -0.661268 2.43085 0.827536 -0.561239 -0.0138378 0.00179329
-0.233129 -0.662472 2.43151 0.825935 -0.563656 -0.0110625 -0.00109599
-0.230293 -0.663693 2.43162 0.824814 -0.565236 -0.0135353 0.00238858
-0.227397 -0.664486 2.43114 0.82358 -0.56704 -0.0133649 0.001844
-0.224491 -0.666061 2.43261 0.82203 -0.569298 -0.0129161 0.000187534
-0.221064 -0.666952 2.43183 0.821138 -0.570574 -0.0128931 0.0035402
-0.217852 -0.66813 2.43266 0.819803 -0.572453 -0.0145992 0.00280475
-0.214884 -0.66906 2.43254 0.818412 -0.574465 -0.0138305 0.000974181
-0.211954 -0.670059 2.43274 0.817029 -0.576443 -0.0132762 0.00122524
-0.208938 -0.670959 2.4324 0.815814 -0.578139 -0.0137917 0.00353324
-0.205947 -0.67219 2.43374 0.814257 -0.580336 -0.0139976 0.000510826
-0.202428 -0.672441 2.4311 0.813325 -0.581625 -0.0139818 0.00441359
-0.199203 -0.673922 2.43321 0.811474 -0.584161 -0.0158161 0.00401275
-0.195765 -0.674861 2.43326 0.809879 -0.586384 -0.0154571 0.00322268
-0.192732 -0.675755 2.43333 0.80856 -0.588207 -0.0153518 0.00274797
-0.189711 -0.676288 2.43243 0.807302 -0.589969 -0.013847 0.00297409
-0.186787 -0.677461 2.43381 0.805816 -0.592006 -0.0136827 0.00181445
-0.183547 -0.67871 2.43414 0.804758 -0.593437 -0.0139049 0.00198085
-0.180238 -0.679974 2.43342 0.803578 -0.595028 -0.0137262 0.00396564
-0.177375 -0.68129 2.43428 0.802077 -0.597074 -0.012994 0.00260448
-0.174504 -0.68198 2.43419 0.80075 -0.598825 -0.0139897 0.00365032
-0.171695 -0.682463 2.43373 0.799276 -0.600817 -0.013003 0.00274396
-0.169321 -0.683199 2.43432 0.797858 -0.602675 -0.0142614 0.00131095
-0.166644 -0.683365 2.43299 0.796128 -0.605004 -0.0122369 0.00115233
-0.163967 -0.684253 2.43332 0.794327 -0.607337 -0.0134442 0.00220534
-0.161208 -0.685699 2.43452 0.792424 -0.60983 -0.0129916 0.00173924
-0.157857 -0.68646 2.43411 0.790704 -0.612014 -0.0147143 0.00303583
-0.154923 -0.686879 2.43348 0.788948 -0.614314 -0.0132752 0.00198059
-0.152237 -0.687563 2.43409 0.787271 -0.616466 -0.0131858 0.000891511
-0.149316 -0.688068 2.43399 0.785698 -0.618473 -0.0128909 0.00187656
-0.146148 -0.688782 2.43387 0.783839 -0.620819 -0.013227 0.00243894
-0.143132 -0.689561 2.43428 0.782143 -0.622972 -0.0124108 0.00216769
-0.140235 -0.690184 2.43479 0.780512 -0.625006 -0.0128027 0.00219275
-0.137242 -0.690517 2.43404 0.778501 -0.627526 -0.0120237 0.00153654
-0.134351 -0.690976 2.43329 0.776919 -0.629498 -0.0111715 0.00207463
-0.131425 -0.691979 2.43435 0.775221 -0.631594 -0.0109468 0.00126236
-0.128257 -0.692318 2.43348 0.773481 -0.633693 -0.012018 0.00398279
-0.124817 -0.69299 2.43397 0.771584 -0.636024 -0.0111684 0.00258343
-0.121133 -0.693054 2.43293 0.769654 -0.63839 -0.00943057 0.00141287
-0.118178 -0.693829 2.43394 0.76829 -0.640018 -0.0102872 0.0014703
-0.115334 -0.694223 2.43406 0.766582 -0.642061 -0.0102977 0.00151397
-0.112522 -0.694582 2.43342 0.764869 -0.644128 -0.00849802 0.00148247
-0.109572 -0.695154 2.43329 0.763587 -0.645632 -0.00939395 0.00231399
-0.106597 -0.695671 2.43339 0.762037 -0.647467 -0.00917779 0.0014103
-0.103491 -0.696156 2.43362 0.760542 -0.649215 -0.00973642 0.00126677
-0.100341 -0.696493 2.43381 0.759152 -0.650838 -0.00993083 0.000365964
-0.096983 -0.696545 2.43285 0.757437 -0.652842 -0.0092737 0.00117385
-0.0937863 -0.697126 2.43405 0.756169 -0.654286 -0.0108403 0.00102734
-0.0904804 -0.696827 2.43172 0.754538 -0.656183 -0.00926484 0.0033577
-0.0873968 -0.697564 2.43255 0.752343 -0.658716 -0.0084266 0.001708
-0.08382 -0.698115 2.43277 0.750798 -0.660453 -0.00983228 0.00264924
-0.0805569 -0.698495 2.43322 0.749373 -0.662071 -0.00995478 0.00162785
-0.0776432 -0.698234 2.43235 0.747839 -0.663818 -0.00899294 0.00131705
-0.0746267 -0.698048 2.43214 0.746163 -0.665706 -0.00866788 -0.000357517
-0.0713815 -0.69787 2.43158 0.744888 -0.667139 -0.00817066 0.00106013
-0.0679997 -0.698209 2.43248 0.743491 -0.668675 -0.00964733 0.00121573
-0.0647367 -0.698506 2.43226 0.74174 -0.670641 -0.00789796 0.000268417
-0.0614652 -0.699252 2.43407 0.740698 -0.671751 -0.0107665 0.000640145
-0.0581201 -0.699114 2.43287 0.739047 -0.673593 -0.00900508 0.000189608
-0.0547724 -0.699566 2.4338 0.737202 -0.675596 -0.0101553 -0.000657097
-0.05143 -0.699711 2.43363 0.735558 -0.677402 -0.00900156 -0.000850977
-0.0479467 -0.700148 2.43419 0.733563 -0.679544 -0.0102414 0.000518762
-0.0443178 -0.700308 2.43335 0.731452 -0.68183 -0.00924106 0.000860873
-0.0411188 -0.700737 2.43382 0.729488 -0.683938 -0.00867218 0.000917694
-0.0383667 -0.701202 2.4335 0.726864 -0.686743 -0.00721676 -3.37555e-06
-0.0353179 -0.701415 2.43164 0.724393 -0.689353 -0.00670126 0.00131345
-0.0321698 -0.702643 2.43327 0.722269 -0.691583 -0.00633674 -7.7867e-05
-0.0291409 -0.703194 2.43339 0.720294 -0.693629 -0.00738844 -0.000150855
-0.0261983 -0.703576 2.43442 0.718875 -0.695086 -0.00849377 0.00154375
-0.0233685 -0.703295 2.43308 0.716948 -0.69709 -0.00706698 -0.000406072
-0.0205183 -0.704111 2.43585 0.714926 -0.699166 -0.00555916 -0.00420689
-0.0176829 -0.703343 2.43352 0.712881 -0.701254 -0.00593796 -0.00292525
-0.0145013 -0.702943 2.43218 0.711412 -0.70262 -0.0130998 0.00687319
-0.0115544 -0.700861 2.42381 0.708376 -0.705804 -0.000986432 0.00662033
-0.0077748 -0.705774 2.44158 -0.706936 0.707213 0.00668101 0.00678904
-0.00560261 -0.703734 2.43462 -0.70508 0.709085 -0.00129947 0.00769091
-0.00233412 -0.70314 2.43296 -0.703966 0.710145 0.0110835 0.00155751
0.00070453 -0.703757 2.43504 -0.701146 0.712972 0.00794642 0.00121651
0.00401381 -0.703978 2.43568 -0.70009 0.713991 0.00944927 -0.000894058
0.00665337 -0.703185 2.43367 -0.698412 0.715669 0.00621849 -0.000278947
0.00578153 -0.703611 2.43516 -0.697629 0.716436 0.00399962 0.00408441
0.0039495 -0.703458 2.43433 -0.698515 0.715579 0.00468166 0.00139874
0.00354084 -0.703747 2.43536 -0.698578 0.715503 0.00657315 0.00138901
0.00350966 -0.703878 2.43591 -0.698289 0.71578 0.00681143 0.0025047
0.00390448 -0.703574 2.43519 -0.698279 0.715796 0.00612437 0.00206424
0.00394667 -0.703782 2.43579 -0.698176 0.715893 0.00663796 0.00187621
0.00377563 -0.703999 2.43652 -0.697906 0.716159 0.00587356 0.00297888
0.00368043 -0.703775 2.43594 -0.697984 0.71608 0.00623209 0.00297729
0.00390142 -0.703216 2.43384 -0.698294 0.715786 0.00593791 7.78121e-05
0.00389436 -0.703754 2.43571 -0.69783 0.716237 0.00560873 0.0026795
0.00373872 -0.703709 2.43548 -0.697755 0.716311 0.0046605 0.00389767
0.00374418 -0.703819 2.43578 -0.697944 0.716128 0.00548152 0.00240273
0.00389311 -0.703339 2.4346 -0.698219 0.715857 0.0061409 0.00100736
0.00387255 -0.703738 2.43581 -0.697908 0.716161 0.00561792 0.00253053
0.00374178 -0.70384 2.43619 -0.697963 0.716098 0.00632173 0.00341329
0.00368041 -0.703927 2.4363 -0.697998 0.716063 0.00672044 0.00283115
0.00384948 -0.703965 2.43662 -0.698011 0.716048 0.00680368 0.003061
0.00381436 -0.703502 2.43505 -0.697914 0.716157 0.00541108 0.00255464
0.00373933 -0.703715 2.43567 -0.697857 0.71621 0.00559568 0.0028475
0.00376105 -0.703597 2.43543 -0.698151 0.715919 0.00666717 0.000946402
0.00385404 -0.703563 2.43527 -0.698253 0.715815 0.00716848 0.00088716
0.00380306 -0.703548 2.4351 -0.698025 0.716048 0.00566183 0.00197794
0.00377742 -0.703652 2.43521 -0.697952 0.716123 0.0051192 0.00196165
0.00380684 -0.703438 2.43488 -0.698138 0.715931 0.00674258 0.00084769
0.00391116 -0.703174 2.43389 -0.698393 0.71568 0.00695798 -0.000777365
0.00373994 -0.703749 2.43594 -0.697908 0.716155 0.0060125 0.00314293
0.00371607 -0.703871 2.43588 -0.697636 0.716426 0.0045544 0.00414029
0.00376624 -0.703894 2.43623 -0.697972 0.716094 0.00629056 0.00232906
0.00387891 -0.703655 2.43556 -0.698214 0.715858 0.0066996 0.000200266
0.00380208 -0.703506 2.4351 -0.697933 0.716139 0.00549834 0.00181995
0.00385168 -0.703624 2.43542 -0.697947 0.716126 0.00538523 0.00215445
0.00380483 -0.703543 2.43506 -0.69814 0.715932 0.00635726 0.00160139
0.00382457 -0.703659 2.43534 -0.69793 0.716141 0.0053622 0.00278084
0.00374482 -0.703775 2.43577 -0.697663 0.716401 0.00481598 0.00360456
0.00385142 -0.703354 2.43442 -0.698211 0.715858 0.00694427 -4.08399e-05
0.00380285 -0.703549 2.43512 -0.698028 0.716044 0.00604632 0.00147663
0.00376114 -0.70379 2.43597 -0.697936 0.716132 0.0059572 0.00228983
0.00377891 -0.703662 2.43558 -0.698175 0.715896 0.00656882 0.00129432
0.00376807 -0.703709 2.43568 -0.697859 0.71621 0.00521006 0.00280858
0.00382528 -0.703476 2.43493 -0.697898 0.716175 0.00514268 0.00228775
0.00380348 -0.703604 2.43532 -0.697799 0.716269 0.00534979 0.00261758
0.00376593 -0.703878 2.43614 -0.697824 0.716235 0.00619924 0.00318967
0.00381693 -0.703836 2.43602 -0.698118 0.715952 0.00637898 0.00178969
0.00378215 -0.703722 2.43573 -0.697952 0.716119 0.00537799 0.00265122
0.00378262 -0.703905 2.43628 -0.697838 0.716231 0.00530235 0.00264744
0.00377113 -0.703683 2.43557 -0.698058 0.716009 0.00645617 0.00195553
0.00378949 -0.703719 2.43566 -0.697948 0.716119 0.00593722 0.00267628
0.00387297 -0.703861 2.43616 -0.698236 0.715828 0.00742604 0.000754148
0.00378979 -0.703757 2.43582 -0.697876 0.716191 0.00584221 0.00252333
0.00379212 -0.703555 2.43516 -0.697935 0.716132 0.00596628 0.00235239
0.00378173 -0.703778 2.43585 -0.698194 0.715874 0.00665187 0.00222044
0.0038101 -0.703481 2.43487 -0.697994 0.716082 0.00547029 0.00108596
0.00377168 -0.703741 2.4359 -0.697797 0.716265 0.00577852 0.0031444
0.00380917 -0.703794 2.436 -0.698097 0.715971 0.00641398 0.00232398
0.00376425 -0.703652 2.43557 -0.698064 0.716006 0.00617849 0.00211067
0.00379388 -0.703631 2.43545 -0.697897 0.716171 0.0057935 0.00217635
0.00380625 -0.703728 2.43563 -0.698146 0.715923 0.00674611 0.00101444
0.0037764 -0.703671 2.43549 -0.697896 0.716177 0.00525381 0.00219905
0.00380467 -0.703865 2.4362 -0.697888 0.71618 0.00553755 0.00278839
0.00378671 -0.703632 2.43569 -0.697904 0.716162 0.00618557 0.00211928
0.00374053 -0.70371 2.43569 -0.697867 0.716201 0.00555693 0.00269007
0.00380418 -0.70383 2.43622 -0.697815 0.716248 0.00549108 0.00370534
0.00379179 -0.703703 2.43582 -0.697996 0.716068 0.00679435 0.00140422
0.00381744 -0.703829 2.43609 -0.698019 0.716048 0.00621914 0.0023685
0.00374134 -0.703816 2.43609 -0.698054 0.716013 0.0063888 0.0024874
0.00385392 -0.703603 2.43533 -0.698115 0.715955 0.00656929 0.00141428
0.00384784 -0.703893 2.43652 -0.697873 0.716185 0.00687926 0.00240329
