-0.00353146 7.83237e-05 0.00143794 -0.000378716 -6.81087e-05 -0.000591144 1
9.26389e-05 0.000948358 -0.000449104 -0.000232691 0.000177865 0.000190288 1
-0.000144544 0.000835488 -0.00185371 -0.000725526 -1.33186e-06 -0.000459287 1
-0.00230833 0.00030011 0.0010081 -0.000513733 -7.89828e-05 -0.00140083 0.999999
-0.000831093 0.00118409 -0.000389996 -0.000749971 -0.000215255 -0.00138815 0.999999
0.000661163 0.00207285 -0.000908809 -0.000846364 -0.000191588 -0.00164366 0.999998
-0.00224367 0.000370917 0.00103433 -0.000490799 -0.000127691 -0.000875999 0.999999
-0.000509922 0.000445813 -0.00114365 -0.000334446 0.00026621 0.000225495 1
-0.00168363 6.48182e-05 0.000333534 -0.000754255 -2.63779e-05 -0.00157273 0.999998
-0.00474555 -0.00212803 0.00473285 0.000617131 0.000623603 0.000251202 1
-0.000899825 0.0012049 -0.00077838 -0.000842284 -0.000172971 -0.00131347 0.999999
-0.00548165 -0.00105482 0.00413572 0.000440934 0.000166501 -0.000536239 1
-0.00280055 -0.000355438 0.00166464 9.49713e-05 0.000295161 0.000213391 1
-0.007389 0.000901828 0.00462057 0.000359045 -0.000258545 -0.000493628 1
-0.00106092 -0.000769928 0.00124828 -0.000288019 0.000288433 -0.000425473 1
-0.00207715 3.44557e-05 -0.000144881 -0.000339637 0.000225654 2.46894e-06 1
-0.00844107 0.00104518 0.00532186 0.000204325 -0.000323609 -0.00134731 0.999999
0.00304026 -0.000523038 -0.000251234 -0.00128883 0.00283058 -0.000189382 0.999995
0.0184924 -0.00197568 0.00114541 0.000770637 0.0195578 -1.59435e-05 0.999808
0.0230376 -0.00293712 0.0068185 0.00262195 0.0302123 -0.00147672 0.999539
0.0312822 -0.0029775 0.00779051 0.00248983 0.0409514 -0.00264718 0.999155
0.0382194 -0.00159745 0.00990459 0.00242717 0.0507702 -0.00387014 0.9987
0.0497471 0.00113866 0.00999067 0.00246731 0.0606067 -0.00479096 0.998147
0.0662351 0.00672297 0.00861789 0.00226897 0.0724148 -0.0050491 0.997359
0.0829928 0.010931 0.0079457 0.00293313 0.0865152 -0.00500114 0.996234
0.100379 0.0129103 0.00535451 0.00231979 0.0974229 -0.0054833 0.995225
0.114847 0.0199932 0.00271685 0.0015172 0.106302 -0.00773077 0.994303
0.125771 0.021755 0.00145965 0.00134905 0.117078 -0.00842551 0.993086
0.138093 0.0274572 -0.000129651 0.00138259 0.12758 -0.00904275 0.991786
0.15319 0.0325304 -0.000602009 0.00267189 0.13833 -0.00810586 0.990349
0.164637 0.0356849 0.000320383 0.00301375 0.147909 -0.00859694 0.988959
0.177991 0.0407284 -0.00198351 0.00225567 0.158602 -0.00890468 0.9873
0.188444 0.0451155 -0.00187571 0.00225018 0.170367 -0.00956582 0.985332
0.196815 0.0486545 -0.000444647 0.00196285 0.182163 -0.0107612 0.983208
0.207976 0.0549234 -0.00213099 0.00148844 0.193277 -0.0112394 0.981079
0.214446 0.0557614 0.0019737 0.00278773 0.20318 -0.0111754 0.979074
0.225778 0.062277 0.000812497 0.00207659 0.213492 -0.0125734 0.976862
0.23759 0.0686679 0.00112316 0.00197696 0.223747 -0.0137884 0.974548
0.245617 0.0748376 -0.000346635 0.000982443 0.233087 -0.0150415 0.972339
0.25568 0.0819331 0.000375115 0.000791197 0.244068 -0.0169631 0.969609
0.262283 0.0860647 0.00302435 0.000858244 0.253216 -0.0171337 0.967258
0.275221 0.09543 0.000258894 -0.000283735 0.264253 -0.0180554 0.964284
0.286398 0.0999534 0.00232125 0.000169729 0.277106 -0.0178846 0.960673
0.294806 0.10633 0.00194499 -0.00129454 0.288496 -0.0190723 0.95729
0.310675 0.118686 -0.00036467 -0.00176128 0.306232 -0.018573 0.951774
0.319512 0.126112 -0.00447187 -0.00201388 0.314672 -0.0170993 0.949044
0.326013 0.129085 -0.00439822 -0.00237662 0.324572 -0.0173697 0.945698
0.336674 0.138173 -0.00603289 -0.00245226 0.335356 -0.017769 0.941921
0.34469 0.147354 -0.00511584 -0.00174974 0.345004 -0.0177945 0.938431
0.356604 0.156526 -0.00703763 -0.00225018 0.356118 -0.0177818 0.934269
0.366835 0.165703 -0.00747477 -0.00196205 0.368536 -0.0180131 0.929437
0.375361 0.175903 -0.00889522 -0.00217678 0.375511 -0.0174378 0.926651
0.388394 0.187247 -0.0129878 -0.0030467 0.386034 -0.0165157 0.922332
0.397395 0.197027 -0.0136055 -0.00383487 0.39643 -0.0168393 0.917902
0.400643 0.206018 -0.0160119 -0.00570141 0.401039 -0.0179491 0.915867
0.411139 0.212706 -0.0129653 -0.00359485 0.411406 -0.0175825 0.911276
0.413156 0.217827 -0.00951697 -0.00330485 0.417668 -0.0188713 0.908398
0.419181 0.228949 -0.008375 -0.00315125 0.426267 -0.0202047 0.904366
0.424225 0.237477 -0.00925908 -0.00400208 0.431497 -0.0210783 0.901859
0.428953 0.240275 -0.00551798 -0.00231271 0.437221 -0.0206114 0.899115
0.438739 0.251322 -0.00522596 -0.00161558 0.447664 -0.0198911 0.893979
0.443097 0.259214 -0.00489454 -0.00244848 0.454579 -0.0203509 0.89047
0.450781 0.270803 -0.006668 -0.00273757 0.465739 -0.0201915 0.884687
0.456368 0.281506 -0.00953634 -0.00257651 0.47397 -0.0191615 0.880329
0.461978 0.293055 -0.0091277 -0.000609441 0.484016 -0.0179018 0.874876
0.467517 0.301925 -0.00695932 -0.000305558 0.493069 -0.0184803 0.869794
0.468319 0.305605 -0.00407377 0.000157453 0.498937 -0.0195139 0.866419
0.474654 0.317381 -0.00419423 0.000233473 0.507842 -0.0203958 0.861209
0.47674 0.321633 -0.000778842 0.00195741 0.513816 -0.0203775 0.857656
0.481563 0.333353 9.24561e-05 0.00254053 0.522235 -0.020981 0.85254
0.484332 0.340096 0.000413662 0.00303457 0.527086 -0.021723 0.849529
0.486805 0.35293 0.00208461 0.00452088 0.534499 -0.0220031 0.844871
0.488854 0.358526 0.00273648 0.00411036 0.540585 -0.0226586 0.840974
0.492881 0.369621 -0.00185227 0.00417458 0.548112 -0.0220309 0.836104
0.498901 0.380318 0.000463761 0.00588387 0.558081 -0.0217737 0.82948
0.499435 0.383071 0.00309409 0.00601374 0.56486 -0.02211 0.824869
0.504402 0.394038 0.00425018 0.00796834 0.57585 -0.0225903 0.817204
0.505852 0.401841 0.00268032 0.0074711 0.581709 -0.0223467 0.813056
0.51157 0.41811 -0.00122767 0.00748479 0.590459 -0.0223468 0.806723
0.513837 0.425874 -0.00265172 0.0072014 0.596444 -0.0221424 0.802317
0.516544 0.438325 -0.00267921 0.00743555 0.60504 -0.0221934 0.795851
0.516886 0.451737 -0.0051251 0.00802589 0.612724 -0.0221588 0.789945
0.518585 0.461293 -0.00781494 0.00673322 0.619326 -0.0220822 0.784795
0.520359 0.472689 -0.0072867 0.00710812 0.630636 -0.0224994 0.77572
0.521562 0.482952 -0.00980813 0.00648629 0.636604 -0.0225154 0.770835
0.52403 0.497412 -0.00854929 0.0063641 0.646406 -0.0222571 0.762643
0.525918 0.502516 -0.00437255 0.00706453 0.652687 -0.022595 0.757258
0.524634 0.509251 -0.0054653 0.00732223 0.658307 -0.0225297 0.752377
0.525153 0.521139 -0.00670543 0.00719486 0.667298 -0.0225953 0.744414
0.525474 0.53116 -0.00927437 0.00674423 0.673609 -0.0227869 0.738706
0.525957 0.542144 -0.0086472 0.00648002 0.681868 -0.0231219 0.731081
0.527304 0.55223 -0.00959176 0.0049833 0.68744 -0.0233455 0.725849
0.527917 0.566931 -0.0112309 0.00460334 0.694807 -0.0230888 0.718811
0.525291 0.579746 -0.0105017 0.00476574 0.70197 -0.0228822 0.711823
0.524259 0.591468 -0.0145167 0.0041282 0.707147 -0.0220529 0.706711
0.521421 0.60667 -0.0159748 0.00391645 0.7156 -0.0215564 0.698167
0.520839 0.615043 -0.0133641 0.00457092 0.720737 -0.0219228 0.692847
0.518314 0.62406 -0.0108939 0.00352568 0.726918 -0.0226127 0.686343
0.516412 0.628248 -0.00656031 0.00378309 0.731757 -0.023155 0.681161
0.515407 0.642169 -0.00567484 0.00314525 0.739188 -0.0237223 0.673074
0.511207 0.65424 -0.00684138 0.00199809 0.745384 -0.0242886 0.66619
0.508285 0.661843 -0.00711738 0.00112587 0.749627 -0.0247078 0.661398
0.504998 0.674875 -0.00628381 0.00112251 0.756863 -0.0252675 0.653084
0.498529 0.685035 -0.0117907 0.00117676 0.760499 -0.0243616 0.648881
0.499942 0.699924 -0.00878177 0.00133116 0.768191 -0.0248745 0.639736
0.497642 0.707641 -0.0108396 0.000675746 0.773228 -0.0247556 0.633645
0.493102 0.721852 -0.0138853 0.000429595 0.780315 -0.0244191 0.624909
0.490513 0.727509 -0.00980751 0.00148646 0.784918 -0.0249321 0.619096
0.487522 0.739119 -0.00669184 0.0025086 0.792267 -0.0258706 0.609621
0.48789 0.746568 -0.00614833 0.00288733 0.797507 -0.0258015 0.60275
0.484262 0.754546 -0.00762331 0.0024283 0.80129 -0.0260346 0.597704
0.481937 0.766479 -0.00756237 0.00155923 0.807595 -0.0266638 0.589132
0.480171 0.769699 -0.00464318 0.00198766 0.811809 -0.0273803 0.583278
0.474673 0.780703 -0.00433252 0.00176222 0.8171 -0.0275162 0.575836
0.472217 0.787409 -0.00388883 0.00128623 0.821152 -0.0279646 0.570023
0.46926 0.797313 -0.00154345 0.00227688 0.828128 -0.0288547 0.559791
0.467823 0.803143 0.00501405 0.00289424 0.832658 -0.0301938 0.552956
0.463985 0.81276 0.00695184 0.00346687 0.838945 -0.0304133 0.543355
0.458483 0.818652 0.00465834 0.00265335 0.842954 -0.0298127 0.537152
0.452915 0.829507 0.0055099 0.00251658 0.848805 -0.0302977 0.527831
0.447891 0.836019 0.00461205 0.00236783 0.853482 -0.0299554 0.520255
0.440875 0.848119 0.00602805 0.00258553 0.859889 -0.0302491 0.509578
0.436634 0.852755 0.00719557 0.00326596 0.864056 -0.0307276 0.502446
0.429719 0.86163 0.00661715 0.00331837 0.868983 -0.0307377 0.493874
0.423726 0.871053 0.00541697 0.00163975 0.873987 -0.0308388 0.484967
0.420333 0.875954 0.00469159 0.000819969 0.877235 -0.0308458 0.479068
0.40896 0.887798 0.000825713 0.00108097 0.882183 -0.0303917 0.469925
0.403887 0.894607 0.00186917 0.000614462 0.887162 -0.0306078 0.460441
0.394934 0.9015 0.00101617 0.000621904 0.891833 -0.0302029 0.451355
0.388732 0.909023 -0.000487313 0.00103042 0.8947 -0.0293781 0.4457
0.382638 0.915781 0.000556085 0.000411161 0.898933 -0.029959 0.43706
0.371658 0.927484 -0.00230294 0.000233252 0.903314 -0.0295783 0.427959
0.358762 0.936289 -0.00613976 -0.00160678 0.907049 -0.0292529 0.420004
0.347529 0.946086 -0.00735854 -0.00127372 0.911674 -0.0290687 0.409883
0.338576 0.953087 -0.0112477 -0.00152702 0.914033 -0.0287852 0.404614
0.330456 0.961107 -0.00890864 -0.00120228 0.917681 -0.0298331 0.396194
0.313591 0.970928 -0.015858 -0.00177638 0.922012 -0.0287744 0.386086
0.302489 0.981062 -0.017603 -0.0032825 0.926574 -0.0281698 0.375041
0.291639 0.991704 -0.0199564 -0.00274175 0.930721 -0.0277204 0.364668
0.2821 0.999571 -0.0232155 -0.00171863 0.933565 -0.0271652 0.357373
0.272305 1.00674 -0.025365 0.000252084 0.938044 -0.0269657 0.345465
0.264239 1.01505 -0.0282169 -1.79746e-05 0.941397 -0.0268058 0.336234
0.252362 1.02458 -0.0363115 -0.00107504 0.943689 -0.0251646 0.329874
0.2414 1.03003 -0.0386178 -0.00249289 0.946553 -0.0247512 0.321586
0.22475 1.03594 -0.0442115 -0.00228176 0.949147 -0.0243943 0.313879
0.211936 1.03771 -0.0464408 -0.00276944 0.951963 -0.0243428 0.305231
0.206226 1.04235 -0.0453893 -0.00171908 0.95437 -0.0251111 0.297565
0.192153 1.04955 -0.0490474 -0.00148524 0.957534 -0.0247677 0.287251
0.181802 1.05453 -0.0505539 -0.00201236 0.960692 -0.0243289 0.276542
0.176906 1.05612 -0.0499669 -0.00346157 0.9622 -0.0243983 0.271226
0.164702 1.06093 -0.0471854 -0.00353866 0.964863 -0.0259598 0.261443
0.153504 1.0685 -0.0499151 -0.00280498 0.96811 -0.0258641 0.249171
0.141717 1.07353 -0.0501454 -0.00350701 0.970601 -0.0266854 0.239186
0.128966 1.07749 -0.050906 -0.0047506 0.972736 -0.0267132 0.230321
0.118345 1.07993 -0.0544931 -0.00468899 0.974331 -0.026118 0.22355
0.109109 1.08242 -0.056287 -0.00689426 0.976822 -0.0246506 0.212519
0.100207 1.08684 -0.0560333 -0.00705927 0.979456 -0.024435 0.200046
0.0928402 1.086 -0.0568582 -0.00904796 0.980896 -0.0241405 0.192818
0.079614 1.09097 -0.0583938 -0.00720955 0.983424 -0.0247451 0.179478
0.0647286 1.09657 -0.0638963 -0.0070536 0.985508 -0.0231702 0.167891
0.0587129 1.09756 -0.0619848 -0.00766582 0.98676 -0.023004 0.160362
0.0475548 1.10204 -0.0601547 -0.00712728 0.98854 -0.0239271 0.148878
0.0409431 1.09795 -0.0598868 -0.00938267 0.989175 -0.0239711 0.144463
0.0283694 1.09638 -0.0593759 -0.0119281 0.990364 -0.0239538 0.135883
0.0232863 1.09744 -0.0547778 -0.0117057 0.99119 -0.0252573 0.129488
0.0103755 1.09765 -0.0572551 -0.0142608 0.99213 -0.0244081 0.121983
0.000786913 1.09463 -0.0583153 -0.0151921 0.992688 -0.0237257 0.117374
-0.0116561 1.10258 -0.0643322 -0.0141905 0.993809 -0.0223156 0.107912
-0.0243439 1.10197 -0.0651326 -0.0151506 0.99481 -0.0219778 0.0981882
-0.0312778 1.10291 -0.0631543 -0.01584 0.995474 -0.0222061 0.0910386
-0.0402355 1.10303 -0.0637533 -0.016963 0.996062 -0.021716 0.0842657
-0.0564803 1.10111 -0.0697051 -0.0165454 0.996895 -0.0202018 0.0742851
-0.0657777 1.09764 -0.0736623 -0.0185235 0.997227 -0.0187981 0.0695773
-0.0769672 1.0965 -0.0783617 -0.0188973 0.997631 -0.0180219 0.0636362
-0.0873911 1.09496 -0.0791879 -0.0195933 0.998014 -0.0175413 0.0572476
-0.101943 1.09474 -0.0845722 -0.0201835 0.99841 -0.01564 0.0502504
-0.108941 1.0881 -0.0866902 -0.0220539 0.998572 -0.0147122 0.0463837
-0.121012 1.0835 -0.0839828 -0.0234511 0.998881 -0.0156776 0.0379663
-0.128956 1.08142 -0.0830725 -0.0232988 0.999121 -0.0165762 0.0306529
-0.134349 1.07584 -0.0841997 -0.0230174 0.999293 -0.016768 0.0245626
-0.138498 1.07106 -0.0795345 -0.0238777 0.999363 -0.018158 0.019317
-0.147338 1.07079 -0.0784695 -0.0246809 0.999459 -0.0183465 0.0116331
-0.161948 1.06877 -0.0818302 -0.0253308 0.999527 -0.0173895 0.00163745
-0.172808 1.06809 -0.0878943 -0.0254348 0.999534 -0.0161557 -0.00493621
-0.181271 1.0659 -0.0882012 -0.0254859 0.99948 -0.0163541 -0.0110831
-0.191585 1.06804 -0.0851267 -0.0278181 0.999291 -0.0175091 -0.0183652
-0.196329 1.06527 -0.0758933 -0.0289045 0.999065 -0.0208105 -0.0245035
-0.20177 1.06316 -0.0749558 -0.0296243 0.998875 -0.0214155 -0.0302138
-0.208815 1.06416 -0.0734065 -0.03065 0.998606 -0.0218377 -0.037001
-0.220638 1.06285 -0.0736387 -0.0316987 0.99818 -0.0216786 -0.0465047
-0.228222 1.06384 -0.0723821 -0.0324281 0.997749 -0.0220015 -0.0544224
-0.234395 1.06243 -0.0656551 -0.0326778 0.997223 -0.0243599 -0.0623293
-0.237522 1.06174 -0.0674748 -0.0332718 0.996694 -0.0235381 -0.0702873
-0.248206 1.06153 -0.0700142 -0.0326474 0.995999 -0.0226382 -0.0800532
-0.252637 1.05706 -0.0609564 -0.0320327 0.995291 -0.0257846 -0.0877737
-0.263615 1.0537 -0.0631914 -0.0319401 0.994371 -0.0248875 -0.097907
-0.276102 1.05207 -0.0600853 -0.0315966 0.993468 -0.0266458 -0.106364
-0.287269 1.05207 -0.05763 -0.0309363 0.992353 -0.0282335 -0.116105
-0.300116 1.05071 -0.0574272 -0.031177 0.991358 -0.0289151 -0.124104
-0.309394 1.04839 -0.0573329 -0.030962 0.990416 -0.0291521 -0.131407
-0.319593 1.04488 -0.0596535 -0.0310589 0.989426 -0.0290707 -0.138656
-0.327084 1.04252 -0.0604075 -0.0305643 0.988139 -0.0298293 -0.147503
-0.332425 1.04199 -0.0569851 -0.0302777 0.987049 -0.031285 -0.154401
-0.342222 1.03926 -0.057313 -0.0298026 0.985929 -0.0318016 -0.161384
-0.348769 1.03721 -0.0573601 -0.0296984 0.984601 -0.031659 -0.169342
-0.351297 1.03598 -0.0552303 -0.0305402 0.983067 -0.0318012 -0.177866
-0.354847 1.03284 -0.0513581 -0.0307016 0.981605 -0.032493 -0.185618
-0.361783 1.03054 -0.0522703 -0.0297227 0.98005 -0.0333183 -0.193672
-0.368992 1.02729 -0.0517393 -0.0296181 0.978354 -0.033283 -0.202086
-0.3771 1.02575 -0.0476837 -0.0291393 0.976552 -0.0345836 -0.210478
-0.384442 1.02117 -0.048227 -0.0287973 0.974962 -0.0346306 -0.217764
-0.392613 1.0167 -0.0499132 -0.0284311 0.973607 -0.0345452 -0.223802
-0.399734 1.01156 -0.0502651 -0.0297884 0.972236 -0.0347408 -0.229486
-0.407449 1.00715 -0.0521412 -0.0292648 0.970746 -0.0347416 -0.235772
-0.416123 1.0024 -0.0525422 -0.0294342 0.969171 -0.0350563 -0.2421
-0.422539 0.998398 -0.0525222 -0.0295128 0.96769 -0.0351537 -0.247931
-0.435486 0.990569 -0.0563818 -0.0287639 0.965149 -0.0354304 -0.257692
-0.445595 0.9818 -0.0614319 -0.0287282 0.963143 -0.0347547 -0.265185
-0.44789 0.976004 -0.0576332 -0.0290871 0.961325 -0.0351748 -0.271608
-0.451186 0.974312 -0.0553102 -0.0287383 0.95941 -0.0356333 -0.278274
-0.454174 0.972088 -0.052873 -0.0279575 0.957247 -0.0362726 -0.285623
-0.458089 0.97045 -0.0513952 -0.027989 0.954875 -0.0363059 -0.293448
-0.466856 0.963648 -0.0499778 -0.028755 0.952137 -0.0364335 -0.302127
-0.477388 0.960724 -0.0382337 -0.0290583 0.949509 -0.0385771 -0.309999
-0.482739 0.956606 -0.0384732 -0.029275 0.947213 -0.0386286 -0.31692
-0.482883 0.955263 -0.0332628 -0.0295396 0.944622 -0.0399249 -0.32438
-0.492794 0.945594 -0.0368016 -0.0289665 0.941541 -0.0397207 -0.333292
-0.50065 0.939478 -0.0381083 -0.0295516 0.939249 -0.0390956 -0.339721
-0.504771 0.933981 -0.0387298 -0.0296827 0.93705 -0.0390996 -0.345726
-0.515331 0.923843 -0.0414615 -0.0290094 0.933253 -0.03903 -0.355913
-0.520045 0.917794 -0.0422798 -0.0286453 0.930379 -0.0392014 -0.363369
-0.522755 0.915564 -0.0402681 -0.0293578 0.92724 -0.0390373 -0.371269
-0.532484 0.904624 -0.0432701 -0.0281692 0.922473 -0.0390133 -0.383051
-0.539711 0.892479 -0.0493164 -0.0275252 0.920066 -0.0379223 -0.388951
-0.549104 0.881862 -0.0491235 -0.0269758 0.915745 -0.0381042 -0.399038
-0.555586 0.870206 -0.0554746 -0.0263071 0.912622 -0.0372711 -0.40625
-0.564662 0.860719 -0.0583192 -0.0258679 0.908191 -0.0375283 -0.416068
-0.574224 0.845718 -0.0641018 -0.025005 0.9051 -0.0371153 -0.422838
-0.581267 0.831612 -0.0673679 -0.0256637 0.900123 -0.0366428 -0.433333
-0.585892 0.824841 -0.0677495 -0.0258925 0.897543 -0.0358523 -0.438703
-0.595166 0.810061 -0.0732315 -0.02528 0.892521 -0.0353766 -0.448904
-0.601715 0.799612 -0.0806311 -0.024484 0.888645 -0.0334553 -0.456719
-0.609959 0.779588 -0.0896894 -0.0237924 0.882722 -0.0317664 -0.468216
-0.611916 0.773147 -0.0898319 -0.0238666 0.87904 -0.0312546 -0.475122
-0.61823 0.758586 -0.0927225 -0.0239094 0.873108 -0.0301625 -0.486006
-0.61974 0.748989 -0.094391 -0.0247528 0.868827 -0.0296232 -0.493609
-0.625146 0.735903 -0.0974755 0.0252751 -0.863798 0.0285522 0.502393
-0.627815 0.72669 -0.0978978 0.0261921 -0.860595 0.0281538 0.507836
-0.634464 0.710946 -0.099968 0.0262117 -0.855876 0.0278545 0.515766
-0.637433 0.695571 -0.105188 0.0254106 -0.851423 0.0277933 0.523126
-0.638727 0.685756 -0.107245 0.0252547 -0.848572 0.0274914 0.527762
-0.64213 0.675255 -0.104898 0.0258722 -0.843011 0.0285624 0.536515
-0.64335 0.662859 -0.107672 0.0257237 -0.837515 0.0283835 0.54507
-0.645172 0.653315 -0.109439 0.0256498 -0.833796 0.0281844 0.550756
-0.647742 0.640398 -0.110296 0.0255706 -0.827961 0.0277221 0.559517
-0.649528 0.630483 -0.113095 0.0259869 -0.825201 0.0269471 0.563597
-0.652842 0.61734 -0.114815 0.0263768 -0.819309 0.0272204 0.572098
-0.65672 0.604949 -0.115359 0.0278674 -0.812347 0.0277872 0.581846
-0.656502 0.601215 -0.112744 0.0284673 -0.808617 0.0280072 0.586979
-0.655432 0.581748 -0.119273 0.0295147 -0.80404 0.0256757 0.593286
-0.657182 0.570378 -0.119079 0.0301415 -0.798049 0.0263304 0.601262
-0.654663 0.566907 -0.117667 0.0307019 -0.794659 0.0249818 0.605764
-0.651831 0.551998 -0.122384 0.0303631 -0.787941 0.0244774 0.614515
-0.651287 0.542465 -0.120572 0.030855 -0.780181 0.0246055 0.624308
-0.650496 0.534047 -0.119019 0.0317534 -0.77546 0.0250718 0.630099
-0.651108 0.522838 -0.119925 0.0314088 -0.769503 0.0256028 0.637357
-0.651224 0.515193 -0.119444 0.032069 -0.762987 0.0246878 0.645146
-0.654372 0.509236 -0.119169 0.032646 -0.758059 0.0244763 0.650909
-0.655787 0.496917 -0.11916 0.033028 -0.751435 0.0256526 0.658481
-0.656208 0.482838 -0.121604 0.0333527 -0.744596 0.0249173 0.666216
-0.655128 0.473148 -0.120958 0.0344765 -0.738792 0.0241602 0.672617
-0.655744 0.466131 -0.120867 0.0344338 -0.734493 0.0243821 0.677303
-0.656128 0.450709 -0.123025 0.0341009 -0.726945 0.0242432 0.685419
-0.65601 0.441605 -0.121012 0.0343866 -0.718633 0.024596 0.694103
-0.65571 0.429975 -0.121096 0.0342104 -0.710286 0.0245469 0.702653
-0.655767 0.414988 -0.121656 0.0340981 -0.700685 0.0250142 0.712216
-0.656787 0.403374 -0.119788 0.0333797 -0.692078 0.0250891 0.720614
-0.656421 0.393637 -0.117909 0.034188 -0.684405 0.0251016 0.727868
-0.6571 0.383655 -0.115942 0.0343096 -0.675832 0.0251976 0.735825
-0.65533 0.378779 -0.115877 0.0347558 -0.671524 0.0239205 0.739781
-0.655202 0.364893 -0.115689 0.0343531 -0.662741 0.0253852 0.747629
-0.653351 0.351546 -0.117049 0.0340066 -0.652967 0.0261435 0.75617
-0.649849 0.344888 -0.113298 0.0343284 -0.644483 0.0276179 0.763348
-0.649523 0.340958 -0.111398 0.0340825 -0.638419 0.0273966 0.768446
-0.64672 0.333 -0.108461 0.0340559 -0.630558 0.0278579 0.774894
-0.642465 0.319757 -0.111541 0.0335443 -0.623743 0.0286072 0.780385
-0.637662 0.308548 -0.112241 0.0338824 -0.615954 0.0276258 0.786568
-0.63242 0.299125 -0.114746 0.0338516 -0.608256 0.0274686 0.792543
-0.629604 0.292289 -0.116212 0.0343345 -0.603661 0.0267773 0.796051
-0.623434 0.279976 -0.118087 0.0340618 -0.596851 0.0268237 0.80118
-0.618242 0.266468 -0.120535 0.0343124 -0.589439 0.0261626 0.806659
-0.616188 0.259584 -0.119013 0.0342458 -0.580634 0.0260465 0.813027
-0.611061 0.247709 -0.119094 0.0343414 -0.570973 0.0259503 0.81984
-0.605182 0.235087 -0.121149 0.0341205 -0.560442 0.0255256 0.827097
-0.599796 0.223209 -0.122304 0.0342547 -0.552329 0.0251831 0.832541
-0.595453 0.216237 -0.123145 0.0342024 -0.543587 0.0242291 0.838306
-0.589117 0.202371 -0.122984 0.0350296 -0.531986 0.0245136 0.845673
-0.578613 0.184712 -0.126061 0.0348949 -0.519865 0.024846 0.853174
-0.569027 0.170714 -0.126616 0.0358433 -0.509427 0.0261194 0.85937
-0.561847 0.16041 -0.126402 0.0366948 -0.498737 0.0241618 0.865639
-0.550565 0.144908 -0.126657 0.0366047 -0.48202 0.0260694 0.875007
-0.540906 0.131835 -0.127332 0.0363163 -0.467913 0.0261657 0.88264
-0.53048 0.115801 -0.128156 0.0361544 -0.451815 0.0266601 0.89098
-0.521145 0.104965 -0.130137 0.0355843 -0.442499 0.0253865 0.895703
-0.51305 0.0953316 -0.131086 0.034974 -0.432995 0.0252817 0.900363
-0.499918 0.0801591 -0.132201 0.0355055 -0.420749 0.0250623 0.906135
-0.494178 0.0711575 -0.130703 0.0364382 -0.410118 0.0252375 0.910955
-0.486818 0.0632213 -0.131293 0.0359623 -0.398366 0.0249111 0.916183
-0.477241 0.0526186 -0.130374 0.0358939 -0.382517 0.0261857 0.92288
-0.467777 0.0442398 -0.13251 0.035314 -0.37306 0.0255262 0.926783
-0.45609 0.0333056 -0.136464 0.0337906 -0.360802 0.0257113 0.931676
-0.445584 0.0259674 -0.138268 0.0337965 -0.349371 0.025511 0.936027
-0.432758 0.0174189 -0.139873 0.0334744 -0.336708 0.0246793 0.94069
-0.423269 0.0086272 -0.141251 0.0334004 -0.32711 0.0242286 0.944085
-0.412186 0.000910809 -0.142812 0.0326142 -0.317375 0.024943 0.947411
-0.399477 -0.007025 -0.145461 0.0319287 -0.307019 0.025174 0.950835
-0.393097 -0.0106512 -0.143951 0.0318464 -0.296696 0.0247797 0.954119
-0.381422 -0.01696 -0.145771 0.0310158 -0.287641 0.0256932 0.956891
-0.370951 -0.0221998 -0.145094 0.0306947 -0.27471 0.0250132 0.960711
-0.355323 -0.0256479 -0.149153 0.0300479 -0.265684 0.0241433 0.963289
-0.344076 -0.0305742 -0.151293 0.0294214 -0.256254 0.0228914 0.96589
-0.328721 -0.0368048 -0.153819 0.0291068 -0.245251 0.0225267 0.968761
-0.318411 -0.0414511 -0.154636 0.0282432 -0.236959 0.0233347 0.970829
-0.304276 -0.0473195 -0.157183 0.0278457 -0.227154 0.0231658 0.973185
-0.28947 -0.0541683 -0.159006 0.0272701 -0.211516 0.0232958 0.976716
-0.276646 -0.0580459 -0.161306 0.026503 -0.200294 0.0238564 0.979087
-0.263645 -0.0631615 -0.162303 0.0258641 -0.188337 0.0243668 0.981461
-0.250173 -0.0665451 -0.1646 0.0254574 -0.178009 0.0254824 0.983369
-0.235251 -0.0726352 -0.165625 0.0253775 -0.163874 0.0250514 0.985837
-0.216781 -0.0776891 -0.170003 0.0238685 -0.153049 0.0249829 0.987614
-0.20318 -0.0832691 -0.168603 0.0241678 -0.139561 0.0256131 0.989587
-0.189713 -0.0876533 -0.170696 0.0236936 -0.12792 0.0257282 0.991168
-0.174006 -0.0909036 -0.172043 0.0231362 -0.112312 0.0262625 0.993056
-0.162684 -0.0915279 -0.172411 0.0222981 -0.100992 0.0259674 0.994298
-0.143781 -0.0903124 -0.177588 0.0212007 -0.0911213 0.0250901 0.995298
-0.123708 -0.094392 -0.179325 0.0206379 -0.0746649 0.0251282 0.996678
-0.121373 -0.0954465 -0.177235 0.020302 -0.0705543 0.0248993 0.99699
-0.121856 -0.084997 -0.178099 0.0208546 -0.0736628 0.0243631 0.996767
-0.119219 -0.0953531 -0.179675 0.0205821 -0.0720346 0.0245926 0.996886
-0.116326 -0.0951549 -0.182575 0.0201461 -0.0722502 0.024431 0.996884
-0.11977 -0.0940391 -0.178579 0.0208009 -0.0726029 0.0235472 0.996866
-0.120755 -0.0947621 -0.178976 0.0206999 -0.07256 0.0234953 0.996872
-0.123818 -0.0953835 -0.177243 0.0209786 -0.0725213 0.0243824 0.996848
-0.119156 -0.0938745 -0.178378 0.0208095 -0.0727029 0.0236635 0.996856
-0.123004 -0.0943599 -0.177039 0.0211179 -0.0727399 0.0242136 0.996833
-0.116796 -0.0961721 -0.179506 0.0209393 -0.0719728 0.0254879 0.996861
