0.000535474 0.000248791 -0.000286096 -0.000670392 -5.26855e-05 -0.000161617 1
-0.000171307 0.000492695 -0.000255826 -0.000667312 -0.000142619 -0.000337854 1
0.000180951 0.000247644 -0.000236473 -0.000645384 -6.69518e-05 -0.000215687 1
0.00109169 0.000952262 -0.00184773 -0.000965127 -0.000200924 -0.00030015 0.999999
0.000341277 0.000390775 -0.000301234 -0.000677428 -0.000107747 -0.000287928 1
0.00139366 0.000908779 -0.00181674 -0.000955587 -0.000196228 -0.000332003 0.999999
-2.70622e-05 0.000427861 -0.000122303 -0.000637641 -0.000137044 -0.000354575 1
-0.00011594 0.000389075 -8.80425e-05 -0.000645349 -0.000111868 -0.000282038 1
0.000112404 0.000249042 -0.000274122 -0.000680584 -6.50053e-05 -0.000216281 1
0.000861587 0.000355301 -0.000858007 -0.000759314 -0.000108761 -0.000315415 1
-0.000316677 0.000987439 0.000272783 -0.000578359 -0.000220168 -0.000323664 1
0.000356672 0.00050811 -0.00046697 -0.000701802 -0.000120616 -0.000247883 1
8.05929e-05 0.000429927 -0.000277295 -0.000681417 -0.000110132 -0.000260291 1
-1.30147e-05 0.000349599 -9.9235e-05 -0.000649614 -0.000106242 -0.000301843 1
-0.000325457 0.000267006 0.000153351 -0.000602302 -8.67355e-05 -0.000260077 1
0.00663607 -0.000488872 0.00619193 0.000155576 0.00688794 0.000459656 0.999976
0.0200043 0.0016164 0.00576138 -0.000191392 0.0182855 -0.000963166 0.999832
0.0336845 0.00535353 0.00481309 -0.000695206 0.0281494 -0.00206278 0.999601
0.045319 0.00524133 0.00862482 0.00102959 0.0436443 -0.00145557 0.999046
0.0587955 0.00774928 0.00733908 0.00143155 0.0537899 7.24145e-05 0.998551
0.0813203 0.0103889 0.00786451 0.00171481 0.0672836 -0.00111708 0.997732
0.0939636 0.0151823 0.00850245 0.00221055 0.0757575 -0.00231805 0.997121
0.110741 0.020535 0.00563428 0.00213163 0.0846201 -0.00306903 0.996406
0.125187 0.026001 0.00225618 0.00152679 0.0950401 -0.00354992 0.995466
0.140886 0.0300172 0.000838274 0.00123519 0.110859 -0.00273992 0.993832
0.154004 0.0348587 0.000282277 0.000427154 0.121595 -0.00419539 0.992571
0.16387 0.0394121 0.000886726 -2.67097e-05 0.131898 -0.00542219 0.991248
0.176389 0.0437758 0.000732291 -0.000255748 0.14322 -0.00610857 0.989672
0.189836 0.0498942 -0.0010638 2.78813e-05 0.154247 -0.007228 0.988006
0.201664 0.0555299 -0.00217731 0.00035927 0.163301 -0.00816216 0.986542
0.216881 0.0620894 -0.00173644 0.000129639 0.17496 -0.00950641 0.98453
0.232422 0.0730051 -0.00791802 -0.0013513 0.184266 -0.00997773 0.982825
0.245316 0.0791875 -0.0108997 -0.00208438 0.194897 -0.0101985 0.980768
0.262968 0.0889645 -0.0122594 -0.00193408 0.212739 -0.010505 0.977051
0.275584 0.0969246 -0.0139086 -0.00206053 0.223184 -0.00919164 0.974731
0.286619 0.103465 -0.0152757 -0.00320805 0.23325 -0.0105759 0.972354
0.297559 0.110354 -0.0149793 -0.00432434 0.24383 -0.0124065 0.969729
0.308004 0.116315 -0.0145267 -0.00450972 0.254073 -0.0135457 0.96708
0.315896 0.122748 -0.0136192 -0.00514815 0.265127 -0.0152484 0.964079
0.331019 0.131502 -0.0124164 -0.00483405 0.279036 -0.0157982 0.960139
0.338486 0.137638 -0.011193 -0.00593281 0.289789 -0.0167928 0.956925
0.354238 0.149458 -0.0122973 -0.00568824 0.310555 -0.0168182 0.95039
0.368401 0.160942 -0.0127882 -0.00605392 0.327561 -0.0164754 0.944667
0.378123 0.171868 -0.010555 -0.00572117 0.342048 -0.0178857 0.939495
0.395862 0.186174 -0.013034 -0.00575942 0.355206 -0.0180553 0.934596
0.406944 0.197101 -0.0118213 -0.00532756 0.367164 -0.0181548 0.929964
0.416423 0.209164 -0.0123627 -0.00575855 0.375197 -0.0187097 0.926738
0.426912 0.221872 -0.0118256 -0.00528518 0.38904 -0.0185983 0.921018
0.437566 0.231916 -0.0142142 -0.00536762 0.399437 -0.0180741 0.916567
0.446763 0.244884 -0.0130209 -0.00589658 0.412062 -0.0190272 0.910938
0.454802 0.261444 -0.0161422 -0.00688763 0.420453 -0.0193057 0.907083
0.461604 0.273761 -0.0169818 -0.00794939 0.43069 -0.0200384 0.902242
0.470008 0.288643 -0.0152047 -0.00716685 0.442864 -0.0216391 0.896299
0.478024 0.300596 -0.0155402 -0.00719417 0.451445 -0.0213085 0.892016
0.486797 0.314457 -0.0128246 -0.0066195 0.463262 -0.0224628 0.885912
0.493182 0.324824 -0.0113924 -0.00615408 0.473318 -0.0226448 0.880579
0.498671 0.338261 -0.0123113 -0.00648447 0.484612 -0.0232272 0.874397
0.504557 0.353453 -0.0107541 -0.00468586 0.4969 -0.0234672 0.867478
0.511517 0.364085 -0.00769696 -0.0025279 0.505137 -0.0239251 0.862704
0.517053 0.38117 -0.00979623 -0.00360943 0.516828 -0.025142 0.855712
0.523199 0.394076 -0.00970567 -0.00273091 0.525986 -0.0257011 0.850101
0.527675 0.40793 -0.0112806 -0.00211589 0.535993 -0.0256871 0.843829
0.534716 0.425966 -0.0106455 0.000142 0.546854 -0.026562 0.836807
0.542514 0.442215 -0.0125339 0.000637359 0.557683 -0.0253394 0.829667
0.5486 0.459011 -0.0136722 0.00232981 0.571562 -0.0246611 0.820185
0.551561 0.471125 -0.0140361 0.00260041 0.580963 -0.024292 0.813563
0.5558 0.486633 -0.0115368 0.00423535 0.594457 -0.0253335 0.803717
0.55663 0.496535 -0.0107717 0.00382618 0.602982 -0.026729 0.797298
0.560585 0.507053 -0.00891127 0.00392526 0.612649 -0.0277098 0.789859
0.565939 0.52477 -0.00954722 0.00468367 0.624619 -0.0276019 0.780428
0.569137 0.539558 -0.0109967 0.00482208 0.634428 -0.0273057 0.772484
0.571912 0.553279 -0.0121415 0.00416107 0.644441 -0.0272014 0.764159
0.573445 0.567153 -0.0139921 0.00393615 0.653882 -0.0268401 0.75611
0.575538 0.582216 -0.0140366 0.00402508 0.666687 -0.026401 0.744859
0.575029 0.59378 -0.0128177 0.00394407 0.673874 -0.0266943 0.738354
0.574056 0.606945 -0.0138313 0.00306231 0.681466 -0.0268698 0.73135
0.575436 0.624291 -0.0140268 0.00410455 0.691752 -0.0275286 0.721598
0.576513 0.634975 -0.0127334 0.00387044 0.698746 -0.0278348 0.714818
0.576859 0.650641 -0.0134084 0.00326371 0.705671 -0.027775 0.707988
0.57428 0.669409 -0.0127722 0.00369251 0.71481 -0.0278157 0.698756
0.572751 0.685452 -0.013013 0.00293679 0.726399 -0.0285612 0.686674
0.571685 0.692728 -0.00832949 0.00284944 0.733471 -0.0292121 0.679087
0.569728 0.708157 -0.00608341 0.00213637 0.743031 -0.0303834 0.668564
0.567808 0.721332 -0.00570387 0.00211315 0.75034 -0.0307588 0.660333
0.565404 0.737723 -0.00857251 0.00131464 0.757491 -0.0308244 0.652116
0.56266 0.752316 -0.0085257 0.00190056 0.765339 -0.0316567 0.642845
0.558872 0.769665 -0.00946455 0.00235524 0.773529 -0.0317275 0.632962
0.555425 0.780205 -0.011068 0.00182613 0.778355 -0.031372 0.627037
0.55188 0.792166 -0.0115357 0.00189062 0.786713 -0.0309348 0.61654
0.548664 0.792972 -0.00645673 0.00147696 0.790989 -0.032189 0.610982
0.544914 0.80567 -0.00514786 0.00278688 0.798661 -0.0324794 0.600898
0.539828 0.811717 -0.0079439 0.00308269 0.803608 -0.0319291 0.594294
0.536489 0.823267 -0.00885366 0.00507284 0.810304 -0.0318881 0.585119
0.532949 0.82949 -0.00844315 0.00411139 0.814294 -0.0320525 0.579552
0.528107 0.842932 -0.00850398 0.00464143 0.820571 -0.032641 0.570593
0.524945 0.851319 -0.00805388 0.00429616 0.824829 -0.0329406 0.564405
0.521672 0.860207 -0.00768188 0.00531453 0.829061 -0.0332742 0.558142
0.516799 0.87206 -0.00758777 0.00459971 0.835183 -0.0338081 0.548912
0.515102 0.877335 -0.00385337 0.00565013 0.839583 -0.0345308 0.542103
0.507421 0.889409 -0.000339691 0.00694481 0.845903 -0.0348848 0.532149
0.502697 0.896119 -0.000581768 0.00641213 0.852311 -0.0350457 0.52182
0.498785 0.901733 0.000201347 0.00635736 0.856851 -0.0351015 0.514328
0.491165 0.908322 0.000771138 0.00676412 0.861837 -0.0350422 0.505929
0.484312 0.918884 0.00532208 0.00834298 0.867359 -0.035457 0.496349
0.481047 0.923981 0.00743849 0.00859129 0.87119 -0.0366484 0.489501
0.472599 0.93445 0.00475991 0.00799393 0.875287 -0.0363049 0.482174
0.464216 0.945379 0.00374229 0.00771981 0.879653 -0.0361477 0.474177
0.45489 0.957482 0.00245981 0.00768022 0.884121 -0.0359551 0.465809
0.448975 0.963937 0.00401037 0.00750756 0.888375 -0.036193 0.457627
0.440019 0.974758 0.00172347 0.00678488 0.893516 -0.0361953 0.447518
0.4274 0.986606 -0.00199289 0.00772895 0.898609 -0.035381 0.437253
0.421135 0.993539 -0.00197922 0.00812239 0.901522 -0.0350269 0.431237
0.413966 1.00224 -0.00113671 0.00804996 0.905529 -0.0354187 0.422726
0.403163 1.0141 -0.00461804 0.00792659 0.910363 -0.0344768 0.412296
0.393757 1.02266 -0.00528783 0.00825955 0.914487 -0.0346505 0.403044
0.383616 1.033 -0.00680189 0.00827751 0.918788 -0.0349069 0.393117
0.372766 1.04304 -0.010371 0.00841614 0.922502 -0.034728 0.384334
0.361737 1.0518 -0.0137542 0.00806339 0.926356 -0.0340548 0.37502
0.348965 1.06171 -0.0161143 0.00889053 0.930982 -0.0338151 0.363386
0.334641 1.06968 -0.0223957 0.00850425 0.934757 -0.032645 0.353683
0.325431 1.07399 -0.0265931 0.00798613 0.937263 -0.0317251 0.347083
0.312072 1.08332 -0.0314268 0.00812491 0.94136 -0.0311137 0.335867
0.294702 1.09117 -0.0420931 0.00762169 0.944604 -0.0290282 0.326837
0.290016 1.09104 -0.0433264 0.00619561 0.946522 -0.0293784 0.321238
0.284968 1.09631 -0.0404886 0.00682584 0.949993 -0.0305907 0.310694
0.28002 1.10036 -0.0426159 0.00596271 0.951912 -0.029274 0.304911
0.267894 1.10955 -0.0410176 0.00671825 0.954909 -0.030592 0.295241
0.252377 1.11413 -0.0470899 0.00708461 0.957895 -0.0302298 0.285436
0.242172 1.11814 -0.0453772 0.0080788 0.960941 -0.0313431 0.274853
0.231646 1.12461 -0.0461505 0.00751595 0.964195 -0.030952 0.263273
0.224948 1.12538 -0.0471879 0.006001 0.966103 -0.0306296 0.256265
0.211967 1.13324 -0.0494927 0.00662412 0.969221 -0.0298428 0.244288
0.202572 1.13797 -0.0489393 0.00658131 0.971957 -0.0296562 0.23319
0.190028 1.14352 -0.0540903 0.00611704 0.974663 -0.0296281 0.221623
0.178814 1.14708 -0.053597 0.00621339 0.976759 -0.0303778 0.212084
0.169122 1.15225 -0.0543934 0.00541817 0.979129 -0.0298229 0.200966
0.15993 1.15917 -0.0550786 0.00633545 0.980709 -0.0297849 0.193085
0.146692 1.16255 -0.0560376 0.00596877 0.982603 -0.0295085 0.183262
0.13208 1.16355 -0.0558805 0.00487352 0.984687 -0.0295558 0.171741
0.121934 1.16184 -0.0592535 0.00388568 0.985992 -0.0288377 0.164234
0.114234 1.16358 -0.0550699 0.0031131 0.987512 -0.0293001 0.154765
0.103855 1.16418 -0.0546581 0.000709032 0.988789 -0.0291228 0.146452
0.0961742 1.16454 -0.0554622 0.000251234 0.989788 -0.0287121 0.139624
0.0823488 1.16381 -0.0571926 -0.00201897 0.990839 -0.0280399 0.132092
0.0769695 1.16571 -0.059028 -0.00251665 0.99172 -0.0272435 0.125473
0.0670738 1.16215 -0.0611144 -0.00464787 0.992421 -0.0264451 0.119915
0.0542925 1.16113 -0.0610522 -0.00575973 0.993426 -0.0266154 0.111191
0.0449421 1.16018 -0.0616792 -0.00672362 0.99397 -0.0266638 0.106146
0.0375223 1.15976 -0.0609828 -0.00669489 0.994587 -0.0263639 0.100283
0.0250127 1.16131 -0.0630165 -0.00761739 0.995766 -0.0252804 0.0880479
0.0164952 1.16208 -0.059166 -0.00732718 0.996381 -0.026667 0.0803741
0.00693449 1.16099 -0.0606093 -0.00848775 0.996938 -0.0257372 0.0733431
-0.00140832 1.16233 -0.0597011 -0.00862127 0.997481 -0.0257544 0.0655308
-0.0142631 1.15962 -0.0599667 -0.0108512 0.99805 -0.0254998 0.0559238
-0.0266945 1.15852 -0.0670121 -0.0116047 0.998445 -0.0233752 0.049251
-0.0359469 1.15459 -0.0724603 -0.0137345 0.998698 -0.0216325 0.044113
-0.041239 1.15676 -0.0783611 -0.0142372 0.999037 -0.0197071 0.0365218
-0.0561696 1.15014 -0.0775784 -0.0155402 0.999242 -0.0200113 0.0295547
-0.0644024 1.14744 -0.0779454 -0.0168425 0.99937 -0.0196445 0.0242967
-0.0716819 1.15017 -0.0760605 -0.0162795 0.999508 -0.0208163 0.0168855
-0.0812465 1.15117 -0.0796286 -0.0157942 0.999631 -0.0202749 0.00874111
-0.0865458 1.14738 -0.0760731 -0.0167248 0.999629 -0.0213407 0.00254747
-0.0970958 1.13943 -0.0748811 -0.0191325 0.999565 -0.0214313 -0.00671187
-0.103828 1.13694 -0.0795792 -0.019222 0.999522 -0.0196048 -0.0142225
-0.109839 1.13468 -0.0727173 -0.0211377 0.999338 -0.021269 -0.0206207
-0.116306 1.13248 -0.0707005 -0.0221488 0.999155 -0.0217468 -0.026927
-0.124177 1.13204 -0.0649761 -0.0216892 0.998842 -0.0239765 -0.035625
-0.131333 1.12998 -0.0606784 -0.0219772 0.998497 -0.0258781 -0.0430185
-0.140327 1.13128 -0.0646021 -0.021514 0.998095 -0.0255555 -0.0518687
-0.15097 1.13114 -0.0563171 -0.0223346 0.997626 -0.0284231 -0.058607
-0.159463 1.12697 -0.0599594 -0.0215401 0.997116 -0.0270784 -0.0675452
-0.16748 1.1244 -0.0579212 -0.0219463 0.996654 -0.027917 -0.0736257
-0.175608 1.12236 -0.0505719 -0.0218619 0.995995 -0.0307926 -0.0810468
-0.185609 1.12104 -0.0471735 -0.0220633 0.995289 -0.0328228 -0.088514
-0.195022 1.11771 -0.0451809 -0.021819 0.994427 -0.0340358 -0.0973627
-0.199038 1.11567 -0.0416641 -0.0221935 0.993527 -0.0350152 -0.105764
-0.208975 1.11365 -0.0407253 -0.0219374 0.992601 -0.0356921 -0.113968
-0.216549 1.11287 -0.0406321 -0.0224134 0.99162 -0.0353808 -0.122215
-0.222719 1.11077 -0.0371247 -0.0237243 0.990727 -0.036138 -0.128807
-0.232497 1.10617 -0.0390131 -0.0239058 0.989539 -0.035719 -0.137717
-0.240716 1.10426 -0.0389607 -0.0237831 0.98842 -0.035751 -0.14554
-0.247217 1.10275 -0.038036 -0.0241325 0.987265 -0.0363033 -0.152993
-0.256979 1.10057 -0.0391065 -0.023841 0.985935 -0.0365272 -0.161339
-0.264951 1.09905 -0.0392101 -0.0236038 0.98439 -0.0373002 -0.170374
-0.27371 1.09629 -0.0385886 -0.0233869 0.983185 -0.0374902 -0.177184
-0.278165 1.09294 -0.0366715 -0.0236526 0.982205 -0.0379413 -0.182413
-0.290878 1.09012 -0.0380215 -0.022148 0.980849 -0.0387337 -0.189589
-0.300528 1.08481 -0.0367085 -0.0219289 0.978567 -0.0392265 -0.200967
-0.304423 1.08098 -0.0344978 -0.0218313 0.97719 -0.0393515 -0.207542
-0.308122 1.07871 -0.0335152 -0.0215445 0.975704 -0.0397776 -0.214373
-0.316857 1.07539 -0.0343372 -0.0209044 0.973965 -0.040003 -0.222158
-0.324407 1.07024 -0.0330027 -0.0206059 0.972087 -0.0411045 -0.230072
-0.329922 1.06538 -0.0327272 -0.0199696 0.970595 -0.0415167 -0.236267
-0.33776 1.06203 -0.0333929 -0.0194899 0.968859 -0.041983 -0.243249
-0.343369 1.06135 -0.0318549 -0.0200288 0.967146 -0.0421035 -0.24991
-0.346484 1.05991 -0.0282912 -0.0205088 0.965472 -0.0424346 -0.256209
-0.353616 1.05432 -0.0272143 -0.0199412 0.963711 -0.043331 -0.262652
-0.364019 1.0465 -0.0279509 -0.0200764 0.961195 -0.0438154 -0.271626
-0.373958 1.0409 -0.029467 -0.0198208 0.959078 -0.0436872 -0.279049
-0.381354 1.03506 -0.0325328 -0.0195341 0.957013 -0.0432031 -0.286143
-0.385688 1.03131 -0.0329708 -0.0193011 0.95491 -0.0429596 -0.293136
-0.396941 1.02385 -0.0331935 -0.0188202 0.951409 -0.0431841 -0.304307
-0.396341 1.01735 -0.0246527 -0.019218 0.949162 -0.0443964 -0.311047
-0.400434 1.01386 -0.0237614 -0.0191152 0.947076 -0.0441206 -0.317388
-0.40663 1.00845 -0.023968 -0.0188434 0.944684 -0.0440456 -0.324465
-0.414595 1.00162 -0.0235648 -0.0184966 0.940489 -0.0437492 -0.336489
-0.414427 0.995258 -0.0239726 -0.0193134 0.938038 -0.0436731 -0.343225
-0.41858 0.995762 -0.022299 -0.0190008 0.935725 -0.0436896 -0.349499
-0.430209 0.982385 -0.024658 -0.0188921 0.932166 -0.0435779 -0.358901
-0.438956 0.974493 -0.0271346 -0.0183972 0.929459 -0.0438413 -0.365849
-0.447239 0.965528 -0.0263351 -0.0190428 0.925924 -0.0431299 -0.374756
-0.450252 0.958842 -0.028707 -0.019251 0.923286 -0.0430028 -0.381214
-0.459022 0.947911 -0.0322277 -0.0181838 0.917773 -0.0427018 -0.394385
-0.461242 0.938417 -0.0387273 -0.0171577 0.914974 -0.0419484 -0.400959
-0.471285 0.928357 -0.0432328 -0.0164086 0.910493 -0.0407815 -0.411181
-0.474608 0.921751 -0.0446586 -0.0173388 0.907247 -0.0391281 -0.418416
-0.480075 0.916279 -0.0441345 -0.0177192 0.902332 -0.0385997 -0.428945
-0.485686 0.906399 -0.0485776 -0.0175634 0.899182 -0.0381696 -0.435554
-0.49364 0.894624 -0.0498951 -0.0180261 0.894229 -0.0373455 -0.445684
-0.498291 0.887506 -0.0546865 -0.0174908 0.890596 -0.0364732 -0.452992
-0.505767 0.875973 -0.0577415 -0.0179775 0.886289 -0.0353883 -0.461428
-0.512135 0.866456 -0.0611921 -0.0173421 0.880949 -0.0340607 -0.471666
-0.516231 0.856002 -0.0683697 -0.0169519 0.877294 -0.0325185 -0.47855
-0.520623 0.843768 -0.0699247 -0.0174544 0.872645 -0.0314607 -0.487029
-0.524336 0.832057 -0.070452 -0.0180768 0.867597 -0.0304267 -0.496007
-0.529616 0.818656 -0.0714521 0.0184938 -0.862334 0.0297422 0.505126
-0.529607 0.813547 -0.0716366 0.0189676 -0.859529 0.0288238 0.50992
-0.533639 0.803403 -0.0726648 0.0199287 -0.854766 0.0285 0.517847
-0.539376 0.787903 -0.0739849 0.0203159 -0.849634 0.0280372 0.526235
-0.542506 0.776735 -0.0772064 0.019904 -0.846394 0.0277646 0.53146
-0.546462 0.766188 -0.0782892 0.0206738 -0.841558 0.0278173 0.539054
-0.548822 0.750271 -0.0818517 0.020376 -0.835885 0.0281445 0.547804
-0.548016 0.742854 -0.0842851 0.020875 -0.832286 0.0267614 0.553307
-0.551561 0.735443 -0.0816772 0.0214911 -0.825601 0.0269901 0.563199
-0.556625 0.719941 -0.0825876 0.0212436 -0.819113 0.027032 0.572601
-0.557699 0.707121 -0.0870129 0.0216363 -0.815668 0.0258452 0.577538
-0.558731 0.697842 -0.0856809 0.0218729 -0.809048 0.0262492 0.586749
-0.560243 0.688271 -0.0840604 0.0240237 -0.802878 0.0262645 0.59508
-0.560705 0.678071 -0.083107 0.0244846 -0.797794 0.0269187 0.601831
-0.563097 0.663939 -0.085147 0.0247397 -0.792379 0.0262234 0.608963
-0.564616 0.64958 -0.0887377 0.0246584 -0.786826 0.0258286 0.616141
-0.565531 0.640872 -0.0905237 0.0247623 -0.782892 0.0253402 0.621148
-0.567193 0.62693 -0.0932223 0.0252091 -0.775225 0.0245396 0.630704
-0.567353 0.616957 -0.0956492 0.0245291 -0.769568 0.0249318 0.637606
-0.565828 0.610491 -0.0933405 0.025069 -0.763614 0.0237562 0.644748
-0.567623 0.602417 -0.0894043 0.0263156 -0.75716 0.0237829 0.652265
-0.568616 0.590229 -0.0897651 0.0267704 -0.749393 0.02339 0.66117
-0.568769 0.576469 -0.0908761 0.0277865 -0.742602 0.0230096 0.66876
-0.568829 0.56252 -0.0918679 0.0283207 -0.735229 0.0222355 0.676862
-0.56905 0.552154 -0.092983 0.028113 -0.729529 0.0225712 0.682999
-0.571115 0.542807 -0.092058 0.0284661 -0.722414 0.0226432 0.690503
-0.572457 0.53767 -0.0884444 0.0284545 -0.714065 0.0226662 0.699133
-0.571908 0.527608 -0.0884346 0.028826 -0.705295 0.0224543 0.707971
-0.572012 0.516556 -0.0879342 0.0290829 -0.696208 0.0225961 0.716895
-0.572063 0.505221 -0.0867816 0.0292442 -0.686913 0.0230156 0.725786
-0.57137 0.498115 -0.0838394 0.0293365 -0.678785 0.0231851 0.733384
-0.570685 0.487378 -0.0858823 0.0294333 -0.673409 0.0217903 0.738362
-0.569034 0.481921 -0.0810982 0.03026 -0.666359 0.0217985 0.744698
-0.567307 0.475154 -0.0801155 0.0305245 -0.659657 0.0216965 0.750633
-0.56551 0.466051 -0.079573 0.0308593 -0.653196 0.020895 0.756272
-0.562632 0.45402 -0.081466 0.030471 -0.64483 0.0207665 0.763436
-0.558912 0.44474 -0.0803195 0.0306672 -0.63727 0.0205952 0.769754
-0.554513 0.440825 -0.0762468 0.031451 -0.632448 0.0201438 0.773702
-0.550895 0.433592 -0.0736629 0.032055 -0.623684 0.0208314 0.780741
-0.544998 0.421302 -0.0733073 0.0323361 -0.616783 0.0194018 0.786229
-0.54047 0.410464 -0.0752794 0.0321872 -0.608427 0.0184626 0.792742
-0.537734 0.398914 -0.0765506 0.0327378 -0.598696 0.018081 0.800102
-0.536046 0.392279 -0.0758406 0.0330733 -0.5937 0.0184414 0.803795
-0.530887 0.376799 -0.0794126 0.0323408 -0.585418 0.0183125 0.809879
-0.526392 0.363399 -0.082701 0.032492 -0.57768 0.0167349 0.815445
-0.521036 0.350376 -0.0815009 0.033292 -0.56898 0.0170317 0.821501
-0.512989 0.336111 -0.0855295 0.0330956 -0.558612 0.016511 0.828604
-0.506185 0.325373 -0.0864404 0.0326497 -0.549583 0.0174721 0.834618
-0.500959 0.314391 -0.0876941 0.0324877 -0.541612 0.0175624 0.839817
-0.495399 0.306164 -0.0863009 0.033883 -0.533695 0.0171795 0.844823
-0.488216 0.295178 -0.0880959 0.0343313 -0.525891 0.0167962 0.849693
-0.482328 0.284827 -0.0872588 0.0348087 -0.517308 0.0171689 0.854919
-0.477268 0.274289 -0.0863796 0.0356414 -0.507064 0.0171353 0.861001
-0.471005 0.264644 -0.0864814 0.0357783 -0.499573 0.0163644 0.865378
-0.465569 0.254302 -0.0868311 0.0357178 -0.489817 0.0153306 0.870958
-0.455576 0.240177 -0.0888198 0.0352633 -0.474768 0.0153967 0.879269
-0.447916 0.23155 -0.0873082 0.034758 -0.464094 0.0148019 0.88498
-0.440868 0.22282 -0.0876674 0.0352982 -0.453408 0.015947 0.890461
-0.434566 0.214457 -0.0874343 0.0348521 -0.443551 0.0165744 0.895418
-0.425875 0.204312 -0.0894131 0.0347065 -0.433188 0.0149134 0.900512
-0.416487 0.192125 -0.0884858 0.0351986 -0.420175 0.0152633 0.906632
-0.405957 0.181148 -0.0896201 0.0353104 -0.410893 0.0151286 0.910874
-0.400314 0.172286 -0.0882582 0.0353299 -0.399057 0.0156807 0.916111
-0.39154 0.163857 -0.0868819 0.0355859 -0.384669 0.0150832 0.922245
-0.382077 0.154807 -0.0893448 0.0345162 -0.373284 0.0144456 0.926962
-0.370306 0.145827 -0.0918838 0.034052 -0.362658 0.0136752 0.9312
-0.351627 0.131661 -0.0968279 0.0327521 -0.349265 0.0143827 0.936341
-0.342265 0.125212 -0.0958886 0.0332802 -0.339171 0.0142807 0.940027
-0.33091 0.118728 -0.097159 0.0327365 -0.331023 0.0139406 0.942952
-0.317875 0.109434 -0.100938 0.0317725 -0.321963 0.0141904 0.946113
-0.30563 0.102406 -0.101548 0.0314805 -0.313101 0.0136017 0.949101
-0.294331 0.0956966 -0.102813 0.0314502 -0.304199 0.0133443 0.951996
-0.275355 0.0857468 -0.106884 0.0310823 -0.28736 0.0147657 0.957204
-0.264075 0.0802485 -0.108597 0.0304494 -0.277639 0.0160553 0.960069
-0.253091 0.0750228 -0.109217 0.0301349 -0.268177 0.0147014 0.962786
-0.239172 0.068849 -0.110311 0.0299709 -0.255052 0.0148913 0.966348
-0.227157 0.063489 -0.112705 0.0293951 -0.245262 0.0145302 0.968902
-0.214062 0.0590032 -0.114639 0.0293265 -0.234892 0.014357 0.971473
-0.198424 0.0520192 -0.115917 0.0295201 -0.222403 0.0149538 0.974393
-0.187845 0.0465891 -0.116089 0.0286975 -0.210529 0.0143418 0.977061
-0.18033 0.045165 -0.114275 0.0287524 -0.198759 0.0141611 0.979524
-0.164782 0.0401241 -0.116307 0.0276161 -0.182726 0.014399 0.98267
-0.149988 0.0370524 -0.119144 0.026718 -0.171147 0.0136503 0.984789
-0.135035 0.0343543 -0.118074 0.0271538 -0.157979 0.0122521 0.986993
-0.123891 0.03209 -0.11916 0.0272144 -0.14679 0.0117169 0.988724
-0.104801 0.0273797 -0.122998 0.0261592 -0.13394 0.00973436 0.990596
-0.0842554 0.0220755 -0.127433 0.0256137 -0.11832 0.00950913 0.9926
-0.0678871 0.0203029 -0.131686 0.0248175 -0.104318 0.0116752 0.994166
-0.0540442 0.0170936 -0.129335 0.0246482 -0.0884853 0.0117134 0.995704
-0.0429308 0.0162329 -0.130928 0.0238373 -0.076618 0.010864 0.996716
-0.0399547 0.0183974 -0.131349 0.0232005 -0.0737691 0.0102194 0.996953
-0.0404231 0.0157299 -0.132154 0.0231141 -0.0726442 0.0102872 0.997037
-0.0389788 0.0157097 -0.131627 0.0237794 -0.0725604 0.0108733 0.997021
-0.0380327 0.0165457 -0.134039 0.0227782 -0.0728398 0.0101794 0.997032
-0.0410078 0.014798 -0.129895 0.0241158 -0.0723272 0.0112789 0.997026
-0.0396807 0.0148452 -0.130501 0.0238819 -0.0723897 0.0111237 0.997028
-0.0391535 0.0152138 -0.130111 0.0240181 -0.0724292 0.0111142 0.997022
-0.0399419 0.0156044 -0.131353 0.0238117 -0.072526 0.0109527 0.997022
-0.038583 0.0154615 -0.131581 0.0237455 -0.0725066 0.0110647 0.997024
-0.0412662 0.0177776 -0.13096 0.0233748 -0.0733215 0.00907628 0.996993
-0.0401702 0.0158248 -0.13083 0.0236403 -0.0727052 0.0101793 0.997021
-0.0400705 0.0153037 -0.132356 0.0230866 -0.072527 0.0105103 0.997044
