-0.00337859 -0.691096 2.43666 -0.703265 0.710903 0.00584744 0.000791316
-0.0034768 -0.691126 2.43685 -0.703099 0.711068 0.00579558 0.00112781
-0.00345583 -0.690915 2.43594 -0.703162 0.711013 0.00479313 0.000899014
-0.00347159 -0.6912 2.43699 -0.703062 0.711107 0.00523511 0.00171618
-0.00350691 -0.69106 2.43643 -0.703035 0.711138 0.00467398 0.00147359
-0.00346137 -0.691189 2.43681 -0.703111 0.711063 0.00478863 0.00135752
-0.00345087 -0.691005 2.43642 -0.703145 0.711022 0.00591231 0.000896493
-0.00341832 -0.690925 2.43588 -0.703329 0.710847 0.00508092 -0.000550799
-0.00339864 -0.69124 2.43713 -0.703175 0.710993 0.00578618 0.000931578
-0.00338009 -0.691132 2.4367 -0.703281 0.710889 0.00561032 0.000700503
-0.00348618 -0.690802 2.43545 -0.703218 0.710959 0.00460322 -7.02251e-05
-0.00343169 -0.691039 2.43632 -0.703181 0.710992 0.00511062 0.000987871
-0.00342192 -0.690989 2.43634 -0.703241 0.710927 0.0059668 0.000278821
-0.00341393 -0.691085 2.43656 -0.703253 0.710915 0.00587391 0.000435961
-0.00346382 -0.691107 2.43659 -0.70309 0.711084 0.00488225 0.00107308
-0.00344529 -0.69082 2.43557 -0.703266 0.710908 0.00512209 -0.000328144
-0.003446 -0.690847 2.43557 -0.703301 0.710875 0.00489145 -0.000498762
-0.00343961 -0.691103 2.43661 -0.703208 0.710962 0.00554611 0.00047404
-0.0034043 -0.691075 2.43641 -0.703284 0.710889 0.0053406 4.89037e-05
-0.00345761 -0.690748 2.43525 -0.703111 0.711066 0.00431747 0.000698576
-0.0034489 -0.690884 2.4359 -0.703179 0.710994 0.00507027 0.000563531
-0.0035016 -0.691341 2.43747 -0.702973 0.711194 0.00508535 0.00228917
-0.00344632 -0.691194 2.43697 -0.703106 0.711063 0.00537501 0.00153084
-0.00348478 -0.690807 2.43544 -0.703203 0.710973 0.00474562 -3.51994e-05
-0.00342559 -0.691116 2.43659 -0.70314 0.711034 0.00478293 0.00132362
-0.00338897 -0.691101 2.43656 -0.703325 0.710846 0.00571768 -1.66453e-05
-0.00341754 -0.690976 2.43606 -0.703279 0.710897 0.00489301 0.000465903
-0.00342534 -0.690997 2.43637 -0.703246 0.710922 0.00584809 0.000447581
-0.00352108 -0.691029 2.43626 -0.703052 0.711123 0.00433314 0.00145613
-0.0034609 -0.690895 2.43581 -0.703216 0.710957 0.00516614 0.000139434
-0.00349488 -0.69091 2.43579 -0.703121 0.711056 0.00431668 0.00106125
-0.00344355 -0.691343 2.43741 -0.703099 0.711071 0.00522774 0.00148266
-0.00342266 -0.691215 2.43713 -0.703109 0.711056 0.00589278 0.00124412
-0.00352368 -0.691286 2.43742 -0.702818 0.711346 0.00493286 0.00314396
-0.00347254 -0.691022 2.43619 -0.703144 0.711033 0.00439335 0.00102985
-0.0034998 -0.691022 2.43646 -0.703081 0.711088 0.00550475 0.000997286
-0.00342414 -0.691029 2.43639 -0.703246 0.710923 0.00571088 0.000236433
-0.00344291 -0.690813 2.43549 -0.703214 0.710963 0.0046371 -8.8644e-06
-0.00345376 -0.691084 2.43645 -0.703205 0.710969 0.00509875 0.000360172
-0.00344445 -0.691012 2.43615 -0.703184 0.710992 0.00463778 0.000712389
-0.00343905 -0.691003 2.43626 -0.703213 0.710962 0.00507895 -3.32186e-06
-0.00345714 -0.690772 2.43539 -0.703251 0.710924 0.00497739 -0.000365855
-0.0034498 -0.691326 2.43741 -0.703084 0.711084 0.00540049 0.00184292
-0.00347137 -0.690836 2.43563 -0.703207 0.710968 0.00497885 -6.29408e-05
-0.00339773 -0.691141 2.43671 -0.703205 0.710966 0.00546471 0.000561162
-0.00342037 -0.690974 2.43637 -0.703233 0.710934 0.00606827 0.000240919
-0.00347176 -0.691246 2.43709 -0.703138 0.711033 0.00529297 0.00114094
-0.00346571 -0.691099 2.43671 -0.702966 0.711203 0.00522264 0.00161675
-0.00344059 -0.691118 2.43662 -0.703216 0.710955 0.0054082 0.000428358
-0.00343811 -0.690859 2.43568 -0.703222 0.710954 0.00481701 0.000338819
-0.0034545 -0.690986 2.43603 -0.703259 0.710918 0.0047156 5.24671e-05
-0.00344195 -0.690794 2.4355 -0.703305 0.710871 0.00496721 -0.000469982
-0.00340952 -0.69088 2.43574 -0.703378 0.710796 0.00526637 -0.000519827
-0.00343904 -0.691097 2.43662 -0.70321 0.710961 0.00548708 0.000354536
-0.00346236 -0.690973 2.4362 -0.703174 0.710996 0.00553988 0.000591266
-0.0034479 -0.691268 2.43711 -0.703001 0.71117 0.00496618 0.0017043
-0.00350174 -0.691005 2.43611 -0.703162 0.711015 0.00460442 0.000331772
-0.00350649 -0.69109 2.43654 -0.703047 0.711124 0.00506575 0.00119391
-0.0024709 -0.689717 2.43205 -0.703114 0.711058 0.00524198 -9.66003e-05
-0.000737301 -0.690823 2.43658 -0.701036 0.713092 0.00399069 0.00568597
0.00148954 -0.690743 2.43689 -0.700898 0.71321 0.0078847 0.00323754
0.00491168 -0.690359 2.43614 -0.699242 0.714812 0.00979308 0.00291584
0.00847253 -0.690515 2.43639 -0.696858 0.717169 0.0065677 0.00378316
0.0124517 -0.689588 2.43496 -0.695972 0.717992 0.0104738 -9.1161e-05
0.0155406 -0.688964 2.43419 -0.694782 0.719158 0.00943774 -0.000598322
0.0183664 -0.688664 2.43462 -0.692966 0.720906 0.00961444 0.000459353
0.021584 -0.688819 2.43726 -0.691318 0.722464 0.0108701 0.00263315
0.0247707 -0.688039 2.43593 -0.690097 0.723654 0.00893737 0.00338383
0.0282096 -0.687725 2.43619 -0.688605 0.725072 0.00967158 0.000759944
0.0311641 -0.687227 2.43535 -0.686816 0.726782 0.00836435 0.00160155
0.0342973 -0.686876 2.43541 -0.68447 0.729004 0.00701946 0.00202519
0.0374297 -0.68674 2.43545 -0.681791 0.731509 0.00636632 0.0037325
0.040782 -0.686629 2.43607 -0.679665 0.733455 0.00981276 0.00146108
0.0443428 -0.686469 2.436 -0.676544 0.736355 0.00765435 0.0033778
0.0479124 -0.685979 2.43667 -0.674594 0.738137 0.00811971 0.00342844
0.0509888 -0.685402 2.43602 -0.672399 0.740146 0.00703287 0.00374937
0.0541955 -0.684889 2.43607 -0.670814 0.741578 0.00842179 0.00100522
0.0573051 -0.684547 2.4364 -0.668573 0.74361 0.00647025 0.00357666
0.0605595 -0.683962 2.43549 -0.667328 0.744736 0.00621305 0.00195064
0.0635836 -0.683685 2.43636 -0.665494 0.746358 0.00773465 0.00276696
0.0665271 -0.683189 2.43611 -0.663666 0.747984 0.00772988 0.0027174
0.0695634 -0.682622 2.43585 -0.661627 0.749794 0.00734408 0.00233326
0.0727253 -0.682513 2.43616 -0.659959 0.751259 0.00800156 0.000195991
0.0761037 -0.682166 2.43586 -0.658254 0.752761 0.00719306 0.00106245
0.0797238 -0.681654 2.43594 -0.656482 0.754304 0.00733399 0.00177193
0.0831941 -0.68114 2.43559 -0.654414 0.7561 0.00733285 0.00151272
0.0865389 -0.680435 2.4354 -0.652185 0.758016 0.00811651 0.000894811
0.0893754 -0.679908 2.43622 -0.650348 0.759595 0.00715423 0.0035075
0.0919689 -0.678869 2.43563 -0.648914 0.760812 0.0084275 0.00193641
0.0946741 -0.6779 2.43545 -0.647098 0.762362 0.00773353 0.00277606
0.0978434 -0.677349 2.43648 -0.645316 0.763872 0.0074775 0.00322902
0.101267 -0.676039 2.43468 -0.643865 0.765087 0.00886316 0.00135307
0.104639 -0.675218 2.43468 -0.641971 0.766683 0.00835024 0.000551499
0.108048 -0.67456 2.43494 -0.639865 0.768438 0.00857263 0.00147826
0.111134 -0.673411 2.43372 -0.638368 0.769696 0.00733752 0.000888307
0.114317 -0.672962 2.43525 -0.636497 0.771217 0.00968863 0.00145598
0.117423 -0.672175 2.4353 -0.634416 0.772925 0.00994356 0.00213185
0.120634 -0.671075 2.43423 -0.632385 0.774607 0.00840378 0.0015716
0.124162 -0.66998 2.43369 -0.630469 0.776163 0.00885617 0.000905279
0.127924 -0.669174 2.43493 -0.628582 0.777664 0.0110946 0.00082486
0.131011 -0.667948 2.43406 -0.626704 0.7792 0.00946153 0.000351506
0.13432 -0.667523 2.43538 -0.624661 0.780842 0.00916101 0.000881314
0.137599 -0.666464 2.43498 -0.623355 0.781892 0.00851697 0.00119934
0.140827 -0.665712 2.43468 -0.621699 0.783208 0.00869412 0.000513934
0.143887 -0.664862 2.43462 -0.620321 0.784296 0.00902661 0.000368719
0.147204 -0.663947 2.43471 -0.619254 0.785123 0.0103096 0.000222923
0.150114 -0.6629 2.43499 -0.617483 0.786539 0.00837516 0.00117272
0.152909 -0.661939 2.43548 -0.615851 0.787807 0.00919928 0.0015305
0.155685 -0.661042 2.43522 -0.613984 0.789263 0.00930038 0.00145044
0.158442 -0.660298 2.4353 -0.61173 0.791022 0.00824377 0.00171986
0.161321 -0.659587 2.43542 -0.609635 0.792628 0.00923675 0.00131471
0.164156 -0.658855 2.43525 -0.606806 0.794817 0.00684484 0.00250856
0.166922 -0.658187 2.43554 -0.60478 0.796361 0.00649572 0.00267127
0.169621 -0.657005 2.43519 -0.602933 0.797751 0.00777801 0.0022745
0.172504 -0.656061 2.43494 -0.60071 0.799416 0.00903163 0.000428851
0.175604 -0.655149 2.43504 -0.598382 0.801177 0.00722207 0.00158656
0.178673 -0.65432 2.43558 -0.596325 0.802701 0.00802186 0.00174709
0.181555 -0.653109 2.4351 -0.594115 0.804349 0.00695773 0.00151291
0.184548 -0.652098 2.43542 -0.592092 0.805833 0.00777056 0.00101125
0.187532 -0.651226 2.43579 -0.589906 0.807434 0.0076724 0.0014292
0.19047 -0.650236 2.4367 -0.587644 0.809082 0.00749522 0.00211775
0.193418 -0.648928 2.43572 -0.585117 0.810917 0.00697991 0.00195485
0.196709 -0.647915 2.43623 -0.582776 0.812602 0.00696597 0.00153735
0.199854 -0.646687 2.43635 -0.580777 0.81402 0.0078602 0.00269909
0.202883 -0.645303 2.43582 -0.578993 0.815297 0.00735912 0.00191079
0.206139 -0.644468 2.43707 -0.576832 0.816826 0.00742721 0.00222585
0.209243 -0.643362 2.43734 -0.57512 0.818033 0.0073807 0.00215904
0.212293 -0.642178 2.43708 -0.573209 0.819364 0.00862076 0.000539722
0.215028 -0.641002 2.43628 -0.571118 0.820837 0.00693264 0.0012911
0.217865 -0.640428 2.43736 -0.56893 0.822354 0.0070046 0.00192472
0.22079 -0.639595 2.43749 -0.566692 0.823894 0.00745544 0.0015768
0.223598 -0.638412 2.43708 -0.564633 0.825309 0.00710029 0.00193352
0.226631 -0.637283 2.43728 -0.562556 0.826732 0.00646627 0.00174649
0.229796 -0.635988 2.43695 -0.559959 0.82849 0.00656675 0.00251983
0.233107 -0.634932 2.43792 -0.557978 0.829825 0.00679907 0.00215051
0.236275 -0.633688 2.43884 -0.555357 0.831563 0.00798427 0.00410798
0.238875 -0.632011 2.43726 -0.553765 0.83264 0.0066235 0.00312854
0.241428 -0.630789 2.43787 -0.55184 0.833912 0.00688303 0.00397788
0.244182 -0.629304 2.43763 -0.549719 0.835316 0.00636569 0.00405216
0.247278 -0.628063 2.43845 -0.548102 0.836368 0.00765 0.00383513
0.250275 -0.626698 2.43859 -0.545974 0.837761 0.00708315 0.00428519
0.253236 -0.625223 2.43846 -0.543918 0.839101 0.00652943 0.00441712
0.256254 -0.623751 2.43818 -0.541419 0.840714 0.00659303 0.00472397
0.259354 -0.62236 2.438 -0.539152 0.842171 0.00636142 0.0048523
0.262603 -0.621104 2.43832 -0.537371 0.843307 0.0065964 0.00465957
0.265646 -0.619471 2.43775 -0.534827 0.844916 0.00761096 0.00441014
0.26893 -0.618001 2.43798 -0.5318 0.846835 0.00696931 0.00337231
0.272114 -0.616167 2.43849 -0.529753 0.848111 0.00637244 0.00541051
0.275196 -0.614999 2.43917 -0.527636 0.849403 0.00962369 0.00470769
0.278081 -0.613768 2.43957 -0.525465 0.850777 0.00647065 0.00471658
0.280653 -0.612332 2.43799 -0.522663 0.852518 0.00390462 0.00460117
0.283769 -0.611328 2.43946 -0.520746 0.853675 0.00597447 0.00512837
0.286199 -0.609973 2.43891 -0.51833 0.855149 0.0046995 0.00568496
0.288575 -0.608536 2.43855 -0.516223 0.856423 0.00515967 0.00520837
0.291014 -0.606954 2.43823 -0.513835 0.857847 0.00677629 0.0051908
0.293652 -0.605599 2.43808 -0.511332 0.859351 0.00558056 0.00494281
0.296314 -0.604237 2.43797 -0.509212 0.860611 0.00509913 0.00510099
0.298907 -0.602603 2.4373 -0.506579 0.862167 0.0034419 0.00588317
0.301624 -0.601234 2.43761 -0.503696 0.863851 0.00451571 0.00550233
0.304498 -0.599698 2.43768 -0.501057 0.865389 0.00412997 0.00513928
0.306908 -0.597996 2.43754 -0.498791 0.866688 0.0042537 0.00638237
0.309012 -0.596172 2.43648 -0.496636 0.867928 0.00424865 0.00605664
0.311274 -0.594481 2.43676 -0.49445 0.869173 0.00396437 0.00646662
0.313893 -0.592825 2.43685 -0.492279 0.870406 0.00429339 0.0059786
0.316624 -0.59109 2.43696 -0.490291 0.871533 0.0038381 0.00555404
0.319509 -0.589518 2.43734 -0.487678 0.872993 0.00514606 0.00517266
0.322323 -0.587727 2.43694 -0.485221 0.874364 0.00459805 0.00522809
0.325024 -0.586415 2.43767 -0.482461 0.875881 0.00322478 0.00735182
0.327434 -0.584719 2.43691 -0.479714 0.877396 0.00314551 0.00637677
0.330183 -0.58318 2.4372 -0.477272 0.878722 0.00378852 0.00667118
0.332938 -0.581519 2.43794 -0.475031 0.879927 0.00469796 0.00716977
0.335619 -0.579328 2.43646 -0.472686 0.881203 0.00517232 0.00477651
0.338923 -0.577412 2.43712 -0.470038 0.882619 0.00472619 0.00509458
0.341706 -0.575618 2.43797 -0.467606 0.883906 0.00473482 0.00560777
0.344327 -0.573563 2.43761 -0.465646 0.884941 0.00496462 0.00542585
0.346846 -0.571464 2.43751 -0.464097 0.885753 0.00472296 0.00582743
0.349268 -0.569404 2.43675 -0.462374 0.886661 0.00447261 0.00468228
0.351741 -0.567888 2.43753 -0.46028 0.887744 0.00324243 0.00654108
0.354118 -0.566109 2.43792 -0.458408 0.888714 0.00369377 0.00590282
0.356207 -0.56406 2.43645 -0.456298 0.88981 0.00184796 0.00523761
0.358869 -0.562573 2.43773 -0.454404 0.890763 0.00444708 0.00621591
0.361224 -0.560707 2.43717 -0.452406 0.891783 0.00290976 0.00659259
0.363782 -0.558833 2.43774 -0.450352 0.892825 0.0030075 0.00613836
0.366066 -0.556422 2.43677 -0.448578 0.893718 0.00310867 0.00608082
0.368596 -0.554502 2.43816 -0.447084 0.894454 0.00459266 0.00686461
0.370827 -0.55216 2.43707 -0.445532 0.895239 0.00378201 0.00589603
0.373154 -0.550012 2.43748 -0.443878 0.896054 0.00409087 0.00657123
0.375562 -0.547614 2.4371 -0.442093 0.896943 0.00399287 0.00556662
0.378207 -0.545369 2.43686 -0.440374 0.897788 0.00483003 0.00497846
0.380939 -0.543553 2.43783 -0.438439 0.898727 0.00419327 0.00659906
0.383303 -0.541306 2.43676 -0.436412 0.89972 0.00385846 0.00577204
0.385971 -0.539444 2.43766 -0.434226 0.900774 0.00425588 0.00602817
0.388429 -0.537474 2.43814 -0.431973 0.901857 0.00279186 0.00675814
0.390894 -0.53539 2.43867 -0.429988 0.90279 0.00566252 0.00700192
0.393039 -0.532805 2.4375 -0.427905 0.903791 0.00531442 0.0056361
0.395351 -0.530424 2.43744 -0.424624 0.90534 0.00336319 0.00646007
0.397558 -0.528172 2.43783 -0.42228 0.906434 0.00324008 0.00680445
0.39978 -0.526085 2.43803 -0.420175 0.907404 0.00104794 0.0083468
0.401819 -0.52364 2.43721 -0.418857 0.90802 0.005476 0.00536668
0.404199 -0.521653 2.43801 -0.416423 0.909148 0.00314886 0.0056071
0.406661 -0.519719 2.43821 -0.41437 0.910084 0.00460348 0.00494645
0.408784 -0.517916 2.43805 -0.411955 0.911182 0.00238927 0.00593133
0.410738 -0.515819 2.43686 -0.4099 0.91211 0.00269256 0.00542353
0.413168 -0.513995 2.43781 -0.407402 0.913222 0.000267875 0.00702688
0.415378 -0.511753 2.43751 -0.405477 0.914079 0.00355836 0.0059509
0.417662 -0.509494 2.43826 -0.40421 0.91463 0.00362815 0.00723957
0.419767 -0.506481 2.43596 -0.402742 0.915303 0.00232832 0.00378352
0.422515 -0.504356 2.4372 -0.399794 0.916582 0.00201627 0.00611727
0.424914 -0.502097 2.43819 -0.39734 0.917645 0.00195075 0.00674761
0.427006 -0.500053 2.4383 -0.395577 0.918406 0.0036704 0.00596287
0.428892 -0.498033 2.43758 -0.393301 0.919381 0.00304657 0.00661608
0.43088 -0.49565 2.43676 -0.390978 0.92039 0.000285058 0.00426472
0.433417 -0.493268 2.43752 -0.389637 0.920937 0.00637243 0.00422694
0.435559 -0.490764 2.43701 -0.386455 0.922271 0.000976717 0.00826116
0.438154 -0.488599 2.43772 -0.384163 0.923201 0.00112289 0.0108365
0.440239 -0.486403 2.43821 -0.382243 0.924011 0.00250683 0.0093253
0.442239 -0.483963 2.43826 -0.37998 0.924947 -3.01281e-05 0.00943773
0.444642 -0.48118 2.43765 -0.378706 0.925479 0.00746463 0.00387057
0.446845 -0.478902 2.4381 -0.375156 0.926921 0.00642653 0.00589032
0.449365 -0.475977 2.43795 -0.372449 0.928017 0.00482186 0.00652626
0.451887 -0.473184 2.43859 -0.370241 0.928902 0.0050647 0.00601435
0.453908 -0.470759 2.43769 -0.367493 0.929999 0.00200987 0.0069151
0.455841 -0.46818 2.43774 -0.365802 0.93067 0.00241825 0.00600861
0.457922 -0.466141 2.43904 -0.363289 0.931641 0.000951793 0.00803304
0.459738 -0.463526 2.43801 -0.361787 0.93224 0.00141633 0.00615309
0.461758 -0.461115 2.43815 -0.360355 0.932792 0.00275179 0.00599416
0.463995 -0.458698 2.43846 -0.358662 0.933436 0.00325535 0.00694201
0.4663 -0.456357 2.43894 -0.35623 0.934363 0.00328306 0.00748785
0.468187 -0.454063 2.43875 -0.353411 0.935426 -0.00140166 0.00881945
0.470207 -0.451655 2.43795 -0.352013 0.935975 0.00394349 0.0047116
0.472139 -0.449463 2.43818 -0.349251 0.937004 0.00228582 0.00646713
0.474082 -0.447443 2.43843 -0.346238 0.93812 0.000888887 0.00699896
0.47611 -0.445259 2.43834 -0.343369 0.939168 0.00109266 0.00778657
0.478035 -0.442721 2.43822 -0.34035 0.940278 0.00198059 0.00599325
0.479848 -0.44085 2.4393 -0.338297 0.94101 0.00148711 0.00736292
0.481163 -0.438379 2.43853 -0.335804 0.941891 0.00104264 0.00876748
0.482845 -0.43594 2.4391 -0.333458 0.942725 0.00125759 0.0086506
0.484436 -0.433236 2.43856 -0.331314 0.943488 0.00289684 0.00731249
0.486235 -0.430708 2.43868 -0.329136 0.944254 0.00291198 0.00673493
0.487995 -0.428214 2.43876 -0.326139 0.945293 0.000116678 0.00740147
0.489754 -0.4257 2.43876 -0.323926 0.946052 0.00114389 0.00745426
0.491642 -0.423293 2.43948 -0.321209 0.946983 0.00101002 0.00690233
0.493242 -0.420655 2.43937 -0.318961 0.947732 0.000745127 0.00826412
0.494652 -0.417759 2.43777 -0.316297 0.948633 -0.00112572 0.00707594
0.496767 -0.415141 2.43864 -0.313639 0.949519 0.00224312 0.0062336
0.498894 -0.412469 2.43964 -0.310713 0.950471 0.000805872 0.0078429
0.500478 -0.409707 2.43926 -0.308589 0.951163 -0.00136637 0.00770805
0.502309 -0.406789 2.43909 -0.306344 0.951901 -0.000311371 0.00619724
0.504285 -0.404206 2.43921 -0.304054 0.952631 -0.00156535 0.00660365
0.50635 -0.402015 2.44034 -0.302219 0.953216 -0.000216038 0.00660011
0.507825 -0.399676 2.43972 -0.300115 0.953881 0.00169137 0.00630156
0.509499 -0.397433 2.4402 -0.29743 0.954716 -0.00168537 0.00701816
0.511285 -0.395045 2.44126 -0.295056 0.955453 0.00242014 0.00673386
0.512797 -0.392255 2.44036 -0.292588 0.956216 0.000719633 0.00657184
0.514542 -0.389623 2.44048 -0.290623 0.956805 -0.000439148 0.00791505
0.515973 -0.38662 2.43981 -0.288937 0.957323 0.000718048 0.00689029
0.517885 -0.384058 2.44118 -0.285762 0.958262 0.000181929 0.00858909
0.519344 -0.381492 2.4416 -0.283866 0.958829 0.00075921 0.00815147
0.520638 -0.378917 2.44127 -0.281656 0.959473 0.000143492 0.00907856
0.521888 -0.376218 2.44079 -0.279413 0.960133 0.000348944 0.00848585
0.523449 -0.373241 2.44018 -0.277759 0.960618 0.00229857 0.00753263
0.525183 -0.37042 2.44089 -0.275477 0.961276 0.0028864 0.0072911
0.526878 -0.367676 2.44147 -0.273495 0.961831 0.00259056 0.00859559
0.528499 -0.364833 2.44136 -0.271143 0.962509 0.00255172 0.00721374
0.530076 -0.362082 2.44155 -0.268408 0.963262 -0.000262467 0.00907893
0.531873 -0.359316 2.44243 -0.266531 0.963786 0.00219651 0.00852391
0.533294 -0.356339 2.44171 -0.264005 0.964474 0.00122248 0.00948589
0.53506 -0.35334 2.44195 -0.262136 0.964995 0.00275115 0.00790037
0.536812 -0.350276 2.44188 -0.259796 0.965628 0.00264377 0.00781094
0.538532 -0.347302 2.4421 -0.256993 0.966384 0.00168252 0.00738288
0.540177 -0.344595 2.4424 -0.254389 0.967059 0.002317 0.00876797
0.542048 -0.341921 2.44327 -0.252173 0.967644 0.0029937 0.00812781
0.54383 -0.338943 2.44306 -0.249352 0.968378 0.00417973 0.00712943
0.545705 -0.336292 2.44363 -0.246722 0.969052 0.00369213 0.00725237
0.547344 -0.333775 2.44347 -0.244447 0.969632 0.00493193 0.00601257
0.549087 -0.331389 2.44344 -0.241367 0.970415 0.00176474 0.00576215
0.550681 -0.328733 2.44444 -0.239155 0.97093 0.00829484 0.00554993
0.551673 -0.326108 2.44433 -0.236137 0.971675 0.00214332 0.00906186
0.552724 -0.323517 2.44418 -0.233975 0.972214 0.00263828 0.00694034
0.553915 -0.32088 2.44443 -0.231571 0.972773 0.00580519 0.00731647
0.55477 -0.317802 2.44266 -0.22765 0.973725 0.0013461 0.00573948
0.556825 -0.314829 2.44471 -0.226097 0.974056 0.00684099 0.00701499
0.558306 -0.311891 2.44473 -0.222688 0.974855 0.00295626 0.00764053
0.559223 -0.30926 2.44433 -0.220138 0.975438 0.00138964 0.00756355
0.560323 -0.306567 2.4449 -0.218333 0.975831 0.00532636 0.00753364
0.561456 -0.303668 2.44515 -0.215762 0.976408 0.00392968 0.00771293
0.562573 -0.30056 2.44425 -0.213468 0.976924 0.00302014 0.00640055
0.564275 -0.297629 2.44559 -0.211497 0.977338 0.00442343 0.00769138
0.565622 -0.294433 2.44507 -0.208586 0.977974 0.00383538 0.00669346
0.566898 -0.29145 2.4448 -0.205434 0.978632 0.00551937 0.00677373
0.568481 -0.288536 2.44508 -0.202033 0.979349 0.0044418 0.00626841
0.570132 -0.285604 2.44508 -0.198905 0.979991 0.00424509 0.00599069
0.571838 -0.282409 2.44548 -0.195202 0.980736 0.00328063 0.00646878
0.572927 -0.27884 2.44504 -0.192187 0.981332 0.00338837 0.00640176
0.574298 -0.2757 2.44539 -0.190198 0.981705 0.00614823 0.00655813
0.575867 -0.27251 2.44661 -0.187994 0.982116 0.00792619 0.00655592
0.577019 -0.269298 2.4467 -0.185332 0.98263 0.00671329 0.00671188
0.578449 -0.266049 2.44737 -0.182659 0.983125 0.00636286 0.00772816
0.579514 -0.263107 2.44711 -0.180424 0.983541 0.00535079 0.00804848
0.580717 -0.260193 2.44683 -0.178238 0.983938 0.00664919 0.00734556
0.581917 -0.25737 2.44715 -0.175745 0.984387 0.0069671 0.00688813
0.583156 -0.254456 2.4478 -0.173436 0.984793 0.00652229 0.00777768
0.584455 -0.251387 2.44843 -0.170561 0.985284 0.00752911 0.00819145
0.58542 -0.248136 2.44681 -0.168144 0.98572 0.00555936 0.00721635
0.58667 -0.244975 2.44675 -0.165326 0.986199 0.00718326 0.00517635
0.587939 -0.241684 2.44646 -0.162079 0.986742 0.00608729 0.00583622
0.589138 -0.238687 2.44734 -0.159985 0.987067 0.00696878 0.007469
0.590353 -0.235806 2.44925 -0.157941 0.987389 0.00564148 0.00925277
0.59082 -0.232525 2.44768 -0.15565 0.98776 0.0072626 0.0070864
0.591545 -0.229531 2.44763 -0.153326 0.988119 0.00710299 0.00788028
0.592589 -0.226386 2.44785 -0.150912 0.988483 0.00842794 0.00743723
0.593771 -0.22339 2.44807 -0.148415 0.988862 0.00752252 0.00831235
0.595274 -0.220429 2.44892 -0.144992 0.989378 0.00545494 0.00888712
0.596431 -0.217469 2.44914 -0.142112 0.989796 0.0062207 0.00831614
0.597392 -0.214513 2.44844 -0.138806 0.990267 0.00703479 0.00744441
0.598191 -0.211572 2.44838 -0.135783 0.990678 0.00804738 0.00742845
0.598952 -0.208532 2.44798 -0.131908 0.991211 0.00733825 0.00682552
0.599766 -0.205108 2.44736 -0.128839 0.991601 0.00958693 0.00608683
0.601326 -0.201916 2.45002 -0.125094 0.992065 0.00956236 0.00824566
0.602159 -0.198896 2.44935 -0.121858 0.992497 0.00749741 0.00659497
0.603127 -0.195938 2.45003 -0.118833 0.992851 0.00803602 0.007804
0.604129 -0.192944 2.44981 -0.116079 0.993179 0.00829045 0.00729313
0.605009 -0.190112 2.44934 -0.113478 0.993481 0.00903976 0.00598668
0.606631 -0.184773 2.45004 -0.107552 0.994145 0.008363 0.00615041
0.607374 -0.18201 2.44983 -0.104615 0.994462 0.00770819 0.00647255
0.608194 -0.179061 2.45052 -0.102632 0.994663 0.00794091 0.00695517
0.608401 -0.175836 2.44963 -0.100601 0.994868 0.00858328 0.0065902
0.609014 -0.172229 2.44981 -0.0982083 0.995114 0.00715785 0.00722307
0.609423 -0.168938 2.44952 -0.0963546 0.995273 0.0101694 0.0066039
0.609852 -0.165998 2.45003 -0.0936368 0.995541 0.00806284 0.0080942
0.610187 -0.163208 2.44993 -0.0917341 0.995716 0.00956001 0.00655123
0.610468 -0.160155 2.45005 -0.0891741 0.995948 0.00886038 0.00760832
0.611046 -0.156836 2.44971 -0.0868961 0.996151 0.00998498 0.00577938
0.611747 -0.153363 2.45011 -0.0848745 0.996322 0.0103758 0.00564456
0.612175 -0.150071 2.45026 -0.0828891 0.996491 0.00973663 0.00635702
0.612484 -0.146658 2.44999 -0.0807676 0.996662 0.0105622 0.00541372
0.612664 -0.143453 2.45006 -0.0780259 0.99689 0.00894799 0.00644718
0.612972 -0.140189 2.45056 -0.0765507 0.996972 0.0117283 0.00704581
0.613257 -0.136929 2.45067 -0.0737653 0.997198 0.0105463 0.00655861
0.613439 -0.133556 2.44973 -0.071392 0.997361 0.0119935 0.00551612
0.613892 -0.130039 2.45043 -0.068845 0.997547 0.0109706 0.00629506
0.613936 -0.126688 2.45018 -0.0663324 0.997725 0.0106114 0.00575453
0.614283 -0.123531 2.45119 -0.0645156 0.99781 0.0125404 0.00746032
0.614134 -0.120196 2.45053 -0.0626179 0.997955 0.0112636 0.00624022
0.614336 -0.1169 2.45117 -0.0607986 0.998051 0.0122283 0.00694992
0.614863 -0.113679 2.45191 -0.0584489 0.998213 0.0095834 0.00787535
0.614973 -0.11045 2.45074 -0.0570672 0.998261 0.0130766 0.00691243
0.615445 -0.107116 2.45129 -0.0547275 0.998422 0.0108722 0.00635459
0.615532 -0.103785 2.45082 -0.0524152 0.998528 0.0118453 0.00733558
0.615965 -0.100645 2.45176 -0.0505343 0.998613 0.01265 0.00768182
0.616252 -0.0976414 2.45139 -0.0482424 0.998745 0.0116229 0.00677757
0.616321 -0.0945332 2.45045 -0.0450443 0.998901 0.0112613 0.00641805
0.617134 -0.091322 2.45237 -0.0422891 0.998995 0.0130557 0.00707673
0.617096 -0.0882813 2.45132 -0.0392239 0.999127 0.0123765 0.0073405
0.617176 -0.0856601 2.45113 -0.036984 0.999215 0.0126112 0.00655787
0.617481 -0.0827982 2.45173 -0.0340877 0.999342 0.0101083 0.00723263
0.617403 -0.0796236 2.45116 -0.0314026 0.999405 0.0127611 0.00635582
0.617922 -0.0762157 2.4529 -0.0290925 0.999457 0.0133118 0.00782094
0.617862 -0.0730792 2.45227 -0.0266222 0.999545 0.0124446 0.00680729
0.617677 -0.0698808 2.45136 -0.0241302 0.999586 0.0140752 0.00685205
0.617489 -0.0669135 2.45136 -0.0213352 0.999671 0.0127164 0.00634441
0.617679 -0.0636748 2.45256 -0.0191043 0.99967 0.0151452 0.00807674
0.617488 -0.0605651 2.45173 -0.0160024 0.999803 0.00964157 0.00670568
0.617092 -0.0569772 2.45117 -0.0130495 0.999758 0.0164168 0.0065697
0.616765 -0.0535534 2.45084 -0.00966899 0.999861 0.0122653 0.00583289
0.616697 -0.050448 2.45012 -0.00737619 0.99995 0.00459695 0.00488535
0.616924 -0.0475121 2.45106 -0.005665 0.999969 -0.000232304 0.00551319
0.615698 -0.0442609 2.44969 -0.000570992 0.999978 0.00186707 0.00635338
0.615374 -0.0413935 2.44848 -0.000558023 0.99974 0.019966 0.010957
0.615899 -0.0388394 2.4495 0.00105731 0.999785 0.0201117 0.00497412
0.615754 -0.0353542 2.4486 0.0067353 0.999957 0.00190023 0.00606999
0.616478 -0.0325723 2.45184 0.00680411 0.999909 0.00883461 0.00758225
0.616285 -0.0293657 2.45132 0.00934618 0.99988 0.00956246 0.00777619
0.616017 -0.0263013 2.45005 0.011355 0.999822 0.0129846 0.00758351
0.61578 -0.0230681 2.44967 0.014283 0.999805 0.0128758 0.00438859
0.615634 -0.0199395 2.45023 0.0164263 0.999763 0.0130895 0.00578854
0.615363 -0.0165017 2.45003 0.0193222 0.999743 0.010335 0.00576182
0.615048 -0.0129859 2.45064 0.0221138 0.99966 0.0123491 0.00622836
0.614652 -0.0101072 2.44993 0.0241785 0.999634 0.0106133 0.00592861
0.614358 -0.00711944 2.45037 0.0265236 0.999565 0.0116199 0.00561113
0.613388 -0.00405349 2.44887 0.0283817 0.999496 0.0133901 0.00483007
0.613038 -0.00088983 2.44889 0.0306901 0.999426 0.0136136 0.00460757
0.612832 0.00221812 2.44935 0.0329495 0.999355 0.0132057 0.00543553
0.612867 0.00540521 2.45093 0.035962 0.999283 0.00973522 0.00669017
0.61218 0.00862644 2.44992 0.0376942 0.999197 0.0123839 0.00565376
0.611347 0.0116582 2.44832 0.0404197 0.999119 0.0101703 0.00498155
0.610909 0.0147537 2.44887 0.0428729 0.999008 0.0107694 0.00546812
0.610481 0.0179009 2.44893 0.0452267 0.998914 0.00913256 0.00642834
0.610376 0.0214976 2.44953 0.0484369 0.998758 0.00990422 0.00619773
0.609823 0.0250921 2.44825 0.0514057 0.998604 0.0108146 0.00545483
0.609159 0.0282281 2.44772 0.0537416 0.998482 0.0108701 0.00530178
0.608956 0.031171 2.44821 0.0566205 0.998334 0.0098311 0.00510268
0.608721 0.0340592 2.44892 0.0585011 0.998211 0.0108053 0.00602431
0.608667 0.0370223 2.44937 0.0612731 0.998051 0.00992616 0.00643498
0.60853 0.0397308 2.44943 0.0640971 0.997889 0.008421 0.00610451
0.608152 0.0426037 2.44968 0.0669143 0.997698 0.00915574 0.00604685
0.607414 0.0453705 2.44851 0.0693305 0.997533 0.00939553 0.00580755
0.60666 0.0480271 2.44778 0.0719695 0.997349 0.00967115 0.00469595
0.606238 0.0507233 2.44837 0.074702 0.997162 0.00726267 0.00595393
0.605528 0.0535953 2.44798 0.077436 0.996943 0.00871884 0.0056253
0.605324 0.0565174 2.44886 0.0802604 0.99672 0.00798506 0.00654526
0.604479 0.0594525 2.44804 0.0830297 0.996494 0.0080487 0.0064647
0.603887 0.0622602 2.44808 0.0857696 0.996263 0.00829456 0.00589802
0.603079 0.0650084 2.44762 0.0881018 0.996058 0.00832845 0.00613946
0.602601 0.0679401 2.44848 0.0911286 0.995798 0.00727589 0.00546077
0.602063 0.0711376 2.44813 0.0938759 0.995548 0.00662841 0.00529816
0.601448 0.0743361 2.4474 0.0961527 0.995317 0.008875 0.00436068
0.600802 0.0774024 2.44755 0.0991558 0.995046 0.0053373 0.00485007
0.599919 0.0806539 2.44713 0.101109 0.994828 0.00862201 0.00451543
0.599133 0.0837599 2.4472 0.10398 0.994539 0.00762514 0.00466169
0.598674 0.0868499 2.44858 0.106254 0.994295 0.00754281 0.00557634
0.597778 0.0899583 2.44756 0.10946 0.993958 0.00646414 0.00498716
0.597008 0.0932177 2.44712 0.11214 0.993634 0.009643 0.00477469
0.596081 0.0965465 2.44642 0.115316 0.993297 0.00727439 0.00324755
0.595398 0.0997719 2.44729 0.117865 0.992983 0.00862399 0.00429805
0.594856 0.102925 2.44793 0.120603 0.992671 0.0058073 0.00503606
0.593731 0.106192 2.44761 0.122724 0.992367 0.0107094 0.00568089
0.592739 0.109468 2.44698 0.125109 0.992097 0.00892497 0.00342634
0.592099 0.112598 2.44745 0.127195 0.991824 0.00959153 0.00376853
0.591704 0.115673 2.44933 0.129957 0.991476 0.00729814 0.0057512
0.590397 0.118673 2.4476 0.13223 0.991161 0.00917311 0.00556907
0.589737 0.12171 2.44768 0.134858 0.990816 0.00878068 0.00443741
0.589112 0.124742 2.4481 0.137405 0.990443 0.0101235 0.0062627
0.588429 0.12779 2.44828 0.140135 0.990069 0.00967979 0.00569621
0.587267 0.130857 2.44681 0.142881 0.989682 0.0094103 0.00517724
0.586145 0.134269 2.44601 0.145895 0.989247 0.00957712 0.00378754
0.585334 0.137633 2.44727 0.147824 0.988935 0.0112433 0.00544696
0.584385 0.140536 2.44771 0.15019 0.988589 0.0102175 0.00554203
0.583234 0.143479 2.44733 0.15265 0.988229 0.00852196 0.00530215
0.582166 0.146533 2.44746 0.155017 0.987848 0.00966493 0.00566458
0.581055 0.149663 2.44723 0.157445 0.987462 0.00990931 0.00566797
0.580166 0.152861 2.4479 0.15998 0.987048 0.00972847 0.00695401
0.578888 0.156002 2.44666 0.16237 0.986625 0.0130005 0.00624489
0.578351 0.15903 2.44802 0.165519 0.986121 0.0111069 0.00675405
0.577225 0.16181 2.44742 0.168259 0.985677 0.0100681 0.00534027
0.576232 0.164883 2.4482 0.170898 0.985201 0.0116113 0.00617335
0.575132 0.168058 2.44803 0.174625 0.984568 0.00957269 0.00640124
0.573827 0.171577 2.44724 0.178487 0.983857 0.0122881 0.00413759
0.572808 0.174727 2.44847 0.181522 0.983284 0.0122936 0.00720858
0.571817 0.177445 2.44802 0.18434 0.982791 0.0108125 0.00489068
0.570926 0.180323 2.44924 0.187391 0.982204 0.0110573 0.00605121
0.569806 0.183083 2.4484 0.189645 0.981742 0.0134954 0.00590495
0.568624 0.185777 2.44789 0.191604 0.981357 0.0139386 0.00557015
0.567588 0.188486 2.4483 0.194575 0.980781 0.0132813 0.00569717
0.566454 0.191323 2.44807 0.197804 0.980146 0.0122935 0.00594984
0.565464 0.19417 2.44875 0.20053 0.979593 0.0121752 0.00608495
0.564055 0.196808 2.44752 0.203545 0.979008 0.00964939 0.00447021
0.562913 0.199752 2.44824 0.205502 0.978562 0.0125795 0.00527627
0.561546 0.202699 2.44836 0.207675 0.978076 0.0145872 0.00504528
0.559808 0.20601 2.44782 0.210337 0.977532 0.0130747 0.00428127
0.558444 0.209579 2.44831 0.213204 0.976912 0.0128643 0.00459581
0.557087 0.212186 2.44974 0.215188 0.976462 0.0135956 0.0056015
0.555565 0.214465 2.44854 0.217644 0.975908 0.0145156 0.00487969
0.554101 0.21683 2.44934 0.219997 0.975399 0.0124973 0.0064213
0.552313 0.219422 2.44893 0.221736 0.97499 0.0137968 0.0061628
0.550573 0.222249 2.44839 0.223612 0.974567 0.0137129 0.00543132
0.548642 0.225013 2.44753 0.225793 0.974079 0.0131817 0.00372062
0.547887 0.228239 2.45151 0.227766 0.973558 0.0147449 0.00953014
0.545597 0.230864 2.44818 0.230518 0.972985 0.0117377 0.00489484
0.544276 0.233583 2.44901 0.232286 0.97254 0.012919 0.00651836
0.542629 0.236297 2.44918 0.234505 0.971975 0.0148234 0.00716589
0.540574 0.239153 2.44812 0.236948 0.971387 0.0152293 0.00566054
0.538537 0.242106 2.44801 0.239808 0.970703 0.0142471 0.00490929
0.536414 0.24498 2.44769 0.241137 0.970344 0.0161248 0.00497487
0.53476 0.247609 2.44839 0.243456 0.969787 0.0148174 0.00484824
0.5327 0.250297 2.44749 0.245413 0.969271 0.0162762 0.00457951
0.531618 0.253382 2.44925 0.247437 0.968782 0.0144053 0.00535444
0.530181 0.256141 2.44943 0.249436 0.968288 0.0134594 0.00441562
0.528175 0.258656 2.44787 0.251218 0.967804 0.0149375 0.0046787
0.526261 0.261402 2.44685 0.252958 0.967326 0.0167619 0.00356879
0.524705 0.264204 2.44739 0.254883 0.966825 0.0164354 0.00376216
0.522981 0.266632 2.44739 0.256858 0.9663 0.0163072 0.00475852
0.521396 0.26922 2.44812 0.258853 0.965792 0.0148796 0.00446869
0.519487 0.27182 2.44696 0.261785 0.965008 0.0146064 0.00389736
0.517784 0.274493 2.44705 0.263748 0.964469 0.0149019 0.00376133
0.516282 0.277076 2.44774 0.265847 0.963888 0.0149239 0.00483369
0.514625 0.279372 2.44788 0.26815 0.963238 0.0156072 0.00501429
0.512579 0.281696 2.4465 0.27045 0.962581 0.0164858 0.00484115
0.510636 0.284449 2.44593 0.273094 0.961843 0.0163991 0.00281084
0.508839 0.287086 2.44589 0.275216 0.961225 0.0169786 0.00371392
0.506954 0.289604 2.44577 0.277155 0.960675 0.016796 0.00250312
0.505176 0.29218 2.44657 0.280016 0.959839 0.0168032 0.00421394
0.503243 0.294629 2.4462 0.282207 0.959216 0.0160098 0.00270573
0.50143 0.297131 2.44661 0.284616 0.958496 0.0164063 0.00324997
0.499303 0.299439 2.44608 0.287264 0.957686 0.0176484 0.0023774
0.497681 0.30227 2.44771 0.29031 0.956848 0.0126017 0.00167703
0.495143 0.304809 2.44579 0.292211 0.956176 0.0182971 0.00229544
0.493234 0.307134 2.44554 0.294589 0.955481 0.016421 0.00212996
0.49123 0.309629 2.44535 0.296381 0.954905 0.0176048 0.00220642
0.489217 0.31211 2.44495 0.298405 0.954277 0.0174747 0.00215462
0.487231 0.314656 2.44417 0.300928 0.953508 0.0162548 -0.000106295
0.48567 0.317382 2.44538 0.302497 0.952981 0.0178068 0.00228238
0.48413 0.319907 2.44543 0.30532 0.952095 0.0170715 0.00203074
0.482405 0.322512 2.44446 0.30766 0.951333 0.0176016 0.00123722
0.480904 0.324861 2.44482 0.309984 0.950564 0.0182898 0.00183091
0.479257 0.326968 2.44457 0.311983 0.949905 0.0185513 0.00145584
0.477325 0.329062 2.44474 0.314668 0.949067 0.0158101 0.00245692
0.474884 0.331189 2.44349 0.3171 0.948263 0.0156128 0.0013914
0.472668 0.333687 2.44265 0.319365 0.947485 0.0166772 0.000687264
0.470388 0.336324 2.44284 0.321542 0.946749 0.016644 0.000345648
0.468516 0.338751 2.44352 0.323242 0.946147 0.0178389 0.00151925
0.466393 0.340912 2.443 0.325522 0.945373 0.0174768 0.000281149
0.464309 0.343278 2.44426 0.327781 0.944622 0.0156086 0.00242121
0.46193 0.345461 2.443 0.32979 0.943923 0.0157041 0.000505916
0.45962 0.347794 2.44215 0.331877 0.943176 0.0166017 0.000900283
0.457658 0.350256 2.44255 0.334033 0.94241 0.0168657 0.0007942
0.455403 0.352569 2.44227 0.336268 0.941605 0.0173508 0.00130739
0.45334 0.354982 2.44271 0.33862 0.940791 0.0157469 0.000698247
0.450846 0.357183 2.441 0.340958 0.939941 0.0160519 -0.00082765
0.448668 0.35986 2.44214 0.34366 0.93898 0.0145966 0.000877915
0.445947 0.362561 2.44174 0.345826 0.938149 0.0167538 0.000102449
0.443834 0.36495 2.44201 0.34817 0.937286 0.0165179 0.000708367
0.441666 0.367272 2.44117 0.350209 0.936534 0.016024 -0.000225386
0.439532 0.369422 2.44097 0.352555 0.935676 0.0146678 -0.000677578
0.43756 0.371715 2.44108 0.354654 0.934879 0.0148832 -0.000564529
0.435576 0.37399 2.44131 0.356715 0.934085 0.0154378 -0.000838278
0.433506 0.37628 2.44122 0.358803 0.933261 0.0168289 -0.000526636
0.431628 0.378447 2.44172 0.361594 0.932198 0.0160324 -0.00048999
0.429365 0.380374 2.44062 0.364238 0.931167 0.016041 -0.00104129
0.427355 0.382631 2.44131 0.365912 0.930502 0.0165824 2.06682e-05
0.425007 0.384497 2.44028 0.368671 0.929406 0.0169042 0.000146467
0.422816 0.38651 2.43951 0.371086 0.928453 0.0161577 -0.00294772
0.420645 0.388762 2.4389 0.374484 0.927109 0.0147973 -0.00340965
0.41852 0.391398 2.44097 0.376322 0.926328 0.0172674 0.000277545
0.416254 0.392768 2.43876 0.37937 0.925101 0.0159624 -0.00342711
0.413527 0.394743 2.43785 0.380087 0.924802 0.0165821 -0.000728531
0.411903 0.396323 2.44095 0.382291 0.923815 0.0204669 -0.00106771
0.409755 0.398261 2.44162 0.385533 0.922613 0.0119783 -0.00228639
0.406991 0.400156 2.43945 0.387314 0.921818 0.015373 -0.00169951
0.405058 0.402411 2.44038 0.390378 0.92057 0.0121497 -0.00275758
0.402328 0.404519 2.43936 0.392318 0.919683 0.0160376 -0.00364957
0.400206 0.40684 2.43986 0.395076 0.918516 0.0154589 -0.00217036
0.398156 0.409079 2.44035 0.397979 0.917267 0.0147808 -0.00382882
0.395936 0.411216 2.44087 0.400142 0.916323 0.0151449 -0.00312804
0.393366 0.413256 2.44007 0.402594 0.915232 0.0159522 -0.00377313
0.390936 0.415792 2.44072 0.406069 0.913727 0.0139086 -0.00411216
0.388096 0.418132 2.44056 0.407801 0.912937 0.0153824 -0.00288715
0.385417 0.420039 2.43975 0.40991 0.911983 0.0157883 -0.00330805
0.382725 0.422207 2.43892 0.412241 0.910879 0.0181188 -0.00534982
0.380084 0.424665 2.43993 0.414184 0.910019 0.0171697 -0.00477047
0.377374 0.42675 2.43937 0.415826 0.909269 0.017147 -0.00505873
0.375212 0.428823 2.44056 0.418 0.908296 0.016038 -0.00401665
0.372774 0.430553 2.43958 0.420167 0.907279 0.0166026 -0.00538638
0.370236 0.432401 2.43848 0.422217 0.906286 0.0188371 -0.00481812
0.36794 0.434479 2.43911 0.424038 0.905436 0.0188508 -0.00473258
0.365361 0.436303 2.43872 0.425998 0.904507 0.0191818 -0.00496999
0.362732 0.438291 2.43891 0.42845 0.903379 0.017702 -0.00485598
0.359943 0.439977 2.43744 0.43046 0.902402 0.0185634 -0.00552287
0.357701 0.441971 2.43893 0.432644 0.901403 0.0162255 -0.00530462
0.354864 0.443387 2.43779 0.434227 0.900607 0.0180912 -0.00509115
0.352224 0.445202 2.43812 0.435931 0.899782 0.0181135 -0.00534458
0.349506 0.447444 2.43833 0.43804 0.898754 0.0180015 -0.00613144
0.346808 0.449441 2.43756 0.440168 0.897746 0.0160933 -0.00681047
0.344239 0.45148 2.43808 0.442297 0.89671 0.0155529 -0.0065819
0.341628 0.453219 2.43764 0.444752 0.895482 0.016141 -0.00689117
0.339221 0.455325 2.43769 0.446846 0.894386 0.018805 -0.00702124
0.337011 0.457424 2.43852 0.449945 0.892905 0.014685 -0.0073506
0.334232 0.459103 2.4372 0.452379 0.891637 0.0164814 -0.00806327
0.331402 0.460815 2.4369 0.454946 0.89031 0.0175846 -0.0079235
0.328481 0.462743 2.43733 0.457825 0.888813 0.0189569 -0.00693398
0.325778 0.464495 2.43791 0.460388 0.887496 0.0188309 -0.00623728
0.323224 0.466178 2.43785 0.462708 0.88632 0.0164309 -0.00821615
0.320376 0.467922 2.4378 0.464784 0.885183 0.0195546 -0.00662065
0.317513 0.469733 2.43729 0.467099 0.88396 0.0188826 -0.00873186
0.31502 0.471373 2.43717 0.469511 0.882716 0.0169265 -0.00922624
0.31275 0.473428 2.43908 0.471416 0.881703 0.0168914 -0.00900184
0.310106 0.475046 2.43814 0.473887 0.880352 0.0184551 -0.00844271
0.30774 0.476918 2.43913 0.476171 0.87916 0.0170576 -0.00695377
0.305245 0.47859 2.43886 0.478813 0.877708 0.0178805 -0.00688825
0.3026 0.480202 2.43819 0.481306 0.87636 0.016171 -0.008765
0.299746 0.482298 2.43942 0.483616 0.875111 0.0146863 -0.00895508
0.296252 0.48409 2.43774 0.485598 0.873945 0.0187478 -0.00794733
0.293601 0.486118 2.4389 0.487938 0.872638 0.0186385 -0.00849684
0.291115 0.487387 2.4391 0.489996 0.871521 0.0166821 -0.00881976
0.288842 0.489054 2.44103 0.492523 0.870127 0.0158104 -0.00709082
0.285901 0.490189 2.43944 0.494302 0.869063 0.0187843 -0.00655114
0.283245 0.491785 2.44026 0.496598 0.867813 0.0147049 -0.00867261
0.280301 0.493444 2.4405 0.498153 0.866851 0.0190213 -0.00711604
0.277343 0.495133 2.44039 0.500484 0.865521 0.0180588 -0.00796348
0.274255 0.496679 2.43947 0.502981 0.864084 0.0175706 -0.00780685
0.271472 0.498441 2.44053 0.505076 0.86289 0.0164741 -0.00691276
0.268687 0.499924 2.44047 0.507651 0.86138 0.016308 -0.00702724
0.265721 0.501503 2.4409 0.510474 0.859695 0.0163475 -0.00852976
0.262329 0.503288 2.44145 0.51314 0.858125 0.0154602 -0.00836496
0.259069 0.50486 2.44075 0.514944 0.857008 0.0179675 -0.00689154
0.256125 0.506499 2.44048 0.517371 0.855565 0.0166693 -0.00755758
0.253104 0.507924 2.44033 0.51981 0.85408 0.01679 -0.0080039
0.250231 0.509816 2.4413 0.521448 0.853089 0.0161017 -0.00852495
0.24709 0.511289 2.44051 0.523289 0.851913 0.0191132 -0.00698776
0.244424 0.512787 2.44118 0.525881 0.850366 0.0162065 -0.00799545
0.241529 0.514172 2.44061 0.527327 0.849443 0.0183487 -0.00602001
0.238657 0.515753 2.44088 0.529291 0.848214 0.0178923 -0.00797087
0.236026 0.517441 2.44198 0.531721 0.846716 0.0171671 -0.00705413
0.233299 0.51882 2.44143 0.533534 0.845548 0.0184233 -0.00712039
0.230602 0.520299 2.44084 0.536044 0.843944 0.0188874 -0.00762378
0.227956 0.522055 2.44147 0.53898 0.842083 0.0181389 -0.0081629
0.225132 0.523484 2.44144 0.541965 0.840177 0.0169965 -0.00934228
0.222717 0.524627 2.4427 0.543517 0.839172 0.0182902 -0.00668618
0.220088 0.525251 2.44134 0.545797 0.837666 0.0190711 -0.00765869
0.217391 0.526095 2.44109 0.548036 0.836214 0.0185434 -0.00768238
0.214496 0.527036 2.44066 0.550527 0.834558 0.0186217 -0.00928777
0.211584 0.52821 2.44092 0.552458 0.833299 0.0181884 -0.00845497
0.208694 0.529322 2.44053 0.554684 0.831823 0.0176753 -0.00917232
0.205819 0.53034 2.44108 0.556902 0.830361 0.016471 -0.00950563
0.202748 0.530815 2.43955 0.558695 0.829075 0.0197914 -0.010145
0.199935 0.531886 2.44015 0.560534 0.827853 0.0195763 -0.00887115
0.196943 0.532813 2.44022 0.562884 0.826273 0.0182767 -0.0100227
0.19384 0.533871 2.44053 0.565012 0.82485 0.0167728 -0.0101376
0.190503 0.535176 2.44074 0.567712 0.822959 0.0175616 -0.0114949
0.186985 0.536067 2.44063 0.569453 0.821739 0.0183293 -0.0114851
0.183766 0.536824 2.43963 0.570757 0.820804 0.019179 -0.0122205
0.180447 0.537867 2.43977 0.572641 0.819511 0.0187686 -0.0114802
0.177444 0.538848 2.43982 0.574461 0.818231 0.0188378 -0.0117021
0.174551 0.539894 2.43995 0.575972 0.817154 0.0196756 -0.0113627
0.171718 0.540659 2.43955 0.577794 0.81584 0.0198796 -0.0128168
0.168763 0.541761 2.44004 0.579835 0.814412 0.0193957 -0.012227
0.165895 0.542626 2.43979 0.581703 0.813101 0.0182957 -0.0123994
0.16288 0.543213 2.43901 0.583162 0.81201 0.0198735 -0.0128896
0.159696 0.544103 2.43981 0.585343 0.81051 0.0166846 -0.0129839
0.156354 0.544882 2.43912 0.58705 0.809213 0.0196181 -0.0127187
0.153103 0.545743 2.4402 0.588735 0.808036 0.0173737 -0.0129288
0.150124 0.546349 2.44012 0.590635 0.806661 0.0163447 -0.0135104
0.147174 0.546889 2.44002 0.592002 0.805664 0.0169587 -0.012281
0.144061 0.547549 2.44011 0.593602 0.804461 0.0177238 -0.0128282
0.140659 0.548244 2.43907 0.59569 0.802911 0.0175636 -0.0133566
0.1374 0.549487 2.44011 0.597212 0.801782 0.017817 -0.0128793
0.134107 0.550282 2.43978 0.599215 0.800271 0.0177529 -0.0138557
0.130883 0.551152 2.44084 0.600753 0.799141 0.0177498 -0.0124399
0.127673 0.551488 2.43978 0.602708 0.79766 0.0170208 -0.0138864
0.124376 0.552254 2.44057 0.604318 0.796463 0.0172564 -0.0121882
0.120998 0.552896 2.44027 0.606095 0.795124 0.0153336 -0.0138246
0.11744 0.553815 2.44022 0.607959 0.7937 0.0160899 -0.0129361
0.114124 0.554546 2.44072 0.610093 0.792046 0.0167094 -0.0130428
0.111065 0.555248 2.44109 0.611771 0.790753 0.0166472 -0.0129777
0.107868 0.555736 2.44071 0.613437 0.789479 0.0159696 -0.0128068
0.104944 0.556615 2.44232 0.615355 0.78802 0.0140654 -0.0128045
0.101737 0.557409 2.44138 0.616972 0.786716 0.0159191 -0.01308
0.0990596 0.558374 2.44218 0.618758 0.785319 0.0161699 -0.0122546
0.0963283 0.558987 2.44154 0.621147 0.783434 0.0156723 -0.0127547
0.0935886 0.559881 2.44201 0.623555 0.781542 0.0146865 -0.0125065
0.0907625 0.560523 2.44178 0.625351 0.780092 0.015011 -0.012949
0.0878508 0.561203 2.4426 0.627223 0.778611 0.0148267 -0.0116605
0.0848607 0.561555 2.44237 0.629097 0.7771 0.0141032 -0.0123516
0.0818607 0.562119 2.44249 0.63156 0.775106 0.0134874 -0.0127128
0.078651 0.562917 2.44379 0.633694 0.773369 0.0129149 -0.0128347
0.075445 0.563285 2.44352 0.635325 0.772015 0.0147643 -0.0116581
0.0725536 0.563774 2.44345 0.637252 0.770448 0.0130366 -0.0122178
0.0696999 0.564142 2.44428 0.639423 0.768653 0.0125134 -0.0124265
0.0666051 0.564289 2.44333 0.641262 0.7671 0.0135107 -0.0125816
0.0634696 0.565043 2.44501 0.642904 0.765746 0.0122302 -0.0125368
0.0602727 0.565173 2.44383 0.644525 0.764372 0.0139895 -0.0112371
0.0570158 0.565634 2.44354 0.646515 0.762701 0.0124052 -0.0122751
0.0539205 0.566032 2.44374 0.648299 0.761179 0.0126165 -0.0124835
0.0508627 0.56645 2.44451 0.650776 0.759096 0.0112869 -0.0116749
0.0477915 0.566961 2.444 0.652843 0.757299 0.0119976 -0.0122296
0.0446381 0.56792 2.44457 0.655138 0.755316 0.0116534 -0.0124856
0.0410829 0.568288 2.44363 0.657799 0.752987 0.0116924 -0.013173
0.0377783 0.568585 2.44353 0.659387 0.751589 0.0127921 -0.0126319
0.0346708 0.568878 2.44334 0.660945 0.750221 0.013617 -0.0115954
0.0316505 0.56915 2.44401 0.662732 0.748649 0.0129619 -0.0119429
0.0285905 0.569262 2.44387 0.664232 0.74733 0.0125261 -0.0116643
0.0255758 0.569141 2.44352 0.665605 0.746085 0.0120073 -0.0135391
0.0225061 0.569119 2.44347 0.667128 0.744749 0.0116342 -0.0123779
0.019452 0.569335 2.44348 0.668717 0.743336 0.0117354 -0.0114735
0.0165138 0.569415 2.44333 0.670243 0.741954 0.0106076 -0.0128782
0.0134232 0.569281 2.44245 0.671872 0.740453 0.0136033 -0.0115048
0.0103281 0.5695 2.44314 0.673629 0.73886 0.0120597 -0.0127952
0.00718125 0.569757 2.44338 0.675062 0.737559 0.012041 -0.0123705
0.00397418 0.569905 2.4432 0.676851 0.735923 0.0119372 -0.0121139
0.000516878 0.569933 2.44328 0.678767 0.734159 0.0115742 -0.012288
-0.00267283 0.569869 2.4434 0.680279 0.73276 0.0103828 -0.0132489
-0.0056422 0.569755 2.44342 0.681461 0.731649 0.0113075 -0.0131063
-0.00880413 0.569501 2.44243 0.683142 0.730084 0.0117973 -0.0124615
-0.0118807 0.569379 2.44232 0.684743 0.728601 0.0111466 -0.0119474
-0.0150792 0.569289 2.44177 0.686294 0.727123 0.0109968 -0.0130994
-0.018271 0.569301 2.4419 0.687871 0.72564 0.0111406 -0.0124702
-0.021461 0.569097 2.44101 0.689607 0.72399 0.0118116 -0.0118462
-0.0243766 0.569093 2.44086 0.691272 0.722383 0.0111444 -0.0135107
-0.0273439 0.5691 2.44055 0.693123 0.720593 0.0109258 -0.0144179
-0.0302926 0.568999 2.43942 0.695946 0.717866 0.0106085 -0.0146719
-0.0332456 0.568722 2.43775 0.698136 0.7157 0.0117055 -0.0156013
-0.0367392 0.569165 2.43906 0.701476 0.712411 0.0107039 -0.0169636
-0.0401427 0.56969 2.44171 0.703376 0.710497 0.00941934 -0.0191543
-0.0428654 0.567991 2.43621 0.705625 0.708263 0.00756382 -0.020001
-0.0460875 0.565218 2.42544 0.706146 0.70734 0.0212205 -0.0240438
-0.049665 0.567546 2.43656 0.708892 0.704709 0.0122296 -0.026596
-0.0524698 0.567959 2.43689 0.708752 0.705114 0.018105 -0.0125455
-0.0553812 0.567834 2.4365 0.711377 0.702546 0.00954373 -0.0167438
-0.0583295 0.568596 2.4397 0.713652 0.700206 0.0130472 -0.0155289
-0.0610633 0.568771 2.44023 0.715506 0.698282 0.00962809 -0.0189867
-0.0639907 0.568755 2.43982 0.71784 0.695908 0.00615514 -0.0194891
-0.0670811 0.568676 2.43969 0.71876 0.695017 0.0100477 -0.0152823
-0.0704914 0.568527 2.44014 0.720653 0.693065 0.0116895 -0.0135708
-0.0739192 0.568285 2.43992 0.72256 0.691042 0.00786787 -0.0175078
-0.0769446 0.567935 2.44018 0.724102 0.689437 0.00846032 -0.0167448
-0.0799846 0.568005 2.44161 0.725976 0.687483 0.00683897 -0.016731
-0.0830358 0.567719 2.44085 0.727578 0.685762 0.00628663 -0.0179324
-0.0864122 0.567941 2.44182 0.729672 0.683558 0.00734086 -0.0165262
-0.0897545 0.567968 2.44209 0.73159 0.681504 0.00735694 -0.0165533
-0.0930095 0.567807 2.44228 0.732869 0.68015 0.00616128 -0.0161951
-0.0962826 0.567618 2.44282 0.734611 0.678252 0.00543457 -0.0170648
-0.0995599 0.567223 2.44293 0.736187 0.676573 0.00680915 -0.0152238
-0.102765 0.566723 2.44241 0.738123 0.674453 0.00679265 -0.015546
-0.105997 0.566435 2.44284 0.739925 0.672475 0.00590662 -0.0159318
-0.109235 0.566066 2.44256 0.741684 0.670517 0.00647664 -0.0164202
-0.112799 0.565884 2.44336 0.743531 0.668475 0.00587649 -0.0163922
-0.115959 0.565265 2.44263 0.74496 0.666876 0.00641833 -0.0164046
-0.119172 0.564951 2.44329 0.746203 0.665504 0.00708629 -0.0153235
-0.122359 0.564256 2.44343 0.747763 0.66376 0.00485321 -0.0157986
-0.125818 0.563933 2.44423 0.749187 0.662164 0.00437351 -0.0154545
-0.129167 0.563809 2.44439 0.750641 0.660512 0.00425894 -0.0156334
-0.132524 0.56348 2.4441 0.752051 0.658902 0.0060757 -0.0151838
-0.13605 0.56339 2.44435 0.75371 0.65702 0.00548361 -0.0146915
-0.139518 0.563359 2.44405 0.755363 0.655091 0.0044859 -0.0162062
-0.142655 0.563148 2.44408 0.756778 0.653499 0.00586508 -0.0137997
-0.145495 0.562947 2.44465 0.75858 0.651389 0.00456231 -0.0151163
-0.148448 0.562401 2.44494 0.760335 0.649374 0.00463922 -0.0135219
-0.151491 0.561888 2.44439 0.762602 0.646678 0.00287654 -0.0154163
-0.154943 0.561446 2.44416 0.764127 0.644902 0.00499042 -0.0136173
-0.157829 0.561102 2.44438 0.766023 0.64263 0.00400574 -0.0148107
-0.160564 0.560537 2.44427 0.767537 0.640847 0.00488908 -0.0133192
-0.163362 0.559973 2.4444 0.769897 0.637939 0.00230292 -0.0169598
-0.166461 0.559365 2.44428 0.771491 0.636049 0.00368309 -0.0151735
-0.169618 0.558682 2.44399 0.773419 0.633718 0.0037618 -0.0145273
-0.172809 0.558179 2.44452 0.77508 0.631708 0.00368994 -0.0134928
-0.175853 0.557691 2.44483 0.777058 0.62925 0.00294927 -0.0147334
-0.178879 0.556836 2.44389 0.778774 0.627147 0.0040368 -0.0134653
-0.181905 0.556244 2.44394 0.780968 0.624403 0.00313017 -0.014112
-0.184994 0.555674 2.44403 0.782923 0.621917 0.00293939 -0.0155678
-0.188418 0.554832 2.44316 0.785269 0.618929 0.00343539 -0.0163605
-0.19187 0.55411 2.44376 0.787199 0.616516 0.00380403 -0.0144963
-0.194812 0.553242 2.44232 0.78885 0.61436 0.00347551 -0.0162996
-0.197879 0.55253 2.44283 0.790216 0.612663 0.00380092 -0.0136953
-0.200763 0.55211 2.44331 0.791841 0.610561 0.00330423 -0.0138586
-0.203416 0.551352 2.44213 0.793647 0.608175 0.00336187 -0.015337
-0.206292 0.5508 2.44243 0.795589 0.605647 0.00319645 -0.0148363
-0.209094 0.550061 2.44176 0.797082 0.603626 0.00308449 -0.0169253
-0.212001 0.549626 2.44222 0.798947 0.601198 0.00217471 -0.015474
-0.214804 0.548868 2.44136 0.800349 0.599258 0.00321612 -0.0179021
-0.217827 0.548274 2.44189 0.801943 0.597185 0.00354374 -0.0156375
-0.220899 0.547549 2.44176 0.803709 0.594806 0.00250942 -0.0158315
-0.224017 0.546695 2.44125 0.805323 0.592626 0.00270929 -0.0155609
-0.227422 0.546163 2.44209 0.807434 0.589724 0.00209872 -0.0164871
-0.230498 0.544945 2.44069 0.808848 0.587802 0.00354929 -0.0155028
-0.233112 0.543976 2.44035 0.810318 0.585768 0.00256692 -0.0159336
-0.235941 0.543166 2.442 0.812026 0.583398 0.00101548 -0.0161232
-0.238514 0.541613 2.43994 0.813121 0.581851 0.0020285 -0.0167193
-0.24146 0.540269 2.43973 0.814406 0.58005 0.00288795 -0.0166485
-0.244613 0.539364 2.44066 0.815839 0.578002 0.000951368 -0.0178797
-0.247656 0.538082 2.44092 0.816897 0.576547 0.00189473 -0.0164046
-0.250498 0.536548 2.4403 0.81816 0.574752 0.00107395 -0.0165427
-0.25345 0.535246 2.4402 0.819514 0.572778 0.0014509 -0.0178965
-0.256415 0.533771 2.44007 0.820512 0.571362 0.00134571 -0.0174084
-0.259663 0.532421 2.44054 0.821775 0.569575 -7.05245e-05 -0.0164499
-0.263217 0.53115 2.44108 0.823068 0.567746 0.00211242 -0.014808
-0.266423 0.529438 2.44042 0.824561 0.56555 0.00179132 -0.015781
-0.269451 0.528378 2.44127 0.825682 0.563896 0.000428248 -0.0164511
-0.272437 0.527111 2.44144 0.826947 0.562064 0.00039949 -0.0155899
-0.27529 0.525597 2.44017 0.828259 0.5601 0.00143362 -0.0165075
-0.278291 0.524726 2.44095 0.829142 0.558827 0.00153764 -0.0152714
-0.281014 0.523648 2.44058 0.830489 0.556816 0.00134907 -0.0155934
-0.283737 0.522533 2.44104 0.832229 0.554194 0.00109143 -0.0162014
-0.286385 0.521431 2.44156 0.833533 0.552213 -0.000488323 -0.0167983
-0.289059 0.520086 2.44181 0.834775 0.550323 -0.000936579 -0.0171668
-0.291736 0.518692 2.4416 0.836191 0.548201 -0.000958106 -0.0161109
-0.294358 0.517263 2.44087 0.837609 0.54603 -0.00048518 -0.0161978
-0.297448 0.516043 2.44237 0.838869 0.544113 -0.00202556 -0.015366
-0.300056 0.514561 2.44212 0.840196 0.542051 -0.00185879 -0.0157281
-0.302551 0.513136 2.44136 0.841381 0.540195 -0.00174383 -0.0162411
-0.305237 0.511833 2.44187 0.842763 0.538034 -0.00234501 -0.0162428
-0.308142 0.510414 2.44234 0.844164 0.535819 -0.00271238 -0.0166538
-0.311277 0.508968 2.44298 0.845236 0.534183 -0.00201558 -0.0148494
-0.314082 0.507358 2.44258 0.846438 0.532255 -0.00286761 -0.0154546
-0.317019 0.505733 2.44222 0.847777 0.530069 -0.00346246 -0.0170156
-0.320077 0.504337 2.44271 0.848774 0.52862 -0.00202475 -0.0117739
-0.322752 0.502709 2.44164 0.850224 0.526194 -0.0023473 -0.0152715
-0.326158 0.501783 2.44462 0.851859 0.523527 -0.00565838 -0.0149388
-0.328593 0.499845 2.44188 0.853049 0.521667 -0.00267479 -0.0127782
-0.33188 0.49871 2.4428 0.854893 0.518493 -0.00414525 -0.0174858
-0.334791 0.496879 2.44205 0.855982 0.516762 -0.00442504 -0.0152152
-0.337624 0.495287 2.4425 0.857225 0.514746 -0.00383542 -0.0136567
-0.34048 0.49366 2.4428 0.858336 0.512878 -0.00416783 -0.0141057
-0.343356 0.492057 2.44325 0.859568 0.510786 -0.00472572 -0.0147824
-0.346158 0.490285 2.44289 0.860368 0.509472 -0.00473583 -0.0135378
-0.348824 0.488853 2.44285 0.861492 0.507553 -0.00498347 -0.0140072
-0.351525 0.487177 2.443 0.86264 0.505579 -0.00616552 -0.0143048
-0.35415 0.485514 2.44306 0.863713 0.503758 -0.00643495 -0.0136621
-0.356642 0.483705 2.4421 0.864772 0.501901 -0.00578055 -0.0152052
-0.359207 0.482199 2.44218 0.865959 0.499847 -0.00581938 -0.0153196
-0.361969 0.480698 2.44304 0.867066 0.497919 -0.0075744 -0.0147102
-0.364779 0.478878 2.44201 0.868504 0.495426 -0.00653495 -0.0145191
-0.367913 0.477042 2.44204 0.86951 0.493674 -0.00595933 -0.014232
-0.370589 0.475143 2.44184 0.870432 0.492017 -0.00711083 -0.0147167
-0.373097 0.473255 2.44135 0.871461 0.490207 -0.00727598 -0.0140975
-0.375646 0.471503 2.44172 0.872669 0.48805 -0.00770625 -0.0140038
-0.378487 0.469861 2.44187 0.873843 0.485972 -0.00742621 -0.0132393
-0.381279 0.468057 2.44142 0.874854 0.484109 -0.0078341 -0.014395
-0.384061 0.466425 2.44183 0.87601 0.482002 -0.00911234 -0.0140194
-0.38686 0.464625 2.44142 0.877074 0.480151 -0.00727903 -0.0119985
-0.389529 0.462818 2.44103 0.878519 0.477418 -0.0084821 -0.0143347
-0.3921 0.460894 2.44029 0.879759 0.475114 -0.00744519 -0.0153315
-0.394859 0.459332 2.44155 0.881265 0.472239 -0.00968403 -0.0163847
-0.397668 0.457466 2.4424 0.882971 0.469084 -0.0100059 -0.014917
-0.400526 0.45501 2.44135 0.884474 0.466305 -0.00857785 -0.0138425
-0.40307 0.453106 2.44132 0.885681 0.463911 -0.00984548 -0.0160882
-0.405493 0.451259 2.44114 0.886756 0.461906 -0.00960198 -0.0146439
-0.407677 0.449379 2.44075 0.88783 0.459826 -0.00895002 -0.0154182
-0.410136 0.447464 2.4405 0.888967 0.457678 -0.00788623 -0.014399
-0.412496 0.445652 2.43996 0.890156 0.455343 -0.00776841 -0.014991
-0.415056 0.444084 2.44063 0.89117 0.453367 -0.00744565 -0.0147671
-0.417416 0.442182 2.44003 0.892414 0.450861 -0.00772643 -0.0161763
-0.419842 0.440339 2.44031 0.893701 0.448317 -0.00851855 -0.0154442
-0.422172 0.438395 2.43963 0.894709 0.44628 -0.00863082 -0.0160027
-0.424567 0.436388 2.4395 0.895859 0.443999 -0.00810773 -0.0153771
-0.427414 0.434525 2.44052 0.897029 0.4416 -0.00897068 -0.0157656
-0.430417 0.432297 2.44032 0.898417 0.438807 -0.0089466 -0.0146897
-0.432842 0.430076 2.43941 0.899458 0.436643 -0.00855858 -0.015634
-0.434905 0.428194 2.4396 0.90019 0.435197 -0.00923383 -0.0132593
-0.437087 0.426519 2.44036 0.901563 0.432312 -0.0105683 -0.0133454
-0.439282 0.424784 2.44031 0.9027 0.429933 -0.00942358 -0.0141537
-0.441479 0.422483 2.43875 0.903783 0.427571 -0.00889639 -0.0167552
-0.444102 0.420616 2.44001 0.904734 0.425557 -0.0108025 -0.0155091
-0.446662 0.418431 2.44019 0.905747 0.423519 -0.00941349 -0.012874
-0.448973 0.416081 2.43998 0.906617 0.421613 -0.0100103 -0.0136958
-0.451389 0.413892 2.43983 0.907784 0.419108 -0.010153 -0.0131915
-0.453529 0.411832 2.43966 0.908812 0.416784 -0.0109709 -0.0152071
-0.456191 0.409785 2.44065 0.909763 0.414794 -0.010689 -0.0127449
-0.458602 0.407266 2.43947 0.911024 0.411973 -0.0108541 -0.0140207
-0.461716 0.404885 2.44101 0.912172 0.409429 -0.0113431 -0.0134855
-0.463954 0.402186 2.43953 0.912908 0.407833 -0.00999311 -0.0131119
-0.466415 0.400006 2.44032 0.913915 0.405638 -0.0101345 -0.0106717
-0.468889 0.397895 2.44091 0.914719 0.403748 -0.0110339 -0.0124811
-0.471253 0.395874 2.44071 0.915515 0.402004 -0.0103726 -0.0108707
-0.473559 0.393819 2.44027 0.916438 0.399864 -0.0100138 -0.0122801
-0.476094 0.391665 2.44146 0.917234 0.398057 -0.0120942 -0.00927927
-0.478544 0.389384 2.4407 0.918155 0.395896 -0.0118214 -0.0108618
-0.480826 0.387218 2.44006 0.919057 0.393855 -0.0106451 -0.00990112
-0.482949 0.385123 2.44004 0.920008 0.391617 -0.0107173 -0.010319
-0.485096 0.383038 2.44 0.921127 0.388874 -0.0119881 -0.0125712
-0.487425 0.38077 2.43984 0.921935 0.387173 -0.00813316 -0.0081212
-0.489783 0.379078 2.44087 0.922994 0.384547 -0.00962208 -0.0105855
-0.491783 0.377348 2.44094 0.924284 0.381411 -0.00978439 -0.0113332
-0.493844 0.374883 2.44016 0.925016 0.379736 -0.00800619 -0.00904151
-0.496085 0.372875 2.44118 0.926444 0.376121 -0.0125175 -0.00880822
-0.498278 0.370301 2.43945 0.927309 0.374097 -0.00871742 -0.00855879
-0.50072 0.368361 2.44095 0.928614 0.370674 -0.0115456 -0.0119637
-0.502869 0.366097 2.44077 0.929599 0.368203 -0.0112504 -0.0120422
-0.504983 0.363895 2.4407 0.930719 0.365479 -0.00967052 -0.00965708
-0.50731 0.361908 2.4417 0.93173 0.362849 -0.011924 -0.00884384
-0.509401 0.35966 2.44106 0.933082 0.35927 -0.0110675 -0.0126277
-0.511605 0.357281 2.44124 0.934079 0.356692 -0.0112973 -0.0117879
-0.51411 0.355036 2.44222 0.935241 0.353594 -0.0121256 -0.0121543
-0.516101 0.352549 2.44157 0.936119 0.351338 -0.0107623 -0.0112728
-0.518065 0.350174 2.44105 0.937067 0.348756 -0.011553 -0.011873
-0.520142 0.347736 2.44076 0.937857 0.346709 -0.0104419 -0.010374
-0.522491 0.34542 2.44132 0.938874 0.343872 -0.011251 -0.0118884
-0.524491 0.343103 2.44107 0.9396 0.341934 -0.0105032 -0.0110774
-0.526725 0.341204 2.44188 0.940627 0.339084 -0.01086 -0.0112155
-0.52852 0.338964 2.44154 0.941524 0.33662 -0.0106136 -0.0103949
-0.532587 0.334708 2.44206 0.943166 0.331925 -0.0116404 -0.0112895
-0.534683 0.332264 2.44213 0.943894 0.329879 -0.0122186 -0.00970744
-0.536473 0.3297 2.44178 0.944768 0.327389 -0.0115139 -0.00983263
-0.538772 0.327264 2.4423 0.945801 0.324362 -0.0117358 -0.0106321
-0.541214 0.32473 2.44347 0.94679 0.321489 -0.0122176 -0.0092113
-0.542938 0.322086 2.44257 0.947629 0.318909 -0.0125827 -0.0117546
-0.544782 0.319755 2.44266 0.948235 0.317185 -0.012072 -0.00995523
-0.546606 0.317409 2.4431 0.949174 0.314345 -0.0127181 -0.00969146
-0.548861 0.315011 2.44439 0.949884 0.312104 -0.0141178 -0.0105908
-0.550601 0.312133 2.44316 0.950603 0.310043 -0.0119451 -0.00917991
-0.552463 0.309466 2.44309 0.951357 0.307666 -0.0131578 -0.00943333
-0.554168 0.306771 2.44237 0.952101 0.305388 -0.0117588 -0.0101402
-0.556158 0.304286 2.44338 0.952845 0.302991 -0.013583 -0.00992344
-0.558009 0.30153 2.4434 0.953454 0.301119 -0.0132237 -0.00888069
-0.560031 0.298801 2.44421 0.954223 0.298565 -0.0150655 -0.00948647
-0.562403 0.295934 2.44476 0.9551 0.295805 -0.0138536 -0.00953086
-0.564367 0.292713 2.44502 0.955903 0.293239 -0.0140141 -0.00794456
-0.565794 0.290091 2.44366 0.95659 0.290867 -0.0141358 -0.0115423
-0.567255 0.287482 2.44302 0.957092 0.289397 -0.0113393 -0.00974321
-0.568348 0.28477 2.44216 0.957615 0.2876 -0.0124187 -0.0102556
-0.570571 0.282735 2.44515 0.958135 0.285788 -0.0153123 -0.00826659
-0.571715 0.280117 2.44398 0.958754 0.283773 -0.0135897 -0.0088683
-0.573007 0.277568 2.44329 0.959483 0.281229 -0.0134346 -0.0110399
-0.574539 0.275174 2.44375 0.96027 0.278546 -0.0134588 -0.0105716
-0.575688 0.272491 2.44214 0.960863 0.276598 -0.0128244 -0.00842699
-0.57782 0.270274 2.44504 0.961613 0.273851 -0.014277 -0.0101323
-0.579136 0.267622 2.44447 0.962183 0.271936 -0.0136149 -0.00832102
-0.580144 0.264859 2.4435 0.962866 0.269502 -0.013472 -0.00877061
-0.581988 0.262308 2.44561 0.963689 0.266364 -0.0155648 -0.0105266
-0.583588 0.259302 2.44549 0.964328 0.264103 -0.0153166 -0.00924826
-0.58463 0.256471 2.44482 0.964954 0.261808 -0.0151598 -0.00950078
-0.585561 0.253882 2.44422 0.965544 0.259582 -0.0143616 -0.0116805
-0.586629 0.25099 2.44435 0.966018 0.25797 -0.0142671 -0.00754981
-0.587838 0.248191 2.44418 0.966533 0.256124 -0.012799 -0.00707458
-0.589426 0.24551 2.4454 0.967144 0.253639 -0.0153351 -0.00797528
-0.590966 0.24276 2.44595 0.967734 0.251339 -0.0157707 -0.00844956
-0.592218 0.239736 2.44469 0.96826 0.249355 -0.0147434 -0.00881057
-0.593687 0.236847 2.44465 0.968831 0.247201 -0.0143332 -0.00720385
-0.595018 0.234103 2.44429 0.9695 0.24447 -0.014445 -0.00980116
-0.596314 0.231287 2.44354 0.970202 0.241704 -0.0140548 -0.00947286
-0.598265 0.228646 2.44556 0.9708 0.239229 -0.0156668 -0.00845778
-0.599996 0.225503 2.44624 0.97144 0.236648 -0.0147284 -0.00917868
-0.601179 0.222205 2.44576 0.971917 0.23446 -0.0166401 -0.0113082
-0.602485 0.219222 2.44588 0.972434 0.23246 -0.0156476 -0.00948643
-0.603567 0.215941 2.44555 0.972885 0.230641 -0.0147244 -0.00912723
-0.605414 0.213144 2.44801 0.973167 0.229354 -0.0166432 -0.00809613
-0.605431 0.209971 2.44347 0.973608 0.22779 -0.0123957 -0.00678993
-0.607025 0.207336 2.44546 0.974253 0.22476 -0.0156313 -0.00833999
-0.607956 0.204287 2.44476 0.974614 0.223208 -0.0159199 -0.00723506
-0.609316 0.201403 2.44564 0.975087 0.221157 -0.0156176 -0.00717976
-0.610314 0.198569 2.44516 0.975598 0.218901 -0.0154021 -0.0073473
-0.611741 0.195771 2.44609 0.976061 0.216721 -0.0162653 -0.00856191
-0.612987 0.192693 2.44594 0.9766 0.21431 -0.0159984 -0.00820526
-0.614031 0.189695 2.44534 0.977029 0.212341 -0.015659 -0.00896961
-0.615057 0.186672 2.44499 0.977428 0.21049 -0.0163898 -0.00773231
-0.616272 0.183725 2.44567 0.977837 0.208452 -0.0171923 -0.00931663
-0.617513 0.180644 2.44578 0.978327 0.206183 -0.0168361 -0.00897865
-0.618905 0.177432 2.44567 0.97884 0.203735 -0.0166678 -0.00933951
-0.62037 0.174337 2.44587 0.979196 0.202011 -0.0167398 -0.00934417
-0.621255 0.171266 2.44475 0.979549 0.200482 -0.015215 -0.00767687
-0.622414 0.168227 2.4444 0.980122 0.197748 -0.0146154 -0.00649737
-0.624161 0.165349 2.44596 0.980615 0.195171 -0.0160503 -0.00672711
-0.625296 0.162493 2.4456 0.981171 0.192291 -0.0160906 -0.00826768
-0.626437 0.159455 2.44526 0.981694 0.189824 -0.014642 -0.00544682
-0.627498 0.156372 2.44519 0.982352 0.186372 -0.0148555 -0.00541846
-0.628564 0.153201 2.44524 0.98291 0.183228 -0.0147362 -0.00988028
-0.629319 0.150148 2.44491 0.983384 0.180771 -0.0144735 -0.00830134
-0.630019 0.147272 2.44496 0.983722 0.178828 -0.0150798 -0.00913666
-0.630945 0.14425 2.44565 0.984148 0.176509 -0.0154037 -0.00774783
-0.631862 0.141226 2.44494 0.984625 0.173986 -0.0140254 -0.00673856
-0.63321 0.138437 2.44562 0.985087 0.171077 -0.0154615 -0.00988704
-0.634264 0.135641 2.44529 0.985487 0.168939 -0.0141991 -0.0086112
-0.635234 0.132767 2.4447 0.985951 0.166276 -0.0137492 -0.00794118
-0.636449 0.129937 2.44469 0.986354 0.163884 -0.0138728 -0.00737288
-0.637524 0.127304 2.44521 0.986701 0.161575 -0.0146605 -0.00995789
-0.638404 0.124331 2.44521 0.987094 0.159318 -0.0136004 -0.00883601
-0.639395 0.121136 2.44583 0.987449 0.157012 -0.0152632 -0.00766522
-0.640577 0.117719 2.44627 0.987917 0.154016 -0.0150065 -0.00854434
-0.641326 0.114393 2.44531 0.988273 0.151889 -0.0145397 -0.00590882
-0.64204 0.111689 2.44481 0.98865 0.149293 -0.0146149 -0.00835735
-0.642739 0.108853 2.44451 0.988994 0.147039 -0.014764 -0.00728114
-0.643837 0.105819 2.44603 0.989403 0.144053 -0.0157697 -0.00900173
-0.644198 0.10245 2.44398 0.989721 0.1422 -0.0134577 -0.00705265
-0.64506 0.0992068 2.44494 0.990009 0.14006 -0.0144686 -0.00746335
-0.645884 0.095989 2.44592 0.990232 0.138378 -0.0158211 -0.00642467
-0.646492 0.0926659 2.44591 0.990606 0.135759 -0.0152351 -0.00602714
-0.647143 0.0894197 2.44637 0.990869 0.133582 -0.0171352 -0.0064056
-0.647614 0.0862249 2.44561 0.991194 0.131336 -0.015642 -0.00633675
-0.648338 0.0829517 2.44546 0.991534 0.128773 -0.0150639 -0.00718248
-0.649111 0.0792958 2.44595 0.991887 0.125913 -0.0159439 -0.00713663
-0.649497 0.0757361 2.44578 0.992161 0.12372 -0.0158967 -0.00751227
-0.650127 0.0725364 2.44603 0.992385 0.121909 -0.0159384 -0.00748341
-0.650575 0.0693497 2.4461 0.992653 0.119765 -0.0158629 -0.00667194
-0.651202 0.0662397 2.44662 0.992861 0.117872 -0.0165986 -0.00764069
-0.651498 0.0630988 2.44541 0.99309 0.116083 -0.0158635 -0.00674889
-0.651697 0.06003 2.44472 0.99329 0.114487 -0.0147314 -0.0070675
-0.652075 0.0568253 2.44469 0.993507 0.112486 -0.016153 -0.00537995
-0.652581 0.053561 2.4448 0.993694 0.110858 -0.0160079 -0.00521857
-0.653355 0.050258 2.44539 0.993945 0.108544 -0.0158098 -0.00638215
-0.654068 0.0469536 2.44587 0.994112 0.107072 -0.0159573 -0.00476936
-0.654572 0.0438302 2.4457 0.994389 0.104422 -0.0163795 -0.00419702
-0.655084 0.0408492 2.4451 0.994702 0.101232 -0.0163656 -0.0072023
-0.655881 0.0376991 2.44574 0.995004 0.0983902 -0.0158783 -0.00586899
-0.656064 0.0349562 2.44472 0.995267 0.0956677 -0.0156255 -0.00689877
-0.656248 0.0324176 2.44378 0.995534 0.0930201 -0.0152319 -0.00524446
-0.656764 0.0296644 2.44486 0.995759 0.0901932 -0.0165927 -0.00727279
-0.657028 0.0265359 2.44521 0.995942 0.0882091 -0.0170218 -0.00537266
-0.657558 0.023339 2.44604 0.99617 0.0854694 -0.0176626 -0.00541617
-0.6578 0.0202556 2.44564 0.9964 0.082959 -0.0169945 -0.00408917
-0.658192 0.017181 2.44557 0.996652 0.0800337 -0.0160568 -0.00468581
-0.658452 0.0140144 2.44448 0.996874 0.0773758 -0.0153446 -0.004526
-0.659035 0.01094 2.44532 0.997077 0.0744413 -0.0161319 -0.00600224
-0.659511 0.00787097 2.44559 0.997259 0.0718143 -0.0168023 -0.00594611
-0.65992 0.00457397 2.44603 0.997473 0.0688453 -0.0164355 -0.00613217
-0.660365 0.000928353 2.44568 0.997722 0.0654265 -0.0155497 -0.00527811
-0.660459 -0.00258643 2.44493 0.997913 0.0627178 -0.0145882 -0.00492484
-0.661114 -0.0057494 2.44615 0.998025 0.0605608 -0.0162348 -0.00391777
-0.66178 -0.00910891 2.44683 0.998186 0.0580614 -0.0151389 -0.00503041
-0.662071 -0.012585 2.44606 0.998307 0.056166 -0.0147407 -0.00334873
-0.662573 -0.0157039 2.44627 0.998443 0.0535602 -0.0147559 -0.00508919
-0.662723 -0.0184377 2.44515 0.998576 0.0512925 -0.0144319 -0.00249215
-0.663131 -0.0212918 2.44496 0.998723 0.048516 -0.0137726 -0.00293178
-0.663881 -0.0243264 2.44606 0.998842 0.045626 -0.0148972 -0.00333108
-0.664109 -0.0274206 2.446 0.998925 0.0437232 -0.0149157 -0.00375517
-0.664472 -0.0306088 2.44658 0.999023 0.0410941 -0.0155851 -0.00454534
-0.664864 -0.0340213 2.44724 0.999114 0.0385957 -0.0163891 -0.00371307
-0.664614 -0.0374686 2.44635 0.999219 0.0361928 -0.0158015 -0.00164961
-0.664643 -0.0406289 2.44602 0.999302 0.0335364 -0.0162594 -0.00254517
-0.66455 -0.0436014 2.44541 0.99936 0.0317041 -0.0163775 -0.00265762
-0.665033 -0.0468298 2.44691 0.999422 0.0290849 -0.0171489 -0.00389289
-0.665175 -0.0501736 2.44654 0.999506 0.0261981 -0.0165888 -0.00506792
-0.665081 -0.0536772 2.4456 0.999564 0.0247213 -0.0161211 -0.00123313
-0.665836 -0.0570537 2.44791 0.999566 0.0226582 -0.0187394 -0.00175845
-0.665547 -0.0602886 2.44588 0.999669 0.019228 -0.0165329 -0.00434611
-0.665512 -0.0635626 2.44519 0.999734 0.017436 -0.0150221 -0.00161364
-0.665855 -0.0668237 2.44553 0.999775 0.0131493 -0.0163156 -0.00321381
-0.666289 -0.0704546 2.44587 0.99977 0.0121452 -0.0165816 0.0061157
-0.666674 -0.073796 2.44649 0.999845 0.00840916 -0.0153578 -0.00189943
-0.666807 -0.0775359 2.44674 0.999838 0.0071799 -0.0164895 0.00105261
-0.665592 -0.0808734 2.44432 0.999745 0.00579693 -0.0149857 0.0158449
-0.66614 -0.0839359 2.44769 0.999788 0.000766789 -0.020354 0.00308643
-0.666111 -0.0864327 2.44762 0.999788 0.0005794 -0.0203992 0.00287256
-0.666405 -0.089555 2.44879 0.999542 -0.00548167 -0.0216126 -0.0204373
-0.666145 -0.0930515 2.4463 0.999839 -0.00494068 -0.0145538 -0.00928193
-0.66662 -0.0958041 2.44692 0.999801 -0.00899858 -0.0176292 -0.00234356
-0.66663 -0.0987877 2.44666 0.999809 -0.0100224 -0.0167332 0.00104593
-0.666715 -0.101773 2.44632 0.999745 -0.0144352 -0.0172841 -0.00168619
-0.666186 -0.104757 2.44432 0.999734 -0.0160802 -0.0158894 0.00458297
-0.666153 -0.107783 2.44525 0.99967 -0.0190638 -0.0169373 0.00318377
-0.66617 -0.110613 2.44622 0.999586 -0.0220112 -0.0184735 -0.00132854
-0.666298 -0.11389 2.4466 0.99954 -0.0253959 -0.0165641 0.000384005
-0.666366 -0.117295 2.44699 0.999438 -0.028353 -0.0178665 -6.73284e-05
-0.666183 -0.12011 2.44667 0.99935 -0.030972 -0.0183415 -0.00181225
-0.665666 -0.122675 2.44537 0.999282 -0.0337465 -0.017164 -0.00115641
-0.665487 -0.125891 2.44524 0.999207 -0.0362757 -0.0162689 0.00202149
-0.665266 -0.129197 2.44549 0.999095 -0.0386878 -0.0173679 0.00328153
-0.664729 -0.132379 2.44463 0.999018 -0.0411005 -0.0162452 0.00319218
-0.664834 -0.135566 2.44605 0.998867 -0.0442336 -0.017515 0.00118223
-0.664282 -0.138664 2.44454 0.998785 -0.046663 -0.015295 0.00411648
-0.664202 -0.14191 2.44468 0.998628 -0.0499898 -0.0154001 0.00230944
-0.663982 -0.145054 2.44492 0.99845 -0.0530296 -0.0168853 0.000882529
-0.663367 -0.148132 2.44408 0.998319 -0.0555949 -0.0161594 0.00276208
-0.663297 -0.151581 2.44529 0.998112 -0.0591838 -0.0162719 0.00219372
-0.662437 -0.155058 2.44396 0.997952 -0.0620371 -0.0154956 0.00195859
-0.661922 -0.157992 2.44344 0.997833 -0.0638892 -0.0155477 0.00227029
-0.661502 -0.16097 2.44411 0.997678 -0.0661011 -0.0164028 0.000832568
-0.66101 -0.163907 2.44455 0.997542 -0.0680008 -0.0168372 0.0015873
-0.660289 -0.166914 2.44414 0.997414 -0.0698909 -0.0165363 0.00254076
-0.65949 -0.16977 2.44401 0.997281 -0.0715829 -0.0171132 0.00364057
-0.658655 -0.172818 2.44374 0.997129 -0.0738157 -0.0165285 0.0033267
-0.658014 -0.17582 2.44368 0.99695 -0.076245 -0.0165836 0.00164784
-0.65738 -0.179017 2.44361 0.996787 -0.07827 -0.0169242 0.00166927
-0.656896 -0.182083 2.44428 0.996615 -0.0802711 -0.0175246 0.00276521
-0.655971 -0.18497 2.44314 0.996442 -0.0824467 -0.0173381 0.0022395
-0.655234 -0.188151 2.44285 0.996253 -0.0850131 -0.0156318 0.00293435
-0.654618 -0.191574 2.4439 0.996024 -0.0871719 -0.0181499 0.00274095
-0.653804 -0.194556 2.44408 0.99585 -0.0892521 -0.0178112 0.000655649
-0.652386 -0.197222 2.44273 0.995764 -0.0902555 -0.0174943 0.00169982
-0.650773 -0.199977 2.44084 0.995603 -0.0921889 -0.0164694 0.0022485
-0.650036 -0.203124 2.44151 0.995412 -0.0941466 -0.0168851 0.0024132
-0.649505 -0.206378 2.44275 0.995167 -0.0967586 -0.0167265 -0.000117953
-0.648464 -0.209384 2.44176 0.995029 -0.0979821 -0.0176369 0.00246442
-0.647526 -0.212451 2.44159 0.994835 -0.100144 -0.0164776 0.00181086
-0.646512 -0.215555 2.4412 0.99461 -0.10235 -0.0164353 0.0021813
-0.645931 -0.218716 2.44179 0.99438 -0.104469 -0.0169154 0.00293106
-0.64502 -0.221773 2.4415 0.994075 -0.107206 -0.0178495 0.00189758
-0.644081 -0.22495 2.4414 0.993794 -0.109903 -0.0170181 0.00224909
-0.642936 -0.228312 2.44087 0.993368 -0.113798 -0.0163994 0.0011904
-0.641664 -0.231431 2.44088 0.993065 -0.116292 -0.0172194 0.00153114
-0.640732 -0.234327 2.44131 0.992828 -0.118222 -0.0175187 0.00315252
-0.639607 -0.237226 2.44089 0.992525 -0.120835 -0.0171233 0.000473856
-0.638748 -0.240318 2.44061 0.992256 -0.123084 -0.0164801 0.00269425
-0.637957 -0.243139 2.43984 0.992033 -0.12506 -0.0149551 0.00267584
-0.636898 -0.245946 2.43934 0.991746 -0.127286 -0.0151235 0.00310366
-0.636112 -0.248744 2.43996 0.991419 -0.129763 -0.0158102 0.000986991
-0.635125 -0.25169 2.4403 0.991136 -0.131718 -0.0172035 0.00186638
-0.634092 -0.254452 2.44005 0.990839 -0.133905 -0.0174886 0.00160595
-0.633519 -0.257518 2.44117 0.990549 -0.136093 -0.0170806 0.000342839
-0.632441 -0.260848 2.44105 0.990267 -0.138007 -0.0180426 0.000851847
-0.631068 -0.264081 2.43953 0.989963 -0.140414 -0.0160173 0.00079903
-0.630023 -0.267039 2.43919 0.989658 -0.142547 -0.0159669 0.00180072
-0.62904 -0.269784 2.43889 0.989277 -0.145101 -0.0165565 0.00168084
-0.628105 -0.272528 2.43893 0.988881 -0.147746 -0.0168119 0.00136308
-0.627405 -0.275671 2.43985 0.988516 -0.150225 -0.0163575 0.00100495
-0.626254 -0.278972 2.43915 0.988156 -0.152586 -0.0161388 0.00231496
-0.625317 -0.282209 2.43924 0.987816 -0.154775 -0.016231 0.00126874
-0.62426 -0.285379 2.43857 0.987393 -0.157523 -0.0154426 0.00173527
-0.62343 -0.28871 2.43994 0.987001 -0.1599 -0.0161593 0.00076419
-0.621711 -0.291316 2.43869 0.986597 -0.162266 -0.0172069 -0.000132308
-0.620261 -0.294302 2.43827 0.986258 -0.164266 -0.0176257 0.00131842
-0.619325 -0.297574 2.43966 0.985821 -0.166911 -0.0172541 0.00056292
-0.618167 -0.301032 2.4402 0.985463 -0.168768 -0.0189635 0.0044299
-0.616453 -0.303854 2.4391 0.984982 -0.171691 -0.018051 0.00260201
-0.614946 -0.306782 2.43837 0.984625 -0.173862 -0.0167524 0.00217262
-0.613556 -0.309691 2.43856 0.984258 -0.175837 -0.017688 0.00218441
-0.612381 -0.31285 2.43886 0.983818 -0.178323 -0.0173566 0.00126937
-0.611437 -0.315926 2.43899 0.983514 -0.180014 -0.0169034 0.00321087
-0.609993 -0.318658 2.43806 0.983137 -0.182067 -0.0169106 0.00255795
-0.608875 -0.321806 2.43865 0.982782 -0.183868 -0.0179722 0.00299521
-0.607681 -0.324923 2.43905 0.982272 -0.186571 -0.0182653 -9.71995e-05
-0.606295 -0.327578 2.43824 0.981883 -0.188616 -0.0181448 9.61917e-05
-0.605072 -0.330492 2.43832 0.981516 -0.190521 -0.01793 0.00267884
-0.603624 -0.333169 2.43662 0.980941 -0.193634 -0.0160522 0.00193711
-0.602978 -0.336366 2.43822 0.980462 -0.195902 -0.017646 0.00235633
-0.601468 -0.339163 2.4372 0.979919 -0.198673 -0.0168049 0.00227357
-0.600609 -0.34169 2.43775 0.97929 -0.201742 -0.0170793 0.000282388
-0.599141 -0.343986 2.43635 0.978871 -0.203853 -0.0158683 0.00170355
-0.598086 -0.346768 2.43786 0.978296 -0.20645 -0.0176646 0.00175274
-0.596619 -0.349557 2.43745 0.977736 -0.20912 -0.017304 0.00154031
-0.594944 -0.352237 2.43681 0.977284 -0.211242 -0.0170152 0.00195862
-0.593265 -0.354848 2.43615 0.976813 -0.213445 -0.0166177 0.00144885
-0.591875 -0.357647 2.43673 0.976219 -0.216152 -0.0165057 0.00166349
-0.590243 -0.360373 2.43685 0.975703 -0.218398 -0.0175129 -2.94995e-05
-0.588564 -0.363071 2.43682 0.975214 -0.220532 -0.0178825 0.00164409
-0.587021 -0.365927 2.43728 0.974613 -0.223168 -0.0178357 0.00276741
-0.584343 -0.368461 2.43304 0.973825 -0.226807 -0.0146433 0.00286855
-0.583041 -0.371984 2.43586 0.973221 -0.229189 -0.0176674 0.00101863
-0.581467 -0.374731 2.43664 0.972836 -0.230874 -0.0168873 0.00127474
-0.580113 -0.377394 2.43752 0.972352 -0.23289 -0.0170756 -0.0015523
-0.577869 -0.379751 2.43442 0.971984 -0.234355 -0.0170392 0.00594499
-0.576528 -0.382486 2.43463 0.971319 -0.237222 -0.0160535 0.0027048
-0.57517 -0.385221 2.43594 0.970882 -0.238879 -0.017684 0.00345982
-0.573472 -0.387519 2.43518 0.970272 -0.241348 -0.0176152 0.00359795
-0.571979 -0.390108 2.43568 0.96969 -0.243662 -0.0180345 0.00222293
-0.570276 -0.392385 2.43455 0.969104 -0.245994 -0.0177579 0.00287968
-0.56908 -0.395135 2.43535 0.96846 -0.248483 -0.0182619 0.00279377
-0.567405 -0.397718 2.43474 0.967779 -0.251131 -0.0181867 0.00260342
-0.56572 -0.400534 2.43441 0.967296 -0.252853 -0.0190815 0.00626909
-0.564038 -0.403406 2.4345 0.966475 -0.256096 -0.0181122 0.00351805
-0.562198 -0.406472 2.43511 0.965794 -0.258522 -0.0197104 0.00439541
-0.560093 -0.408659 2.43416 0.965231 -0.260656 -0.019337 0.00354122
-0.55844 -0.410971 2.43453 0.964679 -0.262688 -0.0196512 0.00200535
-0.556284 -0.413181 2.4337 0.964187 -0.264486 -0.0194942 0.00316804
-0.554396 -0.415715 2.43375 0.963771 -0.265994 -0.0192755 0.00467003
-0.552641 -0.418559 2.43433 0.963149 -0.268199 -0.0198936 0.00407261
-0.550641 -0.421168 2.43347 0.962429 -0.270777 -0.0199063 0.00376956
-0.548605 -0.423871 2.43288 0.961809 -0.272933 -0.0198922 0.00592281
-0.546773 -0.426691 2.43338 0.961191 -0.275036 -0.0205986 0.00652526
-0.544963 -0.429373 2.43336 0.960427 -0.27776 -0.0201586 0.00482297
-0.543301 -0.432391 2.43453 0.959792 -0.279856 -0.0212761 0.00521134
-0.541471 -0.435684 2.43429 0.958967 -0.28268 -0.0207302 0.00661961
-0.539143 -0.438598 2.43263 0.958179 -0.285449 -0.0195674 0.00541307
-0.537379 -0.441421 2.4332 0.957393 -0.288045 -0.0201325 0.00483483
-0.535401 -0.444085 2.43265 0.95679 -0.290013 -0.0198862 0.0070933
-0.533778 -0.447052 2.43426 0.956112 -0.29221 -0.0207173 0.00585727
-0.531615 -0.449315 2.4326 0.955617 -0.293825 -0.0199223 0.00810386
-0.529828 -0.451695 2.43301 0.955138 -0.295307 -0.0208753 0.00834893
-0.527844 -0.454001 2.43174 0.954214 -0.298336 -0.0200499 0.00827697
-0.52621 -0.456507 2.43166 0.953223 -0.301539 -0.0199144 0.00660197
-0.52452 -0.458727 2.43117 0.952508 -0.303752 -0.0198635 0.00831659
-0.522967 -0.461152 2.4323 0.951596 -0.306591 -0.0210505 0.00495945
-0.521088 -0.463679 2.43274 0.950759 -0.309186 -0.0207579 0.00555198
-0.519143 -0.466094 2.43267 0.949863 -0.311936 -0.0206872 0.00527581
-0.51713 -0.468363 2.432 0.949085 -0.314354 -0.0199817 0.00441006
-0.515384 -0.470627 2.43242 0.948255 -0.316816 -0.0205099 0.00433697
-0.513284 -0.472714 2.4313 0.947556 -0.318888 -0.0203579 0.00580501
-0.511635 -0.475307 2.43247 0.946758 -0.321318 -0.0195285 0.00468995
-0.509592 -0.477976 2.43177 0.945965 -0.323655 -0.0193262 0.00492572
-0.507529 -0.480645 2.43146 0.945225 -0.325801 -0.0190866 0.00633178
-0.505415 -0.483227 2.43111 0.944285 -0.32858 -0.0182758 0.0052067
-0.503371 -0.486124 2.43164 0.94336 -0.331192 -0.0187606 0.00559388
-0.501617 -0.488701 2.43214 0.942369 -0.333941 -0.0199842 0.00495205
-0.4994 -0.490792 2.43091 0.94142 -0.336632 -0.0191739 0.00632518
-0.497465 -0.493165 2.43065 0.940409 -0.339544 -0.0179169 0.00456724
-0.495354 -0.495989 2.43066 0.939171 -0.34293 -0.0186003 0.00321591
-0.49309 -0.498742 2.43038 0.938295 -0.34524 -0.0195025 0.00567331
-0.491211 -0.501202 2.43091 0.937325 -0.347856 -0.0197203 0.00544967
-0.488842 -0.503136 2.43032 0.936664 -0.34964 -0.0198504 0.0042983
-0.486887 -0.505366 2.43118 0.935633 -0.352453 -0.01899 0.00272236
-0.484858 -0.507769 2.43151 0.934899 -0.354341 -0.019836 0.00352666
-0.482339 -0.509605 2.42906 0.93421 -0.356205 -0.0186509 0.00474314
-0.480489 -0.512317 2.43045 0.933494 -0.357948 -0.0208813 0.00510007
-0.478339 -0.514669 2.42979 0.932483 -0.360649 -0.0194813 0.00536593
-0.476092 -0.516876 2.42859 0.93156 -0.363044 -0.0191103 0.005457
-0.474239 -0.519005 2.42804 0.930679 -0.365262 -0.0194613 0.0063922
-0.472331 -0.521362 2.42898 0.929647 -0.36784 -0.0205824 0.00509034
-0.470274 -0.523618 2.42907 0.928597 -0.37059 -0.0190451 0.00261918
-0.468044 -0.52652 2.43016 0.927794 -0.372473 -0.0206713 0.00588575
-0.46514 -0.52816 2.4271 0.926499 -0.375821 -0.0185307 0.00384512
-0.46365 -0.531106 2.4305 0.925623 -0.377787 -0.0223325 0.000107232
-0.460171 -0.531758 2.42248 0.924932 -0.379736 -0.0168359 0.00418293
-0.458762 -0.535148 2.4279 0.923958 -0.382054 -0.0182761 0.00127018
-0.456847 -0.53795 2.4302 0.923251 -0.383735 -0.0187182 0.00204224
-0.454748 -0.540346 2.43015 0.922023 -0.386553 -0.0207245 0.00450969
-0.452014 -0.541857 2.42724 0.921242 -0.388456 -0.0185105 0.00844804
-0.450156 -0.544539 2.42978 0.920098 -0.391216 -0.0191222 0.00206564
-0.447453 -0.546488 2.42752 0.919259 -0.393082 -0.020266 0.00628776
-0.445347 -0.549108 2.42906 0.918134 -0.395736 -0.0197947 0.00561953
-0.443029 -0.551508 2.42956 0.916672 -0.399051 -0.0211274 0.00498341
-0.440158 -0.553678 2.42893 0.915152 -0.402495 -0.0211277 0.00702087
-0.437483 -0.555344 2.42789 0.913725 -0.405872 -0.0189137 0.0040495
-0.435564 -0.557488 2.4285 0.912642 -0.408233 -0.0202699 0.00437764
-0.433444 -0.55953 2.42918 0.911769 -0.410141 -0.0206396 0.00591938
-0.431304 -0.561278 2.42884 0.910714 -0.412566 -0.0194053 0.00348468
-0.429104 -0.563212 2.42954 0.909784 -0.414515 -0.0209928 0.00535385
-0.426846 -0.565 2.42943 0.908601 -0.417164 -0.0197841 0.00520615
-0.42446 -0.566724 2.42896 0.90756 -0.419468 -0.0192885 0.00310734
-0.421969 -0.56848 2.42848 0.906796 -0.421075 -0.0196871 0.00530925
-0.419565 -0.570332 2.42835 0.905667 -0.423507 -0.0196908 0.00468895
-0.417289 -0.572535 2.42971 0.90484 -0.425263 -0.0201004 0.00343263
-0.414347 -0.574351 2.42872 0.904268 -0.426416 -0.0206081 0.00667873
-0.411348 -0.576475 2.42815 0.902963 -0.429248 -0.0191878 0.00604375
-0.408666 -0.578833 2.42923 0.901772 -0.431767 -0.0192852 0.00353362
-0.405897 -0.57996 2.42783 0.901093 -0.433122 -0.0201606 0.00551961
-0.403666 -0.581562 2.42809 0.90019 -0.434987 -0.0203114 0.0056414
-0.401265 -0.583024 2.42891 0.899104 -0.437239 -0.0203125 0.00471103
-0.398822 -0.585023 2.43033 0.898096 -0.439312 -0.020409 0.00339673
-0.396078 -0.586611 2.42947 0.897261 -0.441033 -0.0199152 0.00390693
-0.393422 -0.588622 2.42991 0.896168 -0.443204 -0.0206345 0.00521096
-0.390792 -0.590419 2.43025 0.895159 -0.445275 -0.0202576 0.00320177
-0.387814 -0.591956 2.42936 0.894246 -0.44705 -0.0207993 0.00623551
-0.385094 -0.593797 2.42934 0.893113 -0.449319 -0.0208109 0.00532076
-0.382253 -0.595504 2.42881 0.892022 -0.451495 -0.020421 0.00565415
-0.379614 -0.597841 2.4304 0.890658 -0.454194 -0.0205419 0.00380914
-0.376336 -0.599705 2.43064 0.88952 -0.456343 -0.0217745 0.00563352
-0.373321 -0.601159 2.42954 0.888595 -0.45822 -0.0202777 0.00478419
-0.370604 -0.60282 2.42975 0.887648 -0.460045 -0.020513 0.00433996
-0.367791 -0.604486 2.42977 0.886707 -0.461824 -0.0205416 0.00689602
-0.365237 -0.606558 2.43035 0.885744 -0.463733 -0.0198744 0.00384915
-0.36264 -0.608362 2.43025 0.884888 -0.465297 -0.0212066 0.00464254
-0.359754 -0.609925 2.42956 0.883993 -0.466988 -0.0210441 0.00598924
-0.357091 -0.612093 2.43112 0.883216 -0.468424 -0.0216566 0.00621066
-0.354491 -0.613478 2.43042 0.882227 -0.470368 -0.0204861 0.00320727
-0.351794 -0.615103 2.43073 0.880993 -0.472676 -0.0205971 0.00192438
-0.349104 -0.616599 2.43005 0.879799 -0.474941 -0.0194597 0.00247596
-0.346293 -0.618422 2.43018 0.878853 -0.476593 -0.0213451 0.00449347
-0.343444 -0.619826 2.42948 0.877718 -0.478735 -0.0202126 0.00396311
-0.341029 -0.621505 2.43032 0.87658 -0.480828 -0.0199333 0.00379788
-0.338334 -0.622833 2.42943 0.875309 -0.483163 -0.0194259 0.00302508
-0.335833 -0.624619 2.43049 0.873979 -0.485546 -0.0197715 0.00387392
-0.332913 -0.626215 2.43017 0.872837 -0.487573 -0.0201875 0.0045455
-0.330124 -0.627987 2.43079 0.871664 -0.489673 -0.0202399 0.00361917
-0.327121 -0.629074 2.42928 0.870623 -0.491589 -0.0182156 0.00487486
-0.324454 -0.630559 2.43011 0.869159 -0.494164 -0.0188544 0.0029922
-0.321615 -0.631948 2.42974 0.867866 -0.496425 -0.0189323 0.00350195
-0.318835 -0.633659 2.43002 0.866782 -0.498316 -0.0182801 0.00602679
-0.316226 -0.635583 2.43131 0.865165 -0.501174 -0.0175575 0.00224372
-0.313354 -0.637081 2.431 0.863482 -0.50408 -0.017318 0.00150453
-0.310184 -0.63817 2.42962 0.862451 -0.50582 -0.017377 0.00476624
-0.307475 -0.639649 2.43041 0.861431 -0.507521 -0.0184906 0.00412125
-0.304516 -0.640929 2.43028 0.860413 -0.509292 -0.0173682 0.00310273
-0.301774 -0.642388 2.43026 0.85911 -0.511521 -0.0163913 0.00265048
-0.29911 -0.643845 2.42994 0.8581 -0.513204 -0.0162776 0.00460575
-0.296505 -0.645162 2.42937 0.856813 -0.515379 -0.0153365 0.00463127
-0.293969 -0.646812 2.43018 0.855452 -0.517628 -0.0158163 0.00365709
-0.291357 -0.648355 2.43002 0.854101 -0.519867 -0.0154942 0.00330491
-0.288753 -0.64996 2.43075 0.85296 -0.521704 -0.0166508 0.00259708
-0.285806 -0.650274 2.42748 0.851722 -0.523746 -0.0153154 0.00502843
-0.283385 -0.652365 2.43055 0.850671 -0.525478 -0.0151819 0.00132824
-0.280563 -0.6539 2.43189 0.848977 -0.528207 -0.0153625 -0.000206442
-0.27725 -0.655032 2.43035 0.847506 -0.530559 -0.0154415 0.00165657
-0.274083 -0.656231 2.42961 0.846568 -0.532048 -0.0151853 0.00409395
-0.271386 -0.657514 2.42986 0.845222 -0.53422 -0.0143344 0.00197341
-0.268562 -0.658669 2.43036 0.844138 -0.535928 -0.0144592 0.00169433
-0.265419 -0.659484 2.42942 0.843167 -0.537433 -0.0148911 0.00369251
-0.262638 -0.661348 2.43124 0.84164 -0.539831 -0.0149285 0.00143434
-0.259681 -0.662535 2.43062 0.840145 -0.542183 -0.0138761 0.00121481
-0.256592 -0.663821 2.43032 0.838898 -0.54412 -0.0134965 0.00112153
-0.253395 -0.665014 2.4302 0.837496 -0.546279 -0.0133846 0.000707604
-0.250214 -0.666292 2.43041 0.836714 -0.547444 -0.0143719 0.00288628
-0.247143 -0.667848 2.43147 0.835057 -0.549986 -0.0138603 0.00184259
-0.243903 -0.669416 2.43145 0.833329 -0.552605 -0.0136575 0.00188025
-0.240286 -0.67048 2.43064 0.831893 -0.554739 -0.0146152 0.00231937
-0.237386 -0.67186 2.43043 0.830059 -0.557502 -0.0137633 0.00203965
-0.234627 -0.672952 2.42998 0.828767 -0.559475 -0.0115376 0.000512239
-0.231932 -0.674182 2.43115 0.827773 -0.560892 -0.013523 0.00288197
-0.22916 -0.675135 2.43049 0.826261 -0.563127 -0.013383 0.00135309
-0.226463 -0.676439 2.43129 0.824984 -0.564968 -0.0145486 0.0011968
-0.223781 -0.677833 2.43209 0.823552 -0.567056 -0.0144339 0.000907327
-0.220966 -0.678552 2.43171 0.821916 -0.569443 -0.0137567 0.000480101
-0.218099 -0.679287 2.43075 0.820612 -0.571298 -0.0143889 0.00262965
-0.215434 -0.680727 2.43219 0.818813 -0.573886 -0.0141101 0.000506931
-0.212566 -0.681553 2.43088 0.817462 -0.575795 -0.014475 0.00261671
-0.210001 -0.682846 2.43205 0.815768 -0.578221 -0.0134946 0.000432069
-0.207053 -0.683648 2.43208 0.813941 -0.580789 -0.0135618 0.000807491
-0.203806 -0.684354 2.43153 0.81247 -0.582819 -0.0144744 0.0023069
-0.200979 -0.685175 2.43159 0.810939 -0.584942 -0.0145253 0.00305236
-0.198319 -0.685887 2.43176 0.809404 -0.587108 -0.0130094 0.000558216
-0.195462 -0.686462 2.43205 0.808029 -0.588998 -0.0130863 6.55597e-05
-0.19234 -0.687096 2.43187 0.806782 -0.5907 -0.0132686 0.000975283
-0.189333 -0.687884 2.43168 0.805225 -0.592826 -0.0130573 0.000671395
-0.186296 -0.688939 2.43223 0.80394 -0.594549 -0.0138468 0.000938381
-0.183215 -0.690195 2.43328 0.802394 -0.596611 -0.0146358 0.00219193
-0.180181 -0.6908 2.43246 0.800658 -0.598963 -0.0137728 0.000821074
-0.177308 -0.692005 2.43351 0.799013 -0.601102 -0.0158178 0.00198353
-0.174316 -0.692743 2.43263 0.797194 -0.603544 -0.0146046 0.00165541
-0.171189 -0.694093 2.43348 0.795407 -0.60592 -0.0136102 0.00188656
-0.16773 -0.695095 2.43325 0.793586 -0.608298 -0.0138363 0.00206562
-0.164451 -0.695786 2.43314 0.791861 -0.610576 -0.0122884 0.00135765
-0.161363 -0.696582 2.43347 0.790371 -0.612506 -0.0122242 0.000473217
-0.158131 -0.697349 2.43349 0.789052 -0.614184 -0.0129199 0.00280136
-0.154925 -0.698286 2.43399 0.787813 -0.615754 -0.0137552 0.00290171
-0.151906 -0.698833 2.43347 0.786388 -0.617589 -0.0130705 0.00266898
-0.149075 -0.699698 2.43444 0.784715 -0.619749 -0.0115286 -8.9178e-05
-0.145941 -0.700299 2.43369 0.783311 -0.6215 -0.0125601 0.00177207
-0.142902 -0.701335 2.43415 0.781745 -0.62346 -0.0129964 0.00184166
-0.139661 -0.701537 2.43186 0.780379 -0.6252 -0.0112456 0.00274649
-0.136658 -0.702226 2.43265 0.778805 -0.627157 -0.0113603 0.0027702
-0.133436 -0.702863 2.43321 0.777305 -0.629006 -0.0119402 0.00235484
-0.130338 -0.703413 2.43308 0.775643 -0.631062 -0.0116342 0.00153302
-0.127223 -0.704016 2.43288 0.774253 -0.632776 -0.0111813 0.00174054
-0.124055 -0.70457 2.43282 0.772846 -0.634495 -0.011049 0.00173842
-0.120787 -0.705234 2.43229 0.771161 -0.636533 -0.0112523 0.0030905
-0.117501 -0.706025 2.43232 0.76962 -0.638413 -0.0104066 0.00222471
-0.114127 -0.706895 2.43261 0.768284 -0.640003 -0.0110202 0.00382064
-0.110953 -0.707604 2.43278 0.766459 -0.642181 -0.0114932 0.00334364
-0.107897 -0.708265 2.43257 0.764509 -0.644521 -0.0103494 0.00322127
-0.104841 -0.709077 2.43289 0.762901 -0.646406 -0.0115167 0.00301098
-0.101709 -0.70924 2.43186 0.761156 -0.648492 -0.00963322 0.00244951
-0.0984886 -0.709511 2.43191 0.759218 -0.650748 -0.0103335 0.00291397
-0.0954374 -0.710244 2.43309 0.756668 -0.653752 -0.00790611 -0.000270156
-0.0920179 -0.710255 2.43176 0.754938 -0.655721 -0.00969359 0.00230259
-0.0889974 -0.710884 2.43213 0.753019 -0.657929 -0.00913758 0.0029588
-0.086034 -0.711199 2.4319 0.751262 -0.659936 -0.00909413 0.00263687
-0.0830459 -0.711602 2.43202 0.749343 -0.66213 -0.00774569 0.00312761
-0.0797941 -0.711878 2.4315 0.747519 -0.664186 -0.00787286 0.00311757
-0.0769387 -0.71236 2.43164 0.745985 -0.665914 -0.00761838 0.00263253
-0.0740425 -0.713054 2.43272 0.744242 -0.667843 -0.00892094 0.00313564
-0.0712529 -0.713531 2.43321 0.742312 -0.669995 -0.00863934 0.00235996
-0.068413 -0.713877 2.43287 0.740087 -0.672478 -0.00667615 0.000563076
-0.0655 -0.714247 2.43267 0.738462 -0.674266 -0.00621597 0.000759902
-0.0623936 -0.714468 2.43246 0.736989 -0.675862 -0.00751865 0.00115612
-0.0589616 -0.715004 2.43354 0.735531 -0.677445 -0.00784285 -4.18204e-05
-0.0552629 -0.715298 2.433 0.733729 -0.679382 -0.00877611 0.00233903
-0.0518397 -0.715315 2.43331 0.731903 -0.681344 -0.0092638 0.00182035
-0.0490441 -0.715187 2.43289 0.73027 -0.683124 -0.00686226 -0.000184019
-0.046275 -0.715504 2.43397 0.728902 -0.684555 -0.00924918 0.00107019
-0.0431582 -0.714896 2.43265 0.727009 -0.686572 -0.00871471 0.000466144
-0.0398795 -0.714863 2.43272 0.726061 -0.687561 -0.00955473 0.00193436
-0.0365467 -0.714991 2.43325 0.724503 -0.689237 -0.00692795 -0.000293932
-0.0332115 -0.714875 2.43352 0.723097 -0.690702 -0.00784686 -1.20714e-06
-0.0299245 -0.714517 2.4334 0.721327 -0.692538 -0.00880179 -0.000456731
-0.0266303 -0.714352 2.43357 0.719898 -0.694038 -0.00748773 -0.00161765
-0.0234082 -0.713675 2.43249 0.717947 -0.696036 -0.00886547 -0.00271865
-0.0200268 -0.71412 2.43456 0.716534 -0.697483 -0.00976468 -0.000950501
-0.0165084 -0.713791 2.43298 0.71461 -0.6995 -0.00553095 -0.00152983
-0.012844 -0.713431 2.43264 0.713453 -0.700668 -0.00643765 -0.00287029
-0.00929836 -0.713828 2.43528 0.712263 -0.701727 -0.0160788 0.00144194
-0.0063452 -0.712884 2.43251 0.710935 -0.703119 -0.0127829 0.00556072
-0.00284195 -0.715106 2.44028 0.708447 -0.705658 -0.0110821 -0.00526893
-0.00022754 -0.715389 2.44145 0.707428 -0.706686 -0.00808522 -0.00866404
-0.000231863 -0.715435 2.44147 0.707452 -0.706669 -0.00762226 -0.0085714
-0.0018221 -0.711218 2.42646 0.708653 -0.705549 -0.00232445 0.00256648
-0.00270758 -0.715431 2.44122 0.707358 -0.706777 -0.00670249 -0.00815614
-0.00264414 -0.715323 2.44046 0.707416 -0.706743 -0.00632996 -0.00610463
-0.00227683 -0.713544 2.43431 0.708389 -0.705795 -0.00613547 0.000200979
-0.00235173 -0.713752 2.43528 0.708536 -0.705643 -0.00665386 -0.00103157
-0.00257435 -0.714777 2.43891 0.70798 -0.706182 -0.00672718 -0.00516698
-0.0023526 -0.713834 2.43543 0.708512 -0.705665 -0.00687652 -0.000386427
-0.00221343 -0.713157 2.43305 0.708811 -0.705368 -0.00641267 0.00167847
-0.00253618 -0.714659 2.43844 0.707882 -0.706284 -0.00665047 -0.00467538
-0.00253347 -0.714675 2.43845 0.707865 -0.706302 -0.00668082 -0.00447533
-0.00238856 -0.714005 2.43605 0.708328 -0.70585 -0.0066935 -0.00143135
-0.00238302 -0.713926 2.43586 0.708362 -0.705817 -0.00654417 -0.00175268
-0.00246737 -0.714288 2.43724 0.708243 -0.705926 -0.00717542 -0.00301664
-0.00251135 -0.714517 2.43793 0.708038 -0.706132 -0.00644127 -0.00419622
-0.00221844 -0.713202 2.43317 0.708835 -0.70534 -0.00661355 0.00200076
-0.00243887 -0.714185 2.43679 0.708204 -0.705971 -0.00659315 -0.00283836
-0.00237933 -0.713936 2.43585 0.708358 -0.70582 -0.00659848 -0.00148816
-0.00237902 -0.713934 2.43584 0.708363 -0.705816 -0.00660639 -0.00146889
-0.00242598 -0.714153 2.43663 0.708178 -0.706 -0.00650954 -0.00260008
-0.00240706 -0.714089 2.43634 0.708372 -0.705803 -0.00696327 -0.00138943
-0.0023224 -0.713697 2.43495 0.708477 -0.705703 -0.00653599 -0.000299115
-0.00235173 -0.713753 2.43528 0.708534 -0.705645 -0.00665972 -0.00103062
-0.00254407 -0.714584 2.43836 0.707977 -0.706185 -0.00661395 -0.00530529
-0.00242173 -0.714129 2.43653 0.708377 -0.705797 -0.00700156 -0.00173604
-0.00237912 -0.713938 2.43586 0.708217 -0.705964 -0.00622505 -0.00207232
-0.00248544 -0.714398 2.43755 0.708169 -0.706001 -0.00689127 -0.00334351
-0.00247598 -0.714383 2.43745 0.708097 -0.706076 -0.0067147 -0.00332108
-0.00246161 -0.714345 2.43727 0.708088 -0.706086 -0.00667018 -0.00299328
-0.00217984 -0.713002 2.4325 0.708821 -0.705359 -0.00616314 0.00197561
-0.00241548 -0.714075 2.43639 0.708368 -0.705807 -0.00683176 -0.00197655
-0.00241895 -0.714147 2.43656 0.708217 -0.70596 -0.00665354 -0.00212893
-0.00238369 -0.71393 2.43587 0.708353 -0.705826 -0.00652753 -0.0017926
-0.00239209 -0.714018 2.43609 0.708425 -0.705751 -0.00697655 -0.00105351
-0.00247919 -0.714426 2.43756 0.708002 -0.706172 -0.00658766 -0.00348929
-0.00236724 -0.713908 2.4357 0.70832 -0.70586 -0.00649525 -0.00130009
-0.00239978 -0.714052 2.43621 0.708468 -0.705706 -0.00715315 -0.000933294
-0.00235444 -0.713788 2.43535 0.708593 -0.705583 -0.00691693 -0.000564922
-0.00239691 -0.713991 2.43609 0.708324 -0.705854 -0.00656023 -0.00201568
-0.00241212 -0.714058 2.43632 0.708412 -0.705763 -0.00692082 -0.00176544
-0.00239088 -0.714019 2.43601 0.708289 -0.705894 -0.00597348 -0.00184768
-0.00236349 -0.713756 2.43539 0.70848 -0.705699 -0.00643615 -0.00183392
-0.00240804 -0.714069 2.43633 0.708269 -0.705908 -0.00660333 -0.00207966
-0.00242752 -0.714105 2.43655 0.70826 -0.705916 -0.00655566 -0.00276381
-0.00239808 -0.713939 2.43598 0.708552 -0.705622 -0.00699841 -0.00156335
-0.00244592 -0.714189 2.43684 0.708306 -0.705867 -0.00683354 -0.00271226
-0.00236866 -0.713855 2.43559 0.708551 -0.705625 -0.00692276 -0.000853173
-0.00249453 -0.714495 2.4378 0.708089 -0.706082 -0.00694618 -0.0032478
-0.00237564 -0.713912 2.43575 0.70855 -0.705625 -0.0070721 -0.000657454
-0.00227853 -0.71349 2.4342 0.708621 -0.705558 -0.00654992 0.000639884
-0.00240475 -0.714077 2.4363 0.708403 -0.705772 -0.00702414 -0.00124407
-0.00235487 -0.713795 2.43539 0.708445 -0.705735 -0.00652821 -0.00119044
-0.002367 -0.713907 2.4357 0.708323 -0.705857 -0.00650031 -0.00128716
-0.00249929 -0.714462 2.43777 0.708131 -0.706038 -0.00690648 -0.00360872
-0.00237217 -0.713904 2.43574 0.708309 -0.705872 -0.00640804 -0.00164006
-0.00242618 -0.714152 2.43662 0.708317 -0.705858 -0.00688592 -0.0020173
-0.00244183 -0.714252 2.43693 0.708204 -0.705971 -0.00681074 -0.00235908
-0.00235421 -0.713815 2.4354 0.708545 -0.705632 -0.00687881 -0.00051708
-0.00240087 -0.714007 2.43614 0.708415 -0.705761 -0.00683438 -0.00166643
-0.0023844 -0.713957 2.43592 0.708436 -0.705741 -0.00684383 -0.00120482
-0.00236127 -0.713878 2.43559 0.708399 -0.70578 -0.00665233 -0.000926484
-0.00240963 -0.714101 2.43639 0.708339 -0.705837 -0.0068993 -0.00154522
-0.00238107 -0.713968 2.43591 0.708427 -0.70575 -0.00688872 -0.000963016
-0.00235408 -0.713786 2.4354 0.708532 -0.705643 -0.00706366 -0.000702355
-0.00239827 -0.713997 2.43611 0.708306 -0.705872 -0.00652433 -0.00210107
-0.00242862 -0.714163 2.43666 0.708287 -0.705888 -0.00682104 -0.00216557
-0.00236736 -0.713908 2.43565 0.708386 -0.705795 -0.00635431 -0.00114533
-0.00237506 -0.713942 2.43577 0.708429 -0.705751 -0.00653031 -0.00102658
-0.00234107 -0.713731 2.43516 0.708482 -0.705698 -0.00651223 -0.000928313
-0.00245599 -0.714262 2.43706 0.708267 -0.705905 -0.00690433 -0.00270708
-0.00242987 -0.714197 2.43674 0.708217 -0.705959 -0.00674424 -0.00221365
-0.00247439 -0.714375 2.43742 0.708118 -0.706055 -0.0067567 -0.00322227
-0.00235826 -0.71384 2.43551 0.708348 -0.705834 -0.00639488 -0.0013714
-0.0023416 -0.713762 2.43523 0.70842 -0.705761 -0.00645642 -0.000934252
-0.00248946 -0.714445 2.43767 0.708064 -0.706107 -0.00674152 -0.00356056
-0.00244297 -0.714258 2.43695 0.708189 -0.705987 -0.00678164 -0.00242893
-0.00234446 -0.713771 2.43525 0.708528 -0.70565 -0.00675521 -0.000510394
-0.0024014 -0.714009 2.43615 0.708408 -0.705768 -0.00682072 -0.00169947
-0.00243625 -0.714228 2.43685 0.708134 -0.706043 -0.00657773 -0.00260972
-0.00239841 -0.713917 2.43596 0.708453 -0.705723 -0.00665741 -0.00221408
-0.00242389 -0.714116 2.43654 0.708257 -0.705919 -0.00660839 -0.0025026
-0.00237181 -0.713844 2.43565 0.70849 -0.705685 -0.00702376 -0.00125105
-0.00234935 -0.713823 2.43535 0.708479 -0.705702 -0.00644782 -0.000621513
-0.00244058 -0.714246 2.43691 0.708221 -0.705954 -0.00684412 -0.00228039
-0.0024819 -0.714383 2.4375 0.70807 -0.706101 -0.00659947 -0.00372451
-0.00242319 -0.714109 2.4365 0.708411 -0.705763 -0.00700879 -0.00185755
-0.00232406 -0.71365 2.43492 0.708495 -0.705684 -0.00671631 -0.000627552
-0.00240912 -0.714047 2.43629 0.708307 -0.70587 -0.00661813 -0.00218
-0.00237313 -0.713905 2.43573 0.70844 -0.705738 -0.00676128 -0.00110099
-0.00242328 -0.714061 2.43644 0.708216 -0.70596 -0.00633543 -0.00313518
-0.00235694 -0.713856 2.43551 0.708456 -0.705723 -0.00676452 -0.000656107
