-0.00244086 3.97096e-05 -0.000522734 -0.00062065 -5.83778e-05 -0.000225259 1
-0.000404495 0.000151675 -0.000172522 -0.00063217 -4.9639e-05 -0.000179678 1
-0.000173326 0.00042692 -0.000295436 -0.000704916 -0.000130479 -0.000369276 1
0.000257166 9.34995e-05 -0.00069843 -0.000722767 -3.08915e-05 -0.00018457 1
-0.00149166 0.00010498 0.000671586 -0.000461151 -6.89368e-05 -0.000269898 1
-0.0034309 0.00143189 0.00131311 -0.000351625 -0.000354711 -0.000466171 1
-0.00144186 5.53634e-05 0.000402247 -0.000492885 -5.55437e-05 -0.00023281 1
-0.0026366 0.000134116 0.00121151 -0.000368371 -9.28132e-05 -0.000323344 1
-0.00301659 -0.00214429 0.00307642 -1.29231e-05 0.00176604 -5.43776e-05 0.999998
0.0063198 5.97499e-05 0.00421023 0.00084823 0.012049 -0.000929434 0.999927
0.0186878 -0.000139436 0.00422847 0.000783266 0.0250341 0.000218592 0.999686
0.0351247 0.000157758 0.00567411 0.000630543 0.0428565 -0.000245292 0.999081
0.0433613 0.00130838 0.0128046 0.00227058 0.0562069 0.000548033 0.998416
0.0466972 0.00714723 0.0232079 0.00437767 0.0694767 -3.2066e-07 0.997574
0.0668665 0.0144067 0.0163945 0.00381852 0.0806448 0.000416795 0.996736
0.079936 0.0178021 0.0151685 0.00329725 0.0919735 -0.00208301 0.995754
0.0889053 0.0191813 0.0162958 0.00284183 0.102652 -0.00314785 0.994708
0.103962 0.0255154 0.0134862 0.00272948 0.111351 -0.00376662 0.99377
0.11124 0.0299113 0.0147691 0.00279215 0.120611 -0.00540452 0.992681
0.129078 0.0368642 0.0128929 0.00291778 0.133579 -0.00488284 0.991022
0.140666 0.0411172 0.0124305 0.00252057 0.144488 -0.00549257 0.989488
0.153364 0.0467161 0.0112909 0.00208056 0.155571 -0.00534347 0.987808
0.166088 0.0528467 0.0105798 0.00181654 0.165178 -0.00637129 0.986241
0.169041 0.057617 0.0154934 0.00262615 0.177249 -0.00756318 0.984133
0.182521 0.0630753 0.0138088 0.00305671 0.187863 -0.0082063 0.982156
0.19522 0.0701742 0.0122267 0.00188578 0.19719 -0.0100341 0.980312
0.20923 0.0777476 0.0105351 0.00146587 0.207423 -0.0111915 0.978186
0.223223 0.0852519 0.01185 0.00099956 0.219753 -0.0121864 0.975479
0.234649 0.0911317 0.0119557 0.00110534 0.232121 -0.0129332 0.9726
0.244598 0.0988661 0.0122041 0.00158292 0.243706 -0.0130148 0.969761
0.252193 0.104262 0.0134362 0.00123935 0.253206 -0.013999 0.96731
0.266217 0.112881 0.0142084 0.00102491 0.266147 -0.0151316 0.963813
0.27437 0.119485 0.0158069 0.0013431 0.276348 -0.0159333 0.960925
0.282163 0.126336 0.0170943 0.000956483 0.28649 -0.0168924 0.957934
0.294207 0.137308 0.0140107 0.000878334 0.29626 -0.0160618 0.954972
0.303298 0.144659 0.0149606 0.000925681 0.304613 -0.0167972 0.952327
0.314559 0.152988 0.0115042 -1.74022e-05 0.316333 -0.0158611 0.948516
0.326237 0.161096 0.0101462 -0.000480624 0.328094 -0.0157649 0.944514
0.33734 0.171643 0.00788132 -0.00195861 0.340238 -0.0161699 0.940198
0.345258 0.179478 0.0115635 -0.000900875 0.353144 -0.016543 0.935422
0.354234 0.188717 0.012806 -0.000763921 0.364035 -0.0162549 0.931243
0.360713 0.19321 0.0115839 -0.00161505 0.371168 -0.0160899 0.928425
0.371319 0.206324 0.00947094 -0.00226656 0.381318 -0.017533 0.924275
0.380111 0.217042 0.00840958 -0.00321219 0.390897 -0.0186383 0.92024
0.385953 0.222178 0.00626013 -0.00372834 0.398395 -0.0183317 0.917023
0.396571 0.233256 0.00449433 -0.00352365 0.41 -0.0181566 0.911898
0.39908 0.24181 0.00392371 -0.00402272 0.415516 -0.0186516 0.909386
0.405738 0.253977 0.00121204 -0.0058861 0.42516 -0.0195445 0.904888
0.419955 0.279884 0.00237152 -0.00708446 0.445962 -0.0208642 0.894781
0.428893 0.292462 6.7155e-05 -0.00653077 0.456304 -0.0198737 0.889578
0.432427 0.301018 -0.000701845 -0.00699798 0.461558 -0.0211213 0.886831
0.437637 0.312184 -0.000514252 -0.006856 0.469272 -0.0223134 0.882745
0.444575 0.324747 0.000643081 -0.0062465 0.478415 -0.0225267 0.877823
0.45081 0.33421 0.00348459 -0.00584383 0.483503 -0.0232023 0.875015
0.457064 0.348515 -0.00264398 -0.00693344 0.491852 -0.0235661 0.870332
0.460332 0.355325 -0.00208453 -0.00658273 0.498531 -0.023729 0.866522
0.465585 0.367501 -0.0019356 -0.00589136 0.510954 -0.0237863 0.859259
0.468745 0.378028 -0.000721312 -0.00560995 0.519672 -0.0242299 0.854004
0.473705 0.389462 0.00028579 -0.00553519 0.528456 -0.0253039 0.848565
0.477652 0.398347 0.00376351 -0.0049509 0.538304 -0.0265089 0.842319
0.483098 0.414767 0.00421352 -0.00395909 0.549668 -0.028185 0.834898
0.487194 0.427229 0.00533081 -0.00228136 0.558377 -0.0285371 0.829093
0.490264 0.436816 0.00590141 -0.00105227 0.564773 -0.0290821 0.824733
0.493408 0.4526 0.00648333 -0.00103666 0.574846 -0.0302736 0.817701
0.496803 0.463919 0.00684322 0.00047016 0.584435 -0.0301447 0.81088
0.499392 0.474299 0.0075343 0.00127764 0.594404 -0.0302479 0.803596
0.501862 0.494819 0.00385114 0.00196148 0.606764 -0.0294195 0.794335
0.503811 0.507846 0.00304711 0.000927816 0.61536 -0.0298519 0.78768
0.5087 0.526266 -0.000283869 0.00128729 0.628023 -0.0300502 0.777613
0.510135 0.537608 0.00130733 0.00186914 0.636169 -0.0305328 0.770943
0.511882 0.552766 -0.000938257 0.000721214 0.645011 -0.0308815 0.763549
0.51496 0.572203 -0.00493526 0.000314766 0.657409 -0.0308722 0.752901
0.515693 0.582913 -0.00471466 -0.00156326 0.666625 -0.0319541 0.744707
0.51738 0.59911 -0.00437218 -0.00207037 0.680043 -0.0320095 0.73247
0.517813 0.611819 -0.0041667 -0.00207888 0.689314 -0.0322455 0.723742
0.51783 0.625185 -0.00584582 -0.00262156 0.698969 -0.0320881 0.714427
0.518382 0.643535 -0.00966914 -0.00309675 0.709913 -0.032388 0.703537
0.518044 0.656847 -0.0113578 -0.00461851 0.717004 -0.0325382 0.696294
0.515976 0.673115 -0.0108434 -0.00490569 0.725621 -0.0328227 0.687293
0.514442 0.683472 -0.0096829 -0.00570134 0.73196 -0.0336033 0.680495
0.512749 0.699677 -0.0104727 -0.00554764 0.742402 -0.0338477 0.669076
0.512414 0.716121 -0.0199257 -0.00525253 0.749991 -0.0316499 0.660669
0.507834 0.73157 -0.0210463 -0.00604567 0.758692 -0.0326368 0.650603
0.504858 0.744864 -0.0204893 -0.00585007 0.765872 -0.0325725 0.642141
0.502542 0.759374 -0.0209151 -0.00600295 0.772838 -0.0332431 0.633703
0.496972 0.772377 -0.0176733 -0.00474433 0.781821 -0.0345338 0.622528
0.491968 0.788097 -0.0213562 -0.0047709 0.787521 -0.0342424 0.615317
0.490077 0.79938 -0.020392 -0.00387849 0.795078 -0.0347968 0.605496
0.484326 0.812002 -0.0211351 -0.0051186 0.804185 -0.0352714 0.593309
0.480343 0.822584 -0.0214481 -0.00430799 0.81151 -0.0353228 0.583254
0.476563 0.827837 -0.0170375 -0.00266889 0.817972 -0.0366533 0.574083
0.470936 0.845018 -0.0183422 -0.00191136 0.826712 -0.0362524 0.561453
0.467991 0.850334 -0.0123078 -0.00208728 0.830771 -0.0379573 0.555315
0.462812 0.854542 -0.00657317 -0.00123253 0.835874 -0.0392809 0.547513
0.458673 0.862615 -0.00230412 -0.000231865 0.841343 -0.0400844 0.539013
0.454783 0.87044 -0.00422067 -0.000412077 0.845405 -0.0402462 0.532608
0.446071 0.885467 -0.00557444 0.000600989 0.85072 -0.0402717 0.524074
0.442813 0.892913 -0.00459958 0.000406932 0.854684 -0.040804 0.517542
0.43664 0.906379 -0.00560868 0.000997295 0.861454 -0.0403 0.506233
0.4305 0.916736 -0.00520096 0.00113524 0.867836 -0.0399418 0.495241
0.423515 0.928272 -0.00554482 0.00090907 0.873753 -0.0397735 0.48474
0.415841 0.941321 -0.00766383 0.00162395 0.880387 -0.0392506 0.472627
0.40739 0.952125 -0.00917133 0.00056512 0.885317 -0.0392406 0.463329
0.397214 0.96482 -0.0119256 0.00100239 0.890582 -0.0386974 0.453173
0.390016 0.975057 -0.014569 0.00128125 0.895323 -0.0380898 0.443785
0.384059 0.981576 -0.0159554 0.00101309 0.898063 -0.0378946 0.438231
0.376108 0.99218 -0.0148051 0.00211759 0.902331 -0.038517 0.429315
0.364246 1.0037 -0.0175787 0.00321423 0.907452 -0.0385227 0.418375
0.356463 1.01134 -0.0179886 0.00515555 0.911822 -0.0382774 0.408766
0.346714 1.02012 -0.0229779 0.00499 0.915891 -0.0372668 0.399662
0.334982 1.02896 -0.0263178 0.00410014 0.919693 -0.0369778 0.390871
0.329898 1.0359 -0.0258482 0.00408993 0.923649 -0.0375628 0.381373
0.322057 1.04306 -0.0267763 0.0036524 0.927648 -0.0380771 0.371491
0.30672 1.05103 -0.033484 0.00399195 0.930935 -0.0374795 0.363235
0.300376 1.0585 -0.0377828 0.00358553 0.933041 -0.0365995 0.357885
0.286221 1.06615 -0.0359913 0.00342939 0.936656 -0.0374538 0.348225
0.279014 1.07211 -0.035314 0.00317315 0.940819 -0.0374595 0.336817
0.271193 1.07903 -0.0401679 0.00290165 0.94468 -0.0365416 0.325938
0.265892 1.0849 -0.0427836 0.00317378 0.947608 -0.0363049 0.317351
0.248206 1.09008 -0.0491263 0.00304031 0.950542 -0.0353675 0.30856
0.245824 1.09215 -0.0487547 0.00266102 0.952797 -0.0352186 0.301548
0.23425 1.09796 -0.0513398 0.00246835 0.95592 -0.0352251 0.291497
0.222812 1.10457 -0.0529908 0.00136202 0.958659 -0.0350578 0.282387
0.209199 1.11051 -0.0567476 0.000800356 0.961121 -0.0351835 0.273874
0.196522 1.11617 -0.058764 0.000827429 0.963714 -0.0358266 0.264521
0.187622 1.11744 -0.0626558 0.0014262 0.965208 -0.0352406 0.259093
0.177694 1.12387 -0.059118 0.00103058 0.968065 -0.0365652 0.248015
0.168761 1.12769 -0.0590109 0.000125393 0.970756 -0.0365171 0.237275
0.156108 1.13131 -0.0609296 0.000623702 0.973215 -0.036191 0.227029
0.141195 1.13403 -0.0630076 -0.0020753 0.975439 -0.0357346 0.217343
0.12695 1.13859 -0.0657038 -0.00217045 0.978014 -0.0354073 0.205499
0.12122 1.14055 -0.0670324 -0.00237024 0.979286 -0.0357786 0.19928
0.109609 1.1467 -0.0679454 -0.00363847 0.98131 -0.0350561 0.189179
0.0988668 1.14787 -0.0648927 -0.00512231 0.983076 -0.0355155 0.17965
0.0886638 1.14682 -0.0681952 -0.00671472 0.984158 -0.0344902 0.173775
0.0739347 1.15361 -0.0727547 -0.00598912 0.986254 -0.0329941 0.161797
0.0656432 1.15746 -0.0745197 -0.00569043 0.987932 -0.0334401 0.15113
0.0548914 1.15543 -0.074321 -0.00746744 0.989356 -0.0332816 0.141461
0.0450547 1.15465 -0.0747151 -0.00887348 0.990371 -0.0326976 0.134229
0.034746 1.15241 -0.0777398 -0.0109664 0.991708 -0.0320682 0.123961
0.0259017 1.14974 -0.0807595 -0.012641 0.992487 -0.0303465 0.117851
0.0115792 1.14952 -0.0824156 -0.0141786 0.993553 -0.0302846 0.108327
-0.00162351 1.14467 -0.0878977 -0.0162495 0.994077 -0.0288861 0.103505
-0.0104865 1.14548 -0.0893152 -0.0160767 0.994837 -0.028914 0.0959467
-0.0185374 1.14337 -0.0907684 -0.0171012 0.995293 -0.0285065 0.0910307
-0.0295448 1.1507 -0.088461 -0.0165633 0.996203 -0.0291766 0.0803305
-0.0364103 1.1489 -0.0842721 -0.0169933 0.996639 -0.0302389 0.0742072
-0.0484017 1.1462 -0.0913624 -0.0174508 0.997145 -0.0277188 0.068033
-0.0581939 1.14485 -0.0940972 -0.0182091 0.997567 -0.0271386 0.0615802
-0.0729398 1.14169 -0.0961956 -0.0180066 0.998172 -0.0266275 0.0511703
-0.0829046 1.14029 -0.0980818 -0.0190562 0.998497 -0.026144 0.0442285
-0.0918465 1.14048 -0.0946758 -0.019943 0.998707 -0.0275573 0.0377742
-0.100266 1.13805 -0.097233 -0.0204827 0.998937 -0.0265975 0.0315848
-0.111202 1.13768 -0.101418 -0.0203184 0.999157 -0.0254602 0.0249944
-0.126218 1.1412 -0.104348 -0.0215064 0.999382 -0.0246482 0.0128618
-0.131048 1.13611 -0.10085 -0.0229581 0.999372 -0.0256483 0.00844098
-0.143867 1.13967 -0.102305 -0.0234516 0.999412 -0.0250297 -1.84288e-05
-0.149553 1.13375 -0.0889543 -0.0243563 0.999236 -0.0299757 -0.00603535
-0.151973 1.12313 -0.0829597 -0.0265729 0.999108 -0.0316006 -0.00885517
-0.158488 1.12044 -0.082184 -0.0273998 0.999011 -0.0317062 -0.0148981
-0.168762 1.1182 -0.0710083 -0.0292533 0.998598 -0.035678 -0.0259656
-0.179012 1.11459 -0.0741961 -0.0290239 0.998391 -0.0355156 -0.0333412
-0.186128 1.11297 -0.0736172 -0.0303451 0.998097 -0.0353931 -0.0403657
-0.193887 1.11177 -0.072399 -0.0311486 0.997763 -0.0357472 -0.0471328
-0.205657 1.11471 -0.0722313 -0.0313416 0.997281 -0.0364325 -0.0558736
-0.211563 1.11437 -0.0766582 -0.0310387 0.996815 -0.0355666 -0.0642838
-0.222249 1.11351 -0.0753599 -0.0307904 0.99607 -0.0372673 -0.0742201
-0.22794 1.11023 -0.0727678 -0.0322526 0.995552 -0.03777 -0.0800649
-0.230627 1.10755 -0.0689968 -0.0325723 0.994986 -0.0388161 -0.0862238
-0.240946 1.10503 -0.0701149 -0.0327206 0.994384 -0.0388448 -0.0928535
-0.247981 1.10094 -0.0724823 -0.0326509 0.99386 -0.0389096 -0.098301
-0.254401 1.09737 -0.0666823 -0.032863 0.99311 -0.0407831 -0.104834
-0.263013 1.09602 -0.0674509 -0.0328005 0.992163 -0.0410192 -0.113376
-0.271121 1.09184 -0.0699165 -0.0326356 0.991162 -0.0408966 -0.121903
-0.276358 1.08802 -0.0666812 -0.0328525 0.990279 -0.0420916 -0.128438
-0.281777 1.08582 -0.0644444 -0.0334881 0.989296 -0.0422072 -0.13561
-0.289627 1.08321 -0.0627466 -0.0334144 0.988191 -0.0426517 -0.143326
-0.294898 1.08205 -0.0593584 -0.0335729 0.986937 -0.0445299 -0.151146
-0.301551 1.07991 -0.0582682 -0.0329954 0.985639 -0.045003 -0.159382
-0.313054 1.07681 -0.0610144 -0.0329157 0.984369 -0.0451485 -0.16702
-0.318312 1.07448 -0.0573638 -0.0331338 0.982908 -0.0461208 -0.175122
-0.328125 1.07189 -0.0580079 -0.0322281 0.981267 -0.0469741 -0.184038
-0.337933 1.06987 -0.0585591 -0.0314135 0.979908 -0.0477694 -0.191078
-0.345119 1.06557 -0.0583623 -0.0315457 0.978536 -0.0480606 -0.197896
-0.353129 1.06159 -0.0630198 -0.0312437 0.977008 -0.0477292 -0.205428
-0.361349 1.05891 -0.0619655 -0.0299005 0.975001 -0.0488721 -0.214688
-0.372671 1.05513 -0.0648488 -0.0294716 0.972975 -0.0480975 -0.223916
-0.379272 1.0521 -0.0661208 -0.0290013 0.970862 -0.0483744 -0.232905
-0.38632 1.04876 -0.0695636 -0.0280273 0.968711 -0.047717 -0.241942
-0.396647 1.04303 -0.0720766 -0.0267359 0.966427 -0.04818 -0.250964
-0.403332 1.03769 -0.0742266 -0.0260081 0.964924 -0.0481716 -0.25676
-0.412313 1.03235 -0.0717977 -0.0252911 0.962293 -0.0490461 -0.26636
-0.41929 1.0264 -0.0716118 -0.0257639 0.960613 -0.0488857 -0.272339
-0.426997 1.02077 -0.0712666 -0.026212 0.958775 -0.0486592 -0.278741
-0.428563 1.01771 -0.0682438 -0.026611 0.957127 -0.0493793 -0.284186
-0.42666 1.00973 -0.057352 -0.0271209 0.955499 -0.0509121 -0.289299
-0.436825 1.00372 -0.0447946 -0.0276207 0.953317 -0.0530862 -0.295984
-0.45036 0.993758 -0.048747 -0.0265474 0.950226 -0.053293 -0.305819
-0.456482 0.987242 -0.0502267 -0.0259189 0.947967 -0.0539829 -0.312685
-0.459482 0.984365 -0.0506027 -0.0271808 0.94587 -0.0523507 -0.31914
-0.463806 0.981941 -0.0455645 -0.0269515 0.943073 -0.05382 -0.327094
-0.470951 0.97475 -0.0446081 -0.0267199 0.939578 -0.0536203 -0.337051
-0.473963 0.97129 -0.0442241 -0.0274836 0.93722 -0.0528947 -0.343606
-0.47917 0.967152 -0.043911 -0.0270533 0.934165 -0.0527701 -0.35188
-0.488534 0.958626 -0.0466488 -0.0268865 0.930139 -0.0533099 -0.36232
-0.494054 0.952736 -0.0481831 -0.0270468 0.927773 -0.052978 -0.368372
-0.503774 0.942087 -0.0512076 -0.0271362 0.923902 -0.0525152 -0.378034
-0.505742 0.931672 -0.056722 -0.0269014 0.92139 -0.0515597 -0.384263
-0.509965 0.925153 -0.0584215 -0.0278737 0.919153 -0.050247 -0.389686
-0.519566 0.912326 -0.0606067 -0.0261465 0.914521 -0.0513604 -0.400413
-0.524129 0.907074 -0.0621305 -0.0256858 0.910697 -0.0510932 -0.409098
-0.529185 0.898533 -0.0622323 -0.0251962 0.90597 -0.0511368 -0.419486
-0.535707 0.893149 -0.0628974 -0.0235527 0.902449 -0.0517195 -0.427031
-0.543391 0.883013 -0.0667283 -0.0231131 0.897785 -0.050942 -0.436868
-0.546638 0.87387 -0.0704596 -0.023029 0.894755 -0.049871 -0.443165
-0.554056 0.862334 -0.0735984 -0.0225615 0.889835 -0.0502904 -0.452942
-0.556049 0.856763 -0.0767256 -0.0223255 0.88659 -0.0493901 -0.459369
-0.561977 0.848947 -0.0801114 -0.0217549 0.882785 -0.0487394 -0.466736
-0.56727 0.83485 -0.0852554 -0.0214068 0.878624 -0.0474394 -0.47467
-0.572692 0.827792 -0.0902161 -0.0205627 0.874993 -0.0465683 -0.481451
-0.5782 0.812318 -0.0982354 -0.019284 0.869347 -0.0448323 -0.491787
-0.582184 0.802336 -0.105112 -0.0172118 0.865059 -0.0437511 -0.499463
-0.586517 0.79173 -0.106306 0.0177582 -0.858767 0.0426953 0.510275
-0.587257 0.786612 -0.106306 0.0183137 -0.854155 0.0417907 0.518013
-0.592177 0.770878 -0.108371 0.0174855 -0.848045 0.0424872 0.527929
-0.596545 0.757542 -0.111064 0.0169262 -0.842316 0.0424097 0.537047
-0.598639 0.75022 -0.112281 0.0171925 -0.83872 0.0419972 0.542668
-0.601691 0.742868 -0.113764 0.0176024 -0.834956 0.0416253 0.548457
-0.605094 0.728622 -0.116093 0.0181006 -0.830115 0.0404548 0.555828
-0.604856 0.718966 -0.117802 0.0189721 -0.827148 0.0388465 0.560319
-0.608126 0.705226 -0.119501 0.0193431 -0.82146 0.0389726 0.568604
-0.608311 0.697682 -0.12242 0.0187716 -0.818063 0.0389911 0.573498
-0.611698 0.685951 -0.124055 0.0183793 -0.811709 0.0391523 0.582458
-0.611701 0.67553 -0.126935 0.0183115 -0.807614 0.0385831 0.588163
-0.613986 0.663826 -0.127454 0.0178315 -0.801516 0.0393452 0.596411
-0.61349 0.65741 -0.127216 0.0180813 -0.797861 0.0391473 0.601298
-0.617343 0.646001 -0.128033 0.0174211 -0.790374 0.0404249 0.611041
-0.618796 0.638605 -0.127944 0.0176159 -0.785741 0.0403005 0.61699
-0.621061 0.624914 -0.131647 0.0176704 -0.779967 0.0400893 0.624285
-0.620412 0.620295 -0.130386 0.0187418 -0.776283 0.0389261 0.628903
-0.621722 0.606769 -0.133778 0.018036 -0.769945 0.0383998 0.636698
-0.62386 0.59908 -0.134181 0.0181436 -0.765559 0.038352 0.641965
-0.62128 0.588772 -0.13674 0.0183825 -0.7589 0.0367262 0.649911
-0.621364 0.583385 -0.137207 0.018708 -0.753353 0.0364942 0.656336
-0.618687 0.576119 -0.135629 0.01911 -0.74727 0.0357939 0.66328
-0.617873 0.566584 -0.136257 0.0195826 -0.740577 0.0344324 0.670803
-0.616665 0.561234 -0.133681 0.0207281 -0.736327 0.0347989 0.675412
-0.616145 0.54964 -0.134575 0.0211603 -0.729463 0.0332433 0.682885
-0.615975 0.536059 -0.137081 0.0215131 -0.721983 0.0321207 0.69083
-0.613623 0.522728 -0.138905 0.0216463 -0.714501 0.032056 0.698565
-0.613633 0.509936 -0.139603 0.0215434 -0.707905 0.031827 0.705261
-0.613418 0.498134 -0.139694 0.0219631 -0.700731 0.0307924 0.712422
-0.612131 0.488535 -0.139278 0.0215703 -0.692416 0.0306148 0.720526
-0.610323 0.478228 -0.139844 0.0218506 -0.684111 0.0292133 0.728465
-0.608403 0.463444 -0.143122 0.0205451 -0.674153 0.0287182 0.737747
-0.607748 0.450026 -0.147301 0.0189921 -0.665377 0.0291523 0.745696
-0.60701 0.437754 -0.146852 0.0191933 -0.654495 0.0278644 0.755309
-0.603728 0.427334 -0.14628 0.0198056 -0.648811 0.028113 0.760173
-0.602964 0.417314 -0.146142 0.019672 -0.640485 0.0276743 0.76722
-0.599909 0.405152 -0.145587 0.0199942 -0.63121 0.0267042 0.774894
-0.596566 0.392784 -0.147193 0.0199152 -0.622288 0.0269425 0.782071
-0.592713 0.384922 -0.145836 0.0199133 -0.614018 0.0265375 0.788595
-0.589809 0.377629 -0.146436 0.0197131 -0.60824 0.0259577 0.793084
-0.58444 0.3665 -0.148317 0.0190047 -0.599788 0.0254887 0.799527
-0.580712 0.355623 -0.148906 0.0187056 -0.591833 0.0249231 0.805458
-0.574949 0.342152 -0.14985 0.0184082 -0.582623 0.0246049 0.812161
-0.568692 0.329194 -0.151486 0.0195781 -0.574648 0.0242283 0.817808
-0.562458 0.316332 -0.153802 0.0200131 -0.567236 0.0221198 0.823015
-0.556527 0.305158 -0.153937 0.0203683 -0.55962 0.0209926 0.828233
-0.551077 0.292471 -0.15539 0.0206038 -0.551752 0.0211109 0.833487
-0.546518 0.281626 -0.155626 0.0207741 -0.543013 0.0207209 0.839212
-0.541515 0.270146 -0.156369 0.0209168 -0.531559 0.021024 0.846502
-0.533576 0.257925 -0.157969 0.020823 -0.522607 0.0203958 0.852075
-0.525877 0.24702 -0.160669 0.0210378 -0.513924 0.0176168 0.857397
-0.516871 0.235448 -0.161326 0.0212896 -0.5045 0.0178759 0.862964
-0.506489 0.219178 -0.159416 0.0234048 -0.485553 0.0170741 0.873727
-0.498059 0.208327 -0.161133 0.0231722 -0.477668 0.0158595 0.878092
-0.491615 0.199933 -0.160852 0.0239486 -0.470014 0.0148609 0.882209
-0.479668 0.185226 -0.163807 0.0235493 -0.456303 0.0144822 0.889395
-0.470854 0.174058 -0.164526 0.0232033 -0.44535 0.0145702 0.894937
-0.460164 0.163945 -0.16417 0.0228614 -0.433466 0.0155702 0.900745
-0.451151 0.15512 -0.16335 0.0227432 -0.424074 0.0155753 0.905208
-0.443484 0.147787 -0.163994 0.0221004 -0.413893 0.014298 0.909945
-0.434717 0.13863 -0.163721 0.0226624 -0.403868 0.0133732 0.914439
-0.424124 0.130054 -0.165004 0.0226201 -0.39465 0.0142171 0.918443
-0.411992 0.116464 -0.167153 0.022793 -0.380243 0.0151569 0.924481
-0.401179 0.104612 -0.170364 0.0221187 -0.370575 0.0145019 0.928426
-0.39229 0.0956049 -0.170551 0.0219089 -0.359163 0.0138018 0.932915
-0.381354 0.088081 -0.170704 0.0216256 -0.347148 0.013574 0.937463
-0.37184 0.0808158 -0.17146 0.0210007 -0.335508 0.0135188 0.941706
-0.360769 0.0723934 -0.172597 0.0203978 -0.323536 0.0135325 0.945899
-0.348181 0.0610092 -0.173435 0.020423 -0.307631 0.0148784 0.95117
-0.334872 0.0525157 -0.176376 0.0196979 -0.298102 0.0140722 0.954227
-0.326674 0.0486527 -0.176096 0.0196468 -0.288541 0.0134417 0.957172
-0.310675 0.0416309 -0.17964 0.0187785 -0.277742 0.012546 0.96039
-0.304881 0.0393273 -0.176613 0.0194102 -0.268136 0.01184 0.963113
-0.295855 0.0366667 -0.175462 0.019584 -0.257084 0.0122677 0.966113
-0.283248 0.0318138 -0.177516 0.0184162 -0.247391 0.0118538 0.968668
-0.272084 0.0275038 -0.17836 0.0180237 -0.238715 0.0101045 0.97087
-0.25677 0.0206603 -0.181235 0.0175507 -0.228066 0.010418 0.973432
-0.239624 0.0153903 -0.184937 0.0172233 -0.214514 0.00954275 0.976522
-0.227912 0.0133985 -0.185072 0.0174656 -0.2052 0.00823269 0.97853
-0.212288 0.00780207 -0.188309 0.016871 -0.196781 0.00793149 0.98027
-0.202308 0.00675406 -0.18865 0.0159888 -0.18605 0.00654447 0.982388
-0.186762 0.00405084 -0.189384 0.0155333 -0.171041 0.00598344 0.985123
-0.182724 0.00653919 -0.184395 0.0160443 -0.159655 0.00536537 0.987028
-0.163034 0.00201584 -0.187257 0.0156508 -0.144207 0.00546351 0.989409
-0.154691 -0.00087166 -0.186796 0.0153734 -0.132858 0.00449012 0.991006
-0.141314 -0.00308209 -0.18797 0.0153321 -0.121648 0.0037468 0.992448
-0.126862 -0.00409994 -0.187757 0.014898 -0.109347 0.00259053 0.993889
-0.124303 -0.00218609 -0.186604 0.0167143 -0.101131 0.00196118 0.994731
-0.13032 -0.000976999 -0.183092 0.0154396 -0.101823 0.00153696 0.994682
-0.134688 -0.00119286 -0.182526 0.0151232 -0.101582 0.00166747 0.994711
-0.122204 -0.00259028 -0.189974 0.0136129 -0.101138 0.00156501 0.994778
-0.123433 -0.00369656 -0.19171 0.0138639 -0.100842 0.00226203 0.994803
-0.124307 -0.00208895 -0.186895 0.014634 -0.101055 0.00233502 0.99477
-0.126369 -0.0016389 -0.186278 0.0147271 -0.101118 0.00236592 0.994763
-0.125829 -0.000274641 -0.185563 0.0144763 -0.101693 0.000488585 0.99471
-0.128694 -0.00132183 -0.186494 0.0144453 -0.101315 0.00123445 0.994749
-0.12278 -0.00262775 -0.187974 0.0144951 -0.101021 0.00207167 0.994776
-0.129414 -0.00174405 -0.185457 0.0145485 -0.101303 0.00109065 0.994749
-0.122896 -0.00247827 -0.186618 0.0146275 -0.101023 0.00227161 0.994774
-0.126098 -0.00245781 -0.181604 0.0156564 -0.100958 0.00281609 0.994764
-0.125999 -0.000999838 -0.188228 0.0140478 -0.101481 0.000957141 0.994738
-0.12389 -0.00231902 -0.187504 0.0145532 -0.101066 0.00219971 0.994771
