-0.000384746 0.000434299 0.000277114 4.90933e-05 -7.99094e-05 -2.66419e-05 1
-0.000384746 0.000434299 0.000277114 4.90933e-05 -7.99094e-05 -2.66419e-05 1
-0.000384746 0.000434299 0.000277114 4.90933e-05 -7.99094e-05 -2.66419e-05 1
-0.000384746 0.000434299 0.000277114 4.90933e-05 -7.99094e-05 -2.66419e-05 1
-0.000384746 0.000434299 0.000277114 4.90933e-05 -7.99094e-05 -2.66419e-05 1
-0.000384746 0.000434299 0.000277114 4.90933e-05 -7.99094e-05 -2.66419e-05 1
-0.000384746 0.000434299 0.000277114 4.90933e-05 -7.99094e-05 -2.66419e-05 1
-0.000384746 0.000434299 0.000277114 4.90933e-05 -7.99094e-05 -2.66419e-05 1
-0.000384746 0.000434299 0.000277114 4.90933e-05 -7.99094e-05 -2.66419e-05 1
-0.000384746 0.000434299 0.000277114 4.90933e-05 -7.99094e-05 -2.66419e-05 1
-0.000384746 0.000434299 0.000277114 4.90933e-05 -7.99094e-05 -2.66419e-05 1
-0.000384746 0.000434299 0.000277114 4.90933e-05 -7.99094e-05 -2.66419e-05 1
-4.22374e-05 0.00016766 2.68774e-05 3.18813e-06 -2.7531e-05 -4.00829e-06 1
-4.22374e-05 0.00016766 2.68774e-05 3.18813e-06 -2.7531e-05 -4.00829e-06 1
7.47509e-05 0.000146588 -6.80883e-05 -1.42731e-05 -2.26648e-05 -1.42265e-06 1
7.47509e-05 0.000146588 -6.80883e-05 -1.42731e-05 -2.26648e-05 -1.42265e-06 1
0.000897046 0.000224862 -0.000329938 -0.000702206 0.000650538 -3.32918e-05 1
0.0139636 0.00123963 -0.00396632 -0.000735216 0.00822401 0.000402232 0.999966
0.0234776 -0.00226877 -0.00370772 -0.000351364 0.0165017 0.000715553 0.999864
0.039998 0.00413861 -0.00639878 -0.000839177 0.0264808 0.00130062 0.999648
0.0532222 0.00183268 -0.00985395 -0.000970319 0.0331998 0.00136068 0.999447
0.0662376 0.00061786 -0.00590342 -6.95322e-05 0.0452425 0.00152474 0.998975
0.0729523 0.0015525 -0.00689563 0.000723435 0.0527402 0.00177519 0.998606
0.087863 0.00327801 -0.00862106 0.00111202 0.0622786 0.00280066 0.998054
0.0933087 0.00036548 -0.00629675 0.00163648 0.0696367 0.00264218 0.997568
0.108178 0.00509518 -0.00535737 0.00225642 0.0781734 0.00219391 0.996935
0.117122 0.00609879 -0.00532321 0.00260631 0.0849516 0.00268145 0.996378
0.132262 0.0114982 -0.00545923 0.00295613 0.096135 0.00259641 0.995361
0.148554 0.0121787 -8.02869e-06 0.00447284 0.108962 0.00272071 0.994032
0.157614 0.0213042 -0.00128677 0.00467496 0.115252 0.00253457 0.993322
0.173984 0.0256116 -0.00397587 0.00423777 0.126184 0.00274467 0.991994
0.187405 0.0286493 -0.0122391 0.00317771 0.133783 0.00190866 0.991004
0.200916 0.0300388 -0.0131805 0.00358144 0.145713 0.00218162 0.989318
0.209105 0.0347761 -0.0128746 0.00412723 0.152578 0.00139465 0.988282
0.223245 0.0394261 -0.0135705 0.00452651 0.164083 0.00138203 0.986435
0.235276 0.0467854 -0.00295507 0.00744439 0.174015 0.000552717 0.984715
0.246581 0.0491558 -0.00527084 0.00750589 0.180451 0.000891075 0.983555
0.261284 0.0553006 -0.00426711 0.00801073 0.191136 0.000763136 0.981531
0.271594 0.056432 -0.00351761 0.00877907 0.200448 0.000891967 0.979665
0.280948 0.0583644 -0.00188644 0.00942045 0.212802 0.000992024 0.977049
0.288441 0.0660245 -0.00243391 0.00960175 0.220204 0.000803237 0.975406
0.30504 0.071701 -0.00288673 0.0106104 0.233031 0.00181602 0.97241
0.313139 0.0795089 -0.00431652 0.010626 0.239527 0.00287755 0.970827
0.32665 0.0843571 -0.00580242 0.0107648 0.250383 0.0023323 0.968084
0.331147 0.0884193 -0.0043882 0.0108873 0.257317 0.00150925 0.966265
0.343562 0.0937498 -0.00715595 0.0112 0.268221 0.00213247 0.96329
0.3544 0.101702 -0.00832884 0.0112617 0.27478 0.00195391 0.961439
0.36459 0.11554 -0.00979603 0.0114263 0.28592 0.0022881 0.958183
0.372777 0.122284 -0.00936692 0.0115994 0.297581 0.00313938 0.954621
0.383129 0.127477 -0.011285 0.0109863 0.305742 0.00372085 0.952044
0.394323 0.136878 -0.0132707 0.00967407 0.317717 0.00360914 0.94813
0.3998 0.138266 -0.0135264 0.00924981 0.325815 0.00372641 0.945381
0.410433 0.147294 -0.0134353 0.00955682 0.336919 0.00297956 0.941481
0.421291 0.154224 -0.015147 0.00892745 0.349878 0.00327224 0.936747
0.432112 0.162593 -0.0180715 0.00930182 0.357341 0.00361167 0.933921
0.441524 0.170948 -0.017201 0.00934069 0.366733 0.0031062 0.930274
0.448697 0.179962 -0.0187913 0.00849909 0.372635 0.00213382 0.927936
0.460613 0.189667 -0.0220214 0.00810846 0.381826 0.00223171 0.924196
0.464402 0.201181 -0.0204785 0.0082039 0.390309 0.00166017 0.920646
0.470015 0.209611 -0.0229981 0.00793292 0.397555 0.00195636 0.917542
0.479461 0.222022 -0.0250907 0.00885478 0.409048 0.00279993 0.912465
0.484706 0.22828 -0.0238408 0.0100462 0.415401 0.00331274 0.909577
0.49407 0.239378 -0.0243464 0.0100909 0.424973 0.00351302 0.905143
0.50132 0.243075 -0.0227727 0.0105715 0.432869 0.00337121 0.901388
0.506745 0.252259 -0.019066 0.0124993 0.442554 0.00322279 0.896649
0.514312 0.261336 -0.0214333 0.0120818 0.449351 0.0034778 0.893267
0.521589 0.27306 -0.0206291 0.0132068 0.45912 0.00366122 0.888269
0.520305 0.284721 -0.0180117 0.0141268 0.463637 0.00357712 0.885905
0.528719 0.294155 -0.019508 0.0144716 0.472833 0.0041271 0.881024
0.53365 0.302199 -0.0192585 0.0146727 0.479487 0.00421763 0.877416
0.538106 0.316178 -0.0225867 0.0143128 0.489649 0.00439923 0.871791
0.541149 0.323792 -0.0217258 0.0151058 0.496011 0.00463371 0.868173
0.546814 0.335745 -0.0225074 0.0151934 0.506504 0.00497989 0.862089
0.550014 0.342703 -0.0195492 0.0161654 0.513646 0.00392273 0.857841
0.556198 0.354869 -0.0202089 0.0163353 0.523522 0.00460265 0.851843
0.558441 0.361938 -0.0216942 0.0158819 0.529565 0.00452893 0.848109
0.564452 0.375295 -0.0247773 0.015388 0.539382 0.00452965 0.841908
0.566324 0.384615 -0.0246325 0.0152778 0.544877 0.00495114 0.838362
0.56965 0.390545 -0.0252522 0.0148757 0.55109 0.00479067 0.834299
0.573157 0.402869 -0.0282478 0.0130501 0.561095 0.0050472 0.827633
0.575974 0.409368 -0.0262852 0.0143148 0.567554 0.00531815 0.823195
0.580783 0.421619 -0.0263171 0.0147316 0.577514 0.00535031 0.81623
0.585464 0.427207 -0.0234249 0.0153348 0.584546 0.00509308 0.8112
0.589537 0.439959 -0.0220013 0.0151181 0.594816 0.00516818 0.803703
0.589525 0.447474 -0.0208702 0.016205 0.600568 0.00490251 0.799394
0.593298 0.460373 -0.0214953 0.0160263 0.610292 0.00473009 0.792
0.59728 0.468034 -0.0193714 0.0171816 0.617513 0.0038127 0.786363
0.604293 0.481506 -0.0243926 0.017063 0.627066 0.00413127 0.778768
0.605283 0.489571 -0.0260326 0.016692 0.632844 0.00416259 0.774089
0.611268 0.49997 -0.0219929 0.0184743 0.642901 0.0032124 0.765719
0.613462 0.506991 -0.022424 0.0183556 0.64869 0.00312266 0.760825
0.615767 0.516158 -0.0217284 0.018921 0.660136 0.00391185 0.750897
0.617397 0.529597 -0.024269 0.0182518 0.667746 0.00410961 0.744154
0.619291 0.544666 -0.0261624 0.0191335 0.677871 0.00460368 0.734917
0.616336 0.550635 -0.0256297 0.0187949 0.68217 0.00420916 0.73094
0.618191 0.56592 -0.0267953 0.0191033 0.689888 0.00442233 0.72365
0.620865 0.58057 -0.0256932 0.0191627 0.69819 0.00317768 0.715649
0.620069 0.589617 -0.026464 0.0194091 0.702784 0.00228006 0.711135
0.618179 0.600377 -0.0201476 0.0208087 0.710007 0.000433416 0.703887
0.616644 0.609476 -0.0182265 0.0219354 0.715007 -0.000439933 0.698773
0.613773 0.623734 -0.0167178 0.0228359 0.721349 -0.00090375 0.692195
0.61486 0.631966 -0.0177916 0.0225391 0.726637 -0.000710071 0.686652
0.614902 0.644848 -0.0173369 0.0227085 0.734949 -0.000638763 0.677742
0.613313 0.655792 -0.0161527 0.0238527 0.743056 -0.000846985 0.668803
0.610464 0.666772 -0.0189328 0.0234248 0.748315 -0.000421525 0.662929
0.607915 0.681876 -0.0216366 0.0243089 0.755994 0.000729227 0.654127
0.606437 0.69182 -0.021239 0.0255185 0.760783 0.00115605 0.648504
0.602852 0.705484 -0.0233467 0.0241082 0.767265 0.000391996 0.640877
0.603216 0.718424 -0.021975 0.0244231 0.774943 -0.000327889 0.631559
0.600577 0.726232 -0.022031 0.0239562 0.7794 -0.00046522 0.626068
0.596416 0.740471 -0.0225536 0.0237402 0.785915 -5.93819e-05 0.617879
0.593673 0.749088 -0.0209341 0.0243158 0.790877 -0.000340452 0.611491
0.592463 0.762222 -0.0211871 0.0244806 0.797854 0.000521912 0.602353
0.593 0.769041 -0.0167658 0.0249579 0.802993 6.2561e-05 0.595465
0.588484 0.779565 -0.0153539 0.0246342 0.810431 0.000291506 0.585316
0.584653 0.792225 -0.0152466 0.0249153 0.817588 0.000714424 0.575264
0.581488 0.799796 -0.0161002 0.0248768 0.821382 0.000676786 0.569836
0.577797 0.80845 -0.0131586 0.0250342 0.829249 0.000568684 0.558317
0.573402 0.817229 -0.014824 0.0253283 0.833706 0.000145014 0.551627
0.567094 0.827543 -0.017176 0.0248785 0.839439 0.000487408 0.542884
0.564933 0.837186 -0.018874 0.0251505 0.8438 0.00118347 0.536067
0.560307 0.850755 -0.0189938 0.0249345 0.84977 0.000982805 0.526563
0.556281 0.860989 -0.0155328 0.0262703 0.856254 0.000653192 0.515886
0.551857 0.868935 -0.0165924 0.0264014 0.86111 0.00106389 0.507732
0.545204 0.883004 -0.0204489 0.0271704 0.86821 0.00180204 0.49545
0.538832 0.890695 -0.0176797 0.0282627 0.873713 0.00151093 0.485617
0.534855 0.897992 -0.0166948 0.0287317 0.877053 0.00137499 0.479531
0.528182 0.907614 -0.0173403 0.0288965 0.882189 0.00150771 0.470005
0.515842 0.920647 -0.023272 0.028596 0.886684 0.00226797 0.461485
0.50816 0.927472 -0.0226957 0.0286159 0.889624 0.00204396 0.455792
0.497449 0.940107 -0.0237456 0.0285276 0.894467 0.00160811 0.446219
0.491461 0.945455 -0.0253642 0.0283659 0.896973 0.00185249 0.44117
0.480638 0.960694 -0.0305257 0.027925 0.901245 0.00267774 0.432401
0.46896 0.970627 -0.0318864 0.0274151 0.906102 0.00287332 0.42216
0.461399 0.976378 -0.0332168 0.0264439 0.909298 0.00292882 0.415294
0.450695 0.986191 -0.0339122 0.0268856 0.914062 0.00341308 0.404667
0.444678 0.992942 -0.0301298 0.0281788 0.917628 0.00303257 0.396429
0.433629 1.00263 -0.0332496 0.0289566 0.921921 0.00355007 0.386278
0.424352 1.01288 -0.0345788 0.0297743 0.92604 0.00444949 0.376223
0.418806 1.02081 -0.0356934 0.029796 0.928977 0.00466241 0.368907
0.410366 1.02908 -0.0340757 0.029992 0.932726 0.00422499 0.359312
0.402689 1.03689 -0.0337162 0.0306951 0.935223 0.00421407 0.352701
0.388874 1.04592 -0.0362693 0.0301812 0.93874 0.00461222 0.34327
0.379403 1.05204 -0.0383831 0.0297718 0.941 0.00497286 0.337057
0.370348 1.0584 -0.0381692 0.0301188 0.945015 0.00561324 0.325588
0.363654 1.06757 -0.0395789 0.0297254 0.949117 0.00649168 0.313451
0.360401 1.07325 -0.036357 0.0299578 0.95179 0.00622056 0.305221
0.354133 1.08064 -0.0352271 0.0301117 0.954979 0.00596341 0.295081
0.349674 1.08669 -0.0351758 0.0295078 0.957646 0.00594718 0.286372
0.340139 1.09593 -0.0334414 0.0294167 0.961402 0.00530756 0.273519
0.334617 1.09972 -0.0288327 0.0295757 0.963384 0.00406153 0.266458
0.323373 1.10505 -0.0287626 0.0296054 0.966097 0.00372447 0.256449
0.312559 1.11276 -0.024381 0.0289823 0.96891 0.00267421 0.245696
0.306957 1.11686 -0.021929 0.0291072 0.970885 0.00214959 0.23776
0.29488 1.12351 -0.0229053 0.029301 0.973737 0.0027452 0.225765
0.286263 1.12821 -0.020881 0.0299427 0.975971 0.00195759 0.215825
0.274861 1.12969 -0.0178824 0.0311288 0.978407 0.00109324 0.204325
0.270159 1.12964 -0.0164421 0.0302777 0.979912 0.000591035 0.197119
0.2514 1.1232 -0.00744795 0.0302327 0.981815 -0.00129002 0.187415
0.24453 1.12501 -0.0049885 0.0306329 0.983283 -0.00156731 0.179481
0.232181 1.12962 -0.0071398 0.0310223 0.985347 -0.00171986 0.167705
0.223844 1.13385 -0.0104377 0.030777 0.986626 -0.000950126 0.160063
0.217075 1.13457 -0.0075092 0.0300821 0.9878 -0.00195313 0.152783
0.202256 1.14046 -0.0112187 0.0315059 0.989138 -0.00134715 0.14357
0.190615 1.13904 -0.0126225 0.0309604 0.989768 -0.000843533 0.139281
0.178451 1.13992 -0.00879426 0.0303075 0.991124 -0.00195879 0.129427
0.169485 1.14177 -0.00869951 0.0301738 0.992052 -0.00188774 0.122146
0.156862 1.14727 -0.00664865 0.0300242 0.993446 -0.00234047 0.110261
0.153028 1.14461 -0.000625234 0.0306721 0.99428 -0.00346154 0.102245
0.141784 1.14158 -0.00321412 0.0304099 0.994827 -0.00273169 0.096886
0.131589 1.14797 -0.00415739 0.0325304 0.995879 -0.00190378 0.0846352
0.122668 1.14927 -0.00408985 0.0322836 0.996479 -0.00184984 0.077361
0.115684 1.14676 -0.00131798 0.0333523 0.996987 -0.00279731 0.0699831
0.103611 1.14679 0.00196281 0.0337863 0.997582 -0.00311504 0.0606523
0.0977294 1.15023 0.000564335 0.0338015 0.998003 -0.00271847 0.053292
0.0847141 1.14758 -0.00147847 0.0343468 0.998305 -0.00203478 0.0469314
0.0726842 1.147 -0.0016109 0.0348665 0.998605 -0.00234135 0.0395954
0.0638616 1.14397 0.00287987 0.0347543 0.998946 -0.00366704 0.0297638
0.0545869 1.14148 0.00193167 0.0344754 0.999137 -0.00311936 0.0229467
0.0564319 1.14457 0.00895268 0.0356011 0.999257 -0.00463871 0.0140339
0.0505523 1.1467 0.00889218 0.0357046 0.999333 -0.00443763 0.00620533
0.0373733 1.14584 0.00949146 0.0365181 0.999312 -0.0050492 -0.00405677
0.0310155 1.14707 0.00990613 0.0361448 0.999252 -0.00503024 -0.0128
0.0202561 1.14895 0.0120468 0.0360245 0.999108 -0.00563957 -0.0213206
0.0118459 1.14661 0.0111585 0.0351642 0.998997 -0.00564554 -0.0271519
-0.000368776 1.14479 0.0113942 0.034513 0.998709 -0.00519032 -0.0369045
-0.00965913 1.14315 0.00943274 0.0352993 0.998376 -0.00447899 -0.0444792
-0.0193159 1.14202 0.0117285 0.0351489 0.998087 -0.0050921 -0.0506033
-0.0289599 1.13981 0.00978959 0.0357334 0.997707 -0.00434755 -0.0573196
-0.0387221 1.13824 0.00896417 0.0359019 0.997145 -0.0035837 -0.066328
-0.0486986 1.13507 0.0100413 0.0364435 0.996441 -0.00363319 -0.075916
-0.0576699 1.13269 0.00982557 0.0367241 0.995786 -0.00392445 -0.083947
-0.0640688 1.12914 0.00989559 0.0361055 0.995228 -0.00406009 -0.0905584
-0.0782084 1.12847 0.0079703 0.0371782 0.993892 -0.00353761 -0.103849
-0.0877232 1.12607 0.00862326 0.0368969 0.992959 -0.00373006 -0.112501
-0.104873 1.11797 0.012531 0.037262 0.99116 -0.00468157 -0.127243
-0.113162 1.11472 0.0120356 0.0374742 0.990148 -0.00434498 -0.13485
-0.144112 1.11047 0.00914839 0.0390687 0.986365 -0.00497093 -0.159788
-0.159633 1.10514 0.00981641 0.03937 0.983544 -0.00436475 -0.176274
-0.166386 1.10179 0.0108465 0.0396146 0.981906 -0.0043523 -0.18513
-0.181923 1.09098 0.0103653 0.0400672 0.978164 -0.00412716 -0.203893
-0.191297 1.08801 0.0109393 0.0407167 0.976513 -0.00441675 -0.211532
-0.20781 1.07856 0.00670899 0.0410855 0.973609 -0.00351758 -0.224466
-0.233786 1.0651 0.00804257 0.0394099 0.968933 -0.00368837 -0.244137
-0.257086 1.04803 0.0104059 0.0387636 0.961804 -0.00416556 -0.27095
-0.272358 1.03852 0.00841824 0.0374013 0.957504 -0.00275793 -0.285972
-0.277555 1.03377 0.0110962 0.0370642 0.95523 -0.00296982 -0.29352
-0.295547 1.0231 0.0145412 0.0366997 0.949566 -0.00327946 -0.311396
-0.311228 1.01307 0.0197836 0.037536 0.942095 -0.00608337 -0.333183
-0.317009 1.00662 0.0202868 0.0378501 0.939701 -0.00648923 -0.339835
-0.328831 0.997755 0.0367685 0.0363042 0.934646 -0.00813341 -0.353627
-0.34519 0.980873 0.0341105 0.0363062 0.927592 -0.00636833 -0.371773
-0.351197 0.972532 0.0347866 0.0362671 0.924387 -0.00648117 -0.379672
-0.376115 0.947248 0.0276273 0.0379906 0.915518 -0.00430412 -0.400457
-0.4013 0.924788 0.0256742 0.0383274 0.903715 -0.00334704 -0.426402
-0.417218 0.903267 0.024602 0.037578 0.894807 -0.00283506 -0.44486
-0.423999 0.895488 0.0250524 0.0375604 0.891655 -0.00282688 -0.451146
-0.435866 0.884946 0.0221139 0.0374735 0.883865 -0.00196475 -0.466234
-0.448162 0.855669 0.0223662 0.0365735 0.869937 -0.00077049 -0.491804
-0.455446 0.844908 0.0256657 -0.0370908 -0.863727 0.00266188 0.502586
-0.465528 0.834995 0.0281177 -0.0369569 -0.856407 0.00284039 0.514969
-0.46975 0.814597 0.025566 -0.036379 -0.85168 0.00182943 0.522795
-0.470457 0.807492 0.0280064 -0.0361688 -0.848672 0.00207779 0.527677
-0.473258 0.798577 0.0300644 -0.0360402 -0.845498 0.00246107 0.532755
-0.478683 0.785278 0.0302443 -0.0356116 -0.840054 0.00263734 0.541326
-0.482773 0.771848 0.0272957 -0.0358985 -0.836623 0.00214153 0.546597
-0.488344 0.761996 0.0281101 -0.0368786 -0.830082 0.00342969 0.556409
-0.489994 0.752456 0.0280491 -0.0371268 -0.826496 0.00265801 0.56171
-0.494852 0.738944 0.029189 -0.0368582 -0.820015 0.00238559 0.571148
-0.497735 0.728908 0.0289681 -0.0370385 -0.815948 0.00231381 0.576933
-0.50211 0.715828 0.0289106 -0.0366764 -0.809245 0.00249692 0.58632
-0.504836 0.706396 0.0292913 -0.0367414 -0.804154 0.00309952 0.593277
-0.508106 0.698171 0.0338697 -0.0354781 -0.798163 0.00358784 0.601385
-0.51026 0.687328 0.0329502 -0.0357296 -0.794072 0.003179 0.606764
-0.513433 0.674628 0.0343628 -0.0351536 -0.787278 0.00345379 0.615586
-0.514473 0.666203 0.0373109 -0.0346309 -0.783683 0.00324765 0.620186
-0.516229 0.650471 0.0359446 -0.0346319 -0.777442 0.00262259 0.627995
-0.518437 0.646964 0.0398592 -0.033552 -0.771967 0.00317685 0.634768
-0.520685 0.631272 0.0379772 -0.0348103 -0.763641 0.00410762 0.644689
-0.522009 0.619816 0.0320785 -0.0361173 -0.758705 0.00303684 0.650425
-0.521203 0.614012 0.0348074 -0.0357486 -0.754136 0.00270639 0.655739
-0.521364 0.601487 0.0372329 -0.0349514 -0.747089 0.00238717 0.6638
-0.523521 0.592044 0.0364348 -0.0356069 -0.741682 0.0029229 0.6698
-0.527186 0.57923 0.0366776 -0.0350915 -0.734152 0.00213431 0.678074
-0.529113 0.57129 0.0387992 -0.0348746 -0.728499 0.00257148 0.684153
-0.532278 0.556225 0.0400416 -0.0341937 -0.721353 0.00252735 0.691719
-0.534919 0.549332 0.0404256 -0.0340499 -0.716772 0.00232317 0.696472
-0.531921 0.536559 0.0397327 -0.0336045 -0.709285 0.00102955 0.70412
-0.531066 0.527191 0.0412419 -0.0333926 -0.7036 0.000168877 0.709811
-0.529397 0.511972 0.0420454 -0.0336472 -0.694418 -0.000115421 0.718784
-0.529035 0.50368 0.0417027 -0.0345445 -0.688144 -0.000594279 0.724751
-0.527731 0.489438 0.0403887 -0.0352787 -0.678849 0.000286465 0.73343
-0.527242 0.479052 0.0393729 -0.035846 -0.673237 -0.000320524 0.738557
-0.52702 0.466583 0.041022 -0.0337927 -0.663986 -0.000438127 0.746981
-0.524923 0.459285 0.0418131 -0.032657 -0.658072 -0.00137043 0.752245
-0.523307 0.445524 0.0430079 -0.0321656 -0.650336 -0.00192818 0.758963
-0.52188 0.437078 0.0444987 -0.0318573 -0.644759 -0.00188621 0.763719
-0.518185 0.422682 0.0449666 -0.031319 -0.635987 -0.00126123 0.771063
-0.517228 0.410324 0.0420879 -0.0313706 -0.630597 -0.0022497 0.775473
-0.51387 0.396186 0.0428434 -0.0312091 -0.622031 -0.00234288 0.782367
-0.513243 0.390398 0.0453238 -0.0305173 -0.616236 -0.00268301 0.786965
-0.508614 0.378464 0.0452504 -0.0303645 -0.608375 -0.00305001 0.793063
-0.504231 0.369775 0.0501034 -0.0288882 -0.601472 -0.00154308 0.79837
-0.505263 0.365145 0.0539239 -0.0281091 -0.594676 -0.0013687 0.803472
-0.499352 0.350842 0.0534881 -0.0275256 -0.586515 -0.001502 0.809469
-0.497102 0.343449 0.0529247 -0.0275651 -0.581492 -0.00146423 0.813084
-0.492925 0.326793 0.0524724 -0.0271847 -0.573152 -0.00277467 0.818994
-0.488967 0.317285 0.0502471 -0.0270586 -0.568015 -0.00423069 0.822562
-0.480948 0.303148 0.0503111 -0.0262527 -0.559582 -0.00583935 0.828338
-0.478014 0.298402 0.0548225 -0.0253474 -0.552774 -0.0052621 0.832929
-0.473187 0.282695 0.0562356 -0.0245883 -0.540863 -0.00454488 0.840739
-0.470801 0.275435 0.05508 -0.0249372 -0.534501 -0.00476931 0.844787
-0.464798 0.262565 0.0573053 -0.0244941 -0.524742 -0.00439659 0.850897
-0.461254 0.257935 0.057847 -0.0241579 -0.517994 -0.00469701 0.85503
-0.453785 0.248631 0.0573393 -0.024056 -0.509597 -0.00520336 0.860061
-0.446028 0.234986 0.0579005 -0.023189 -0.50086 -0.00551376 0.8652
-0.441426 0.227719 0.0579901 -0.0230782 -0.494389 -0.00554887 0.868917
-0.434287 0.214558 0.0561562 -0.0228619 -0.484767 -0.00538597 0.874328
-0.426766 0.203269 0.0551943 -0.0229151 -0.476525 -0.00625647 0.87884
-0.419262 0.194095 0.0528069 -0.0237416 -0.470218 -0.00678929 0.882205
-0.413065 0.185018 0.0547184 -0.0231224 -0.459099 -0.00653598 0.88806
-0.403017 0.174831 0.0558933 -0.0229228 -0.448406 -0.00596641 0.893516
-0.397071 0.166305 0.0550677 -0.0235936 -0.440231 -0.0055639 0.897557
-0.389183 0.154563 0.0567737 -0.0236691 -0.429523 -0.00450712 0.902734
-0.381926 0.14467 0.0583881 -0.0232523 -0.419547 -0.00425776 0.907426
-0.375697 0.137676 0.0583691 -0.0226213 -0.412651 -0.005139 0.910594
-0.365318 0.126963 0.057606 -0.0224353 -0.402783 -0.00542333 0.915004
-0.358326 0.120209 0.0593078 -0.0221535 -0.395884 -0.00502164 0.918019
-0.348043 0.109163 0.060023 -0.0217125 -0.385031 -0.00498127 0.922635
-0.342898 0.102337 0.0606225 -0.0213504 -0.376768 -0.00514336 0.926047
-0.332229 0.0924429 0.06001 -0.0208904 -0.366464 -0.00634988 0.930176
-0.325654 0.0848406 0.0592118 -0.0211323 -0.358064 -0.00673527 0.933433
-0.316618 0.0784238 0.0616058 -0.0207885 -0.345531 -0.00635318 0.938155
-0.308093 0.0711532 0.0677197 -0.0196193 -0.33426 -0.00570022 0.942259
-0.302379 0.0641718 0.0687103 -0.0192334 -0.326208 -0.00550099 0.945086
-0.289062 0.0537723 0.0673366 -0.0191742 -0.312823 -0.0056445 0.949601
-0.279842 0.0492341 0.0675403 -0.0188145 -0.306623 -0.00503471 0.951632
-0.26773 0.0416757 0.0670847 -0.018787 -0.2981 -0.00538689 0.954334
-0.259589 0.0365634 0.0669923 -0.0185745 -0.292235 -0.0059899 0.956147
-0.248001 0.0295671 0.0680323 -0.0181301 -0.283733 -0.00543737 0.958716
-0.246053 0.0253816 0.0698236 -0.0176609 -0.276792 -0.00534661 0.960753
-0.233412 0.0181783 0.0722325 -0.0170357 -0.264895 -0.00421703 0.964118
-0.227985 0.0126031 0.0726544 -0.016736 -0.257319 -0.00449324 0.966171
-0.214474 0.007608 0.073481 -0.0164409 -0.247399 -0.00391671 0.968766
-0.205917 0.00571302 0.072205 -0.016451 -0.24116 -0.00444182 0.970336
-0.193055 0.00302562 0.0729127 -0.0166472 -0.230936 -0.0044674 0.972816
-0.183952 -0.00119526 0.0714411 -0.016736 -0.224225 -0.00387391 0.974386
-0.171542 0.000100164 0.0735762 -0.0160017 -0.214374 -0.00461148 0.97661
-0.16974 -0.00473826 0.0752385 -0.0148551 -0.205818 -0.00434759 0.978468
-0.153768 -0.00939464 0.072061 -0.0156494 -0.199937 -0.00463388 0.979673
-0.141727 -0.0148826 0.0715868 -0.0154073 -0.190397 -0.00448734 0.981576
-0.133504 -0.018799 0.0735165 -0.0149924 -0.183001 -0.00446198 0.982988
-0.121487 -0.0206573 0.0770864 -0.0139863 -0.171937 -0.00471472 0.984997
-0.11503 -0.0225554 0.0791116 -0.0133585 -0.163935 -0.00444486 0.986371
-0.107197 -0.0258109 0.0780588 -0.0138821 -0.155104 -0.00466745 0.98779
-0.0948537 -0.0274558 0.0825822 -0.0129045 -0.142282 -0.00381652 0.989735
-0.0862297 -0.0269579 0.0820163 -0.0127157 -0.135447 -0.00329035 0.990698
-0.0751428 -0.0286141 0.0796525 -0.0134863 -0.12482 -0.00356255 0.992081
-0.0678293 -0.0306313 0.0794112 -0.0133315 -0.117407 -0.00402732 0.992986
-0.0604868 -0.0328723 0.0774242 -0.013499 -0.110527 -0.00430066 0.993772
-0.0473038 -0.0384465 0.081201 -0.01237 -0.0996565 -0.00349818 0.994939
-0.0398834 -0.0412695 0.0804049 -0.0122124 -0.0919718 -0.00335147 0.995681
-0.0214262 -0.0427128 0.0714027 -0.013654 -0.0819167 -0.00380638 0.996538
-0.00667575 -0.0657694 0.0743733 -0.0128169 -0.072198 -0.00404096 0.9973
0.00470599 -0.0718501 0.0722773 -0.013166 -0.0622685 -0.00368366 0.997966
0.0179449 -0.0775932 0.0706627 -0.0134233 -0.0484227 -0.00325932 0.998731
0.0298712 -0.0811438 0.0692904 -0.0137159 -0.0396452 -0.00300181 0.999115
0.0386136 -0.0827045 0.0677681 -0.0136673 -0.0279105 -0.00323624 0.999512
0.0438979 -0.0832847 0.074556 -0.0122508 -0.0182811 -0.0033386 0.999752
0.05508 -0.0859902 0.0848333 -0.0101657 -0.00684086 -0.00433035 0.999916
0.0666967 -0.0875936 0.0830618 -0.010093 0.000936436 -0.00443989 0.999939
0.0719239 -0.0890446 0.0830726 -0.00991427 0.0079824 -0.00467395 0.999908
0.0880306 -0.0855004 0.0787195 -0.0101987 0.0168279 -0.00513328 0.999793
0.0982296 -0.0863195 0.0770381 -0.00991246 0.0234473 -0.0043486 0.999666
0.120303 -0.0863421 0.051023 -0.0143663 0.0347426 -0.00392916 0.999285
0.120038 -0.0875451 0.0515408 -0.013496 0.0382965 -0.00401241 0.999167
0.119736 -0.0846248 0.0512805 -0.0135321 0.0378186 -0.00395732 0.999185
0.119736 -0.0846248 0.0512805 -0.0135321 0.0378186 -0.00395732 0.999185
0.119736 -0.0846248 0.0512805 -0.0135321 0.0378186 -0.00395732 0.999185
0.119736 -0.0846248 0.0512805 -0.0135321 0.0378186 -0.00395732 0.999185
0.119736 -0.0846248 0.0512805 -0.0135321 0.0378186 -0.00395732 0.999185
0.119736 -0.0846248 0.0512805 -0.0135321 0.0378186 -0.00395732 0.999185
0.119736 -0.0846248 0.0512805 -0.0135321 0.0378186 -0.00395732 0.999185
0.119736 -0.0846248 0.0512805 -0.0135321 0.0378186 -0.00395732 0.999185
0.119736 -0.0846248 0.0512805 -0.0135321 0.0378186 -0.00395732 0.999185
0.119962 -0.0847585 0.0511386 -0.0135591 0.0378443 -0.0039584 0.999184
0.119962 -0.0847585 0.0511386 -0.0135591 0.0378443 -0.0039584 0.999184
0.119962 -0.0847585 0.0511386 -0.0135591 0.0378443 -0.0039584 0.999184
0.119962 -0.0847585 0.0511386 -0.0135591 0.0378443 -0.0039584 0.999184
0.119962 -0.0847585 0.0511386 -0.0135591 0.0378443 -0.0039584 0.999184
0.119962 -0.0847585 0.0511386 -0.0135591 0.0378443 -0.0039584 0.999184
0.119962 -0.0847585 0.0511386 -0.0135591 0.0378443 -0.0039584 0.999184
0.119962 -0.0847585 0.0511386 -0.0135591 0.0378443 -0.0039584 0.999184
0.119962 -0.0847585 0.0511386 -0.0135591 0.0378443 -0.0039584 0.999184
0.119962 -0.0847585 0.0511386 -0.0135591 0.0378443 -0.0039584 0.999184
0.119962 -0.0847585 0.0511386 -0.0135591 0.0378443 -0.0039584 0.999184
0.119962 -0.0847585 0.0511386 -0.0135591 0.0378443 -0.0039584 0.999184
0.119962 -0.0847585 0.0511386 -0.0135591 0.0378443 -0.0039584 0.999184
0.119962 -0.0847585 0.0511386 -0.0135591 0.0378443 -0.0039584 0.999184
0.119962 -0.0847585 0.0511386 -0.0135591 0.0378443 -0.0039584 0.999184
0.119962 -0.0847585 0.0511386 -0.0135591 0.0378443 -0.0039584 0.999184
0.119962 -0.0847585 0.0511386 -0.0135591 0.0378443 -0.0039584 0.999184
0.119933 -0.0847651 0.0511585 -0.0135552 0.0378447 -0.00395827 0.999184
0.119999 -0.0847622 0.0511138 -0.0135635 0.0378451 -0.00395873 0.999184
0.119999 -0.0847622 0.0511138 -0.0135635 0.0378451 -0.00395873 0.999184
0.119999 -0.0847622 0.0511138 -0.0135635 0.0378451 -0.00395873 0.999184
0.119999 -0.0847622 0.0511138 -0.0135635 0.0378451 -0.00395873 0.999184
0.119999 -0.0847622 0.0511138 -0.0135635 0.0378451 -0.00395873 0.999184
0.119999 -0.0847622 0.0511138 -0.0135635 0.0378451 -0.00395873 0.999184
0.119935 -0.0847445 0.0511565 -0.0135557 0.0378409 -0.00395974 0.999184
0.119935 -0.0847445 0.0511565 -0.0135557 0.0378409 -0.00395974 0.999184
0.119935 -0.0847445 0.0511565 -0.0135557 0.0378409 -0.00395974 0.999184
0.119935 -0.0847445 0.0511565 -0.0135557 0.0378409 -0.00395974 0.999184
0.119935 -0.0847445 0.0511565 -0.0135557 0.0378409 -0.00395974 0.999184
0.119935 -0.0847445 0.0511565 -0.0135557 0.0378409 -0.00395974 0.999184
0.119935 -0.0847445 0.0511565 -0.0135557 0.0378409 -0.00395974 0.999184
0.119935 -0.0847445 0.0511565 -0.0135557 0.0378409 -0.00395974 0.999184
0.119935 -0.0847445 0.0511565 -0.0135557 0.0378409 -0.00395974 0.999184
0.119935 -0.0847445 0.0511565 -0.0135557 0.0378409 -0.00395974 0.999184
0.119935 -0.0847445 0.0511565 -0.0135557 0.0378409 -0.00395974 0.999184
0.119935 -0.0847445 0.0511565 -0.0135557 0.0378409 -0.00395974 0.999184
0.119935 -0.0847445 0.0511565 -0.0135557 0.0378409 -0.00395974 0.999184
0.119935 -0.0847445 0.0511565 -0.0135557 0.0378409 -0.00395974 0.999184
0.119935 -0.0847445 0.0511565 -0.0135557 0.0378409 -0.00395974 0.999184
0.119935 -0.0847445 0.0511565 -0.0135557 0.0378409 -0.00395974 0.999184
0.119935 -0.0847445 0.0511565 -0.0135557 0.0378409 -0.00395974 0.999184
0.119935 -0.0847445 0.0511565 -0.0135557 0.0378409 -0.00395974 0.999184
0.119935 -0.0847445 0.0511565 -0.0135557 0.0378409 -0.00395974 0.999184
0.119935 -0.0847445 0.0511565 -0.0135557 0.0378409 -0.00395974 0.999184
0.119935 -0.0847445 0.0511565 -0.0135557 0.0378409 -0.00395974 0.999184
0.119964 -0.0847255 0.0511379 -0.0135592 0.0378377 -0.00396111 0.999184
0.119964 -0.0847255 0.0511379 -0.0135592 0.0378377 -0.00396111 0.999184
0.119853 -0.0846343 0.051212 -0.0135454 0.0378194 -0.00396617 0.999185
0.119853 -0.0846343 0.051212 -0.0135454 0.0378194 -0.00396617 0.999185
0.119853 -0.0846343 0.051212 -0.0135454 0.0378194 -0.00396617 0.999185
0.119853 -0.0846343 0.051212 -0.0135454 0.0378194 -0.00396617 0.999185
0.119853 -0.0846343 0.051212 -0.0135454 0.0378194 -0.00396617 0.999185
