-0.000625043 -1.28806e-05 0.000376013 6.76905e-05 -8.8174e-06 -2.27365e-05 1
-0.000625043 -1.28806e-05 0.000376013 6.76905e-05 -8.8174e-06 -2.27365e-05 1
-0.000625043 -1.28806e-05 0.000376013 6.76905e-05 -8.8174e-06 -2.27365e-05 1
-0.000625043 -1.28806e-05 0.000376013 6.76905e-05 -8.8174e-06 -2.27365e-05 1
-0.000625043 -1.28806e-05 0.000376013 6.76905e-05 -8.8174e-06 -2.27365e-05 1
-0.000625043 -1.28806e-05 0.000376013 6.76905e-05 -8.8174e-06 -2.27365e-05 1
-0.000625043 -1.28806e-05 0.000376013 6.76905e-05 -8.8174e-06 -2.27365e-05 1
-0.000625043 -1.28806e-05 0.000376013 6.76905e-05 -8.8174e-06 -2.27365e-05 1
-0.000625043 -1.28806e-05 0.000376013 6.76905e-05 -8.8174e-06 -2.27365e-05 1
-0.000625043 -1.28806e-05 0.000376013 6.76905e-05 -8.8174e-06 -2.27365e-05 1
-0.000625043 -1.28806e-05 0.000376013 6.76905e-05 -8.8174e-06 -2.27365e-05 1
0.0020948 0.000432236 -0.000827664 -0.000698786 0.00391086 -0.000306393 0.999992
0.0112718 -0.000666264 -0.00280509 -0.000662586 0.0109993 0.000126786 0.999939
0.027653 4.41046e-05 -0.00491056 -0.000940282 0.0211449 -0.000369676 0.999776
0.0353309 -0.000198015 -0.00102774 0.000378703 0.0280113 -0.000236471 0.999608
0.0475485 0.00323138 -0.00013797 0.000532551 0.040793 0.000108646 0.999167
0.055854 0.00517561 0.000172873 0.000937338 0.0495769 0.000348367 0.99877
0.0698812 0.00763998 -0.000842299 0.000664639 0.0611918 0.00123072 0.998125
0.0810522 0.00935419 0.000347876 0.00104318 0.0727656 0.000868987 0.997348
0.088869 0.00990316 0.00154506 0.0015331 0.081759 0.00099825 0.99665
0.103115 0.011895 0.00137585 0.00203611 0.093463 0.000993955 0.99562
0.110918 0.0153195 0.0021068 0.00274082 0.101224 0.000524339 0.99486
0.119023 0.0188321 0.00550677 0.00437062 0.114091 0.000793824 0.99346
0.129469 0.0206059 0.00555406 0.00458243 0.124433 0.000833638 0.992217
0.137273 0.02172 0.0057049 0.00493088 0.132083 0.00113842 0.991226
0.150745 0.0249352 0.00578577 0.00594551 0.144694 0.00194838 0.989457
0.152752 0.0299109 0.0178274 0.00797002 0.15194 0.00124208 0.988357
0.164015 0.0347816 0.0173376 0.00844992 0.16326 0.00161041 0.986546
0.174672 0.0378709 0.0171024 0.00891738 0.171183 0.00219317 0.985196
0.187349 0.0469269 0.0167289 0.0102732 0.180289 0.0028366 0.983556
0.193332 0.0526829 0.0195723 0.0112175 0.186541 0.00339583 0.982377
0.205241 0.0582659 0.018117 0.0113498 0.19567 0.00208997 0.980602
0.216226 0.0635039 0.0174449 0.0114085 0.202085 0.00161113 0.9793
0.228312 0.0698853 0.0172137 0.012597 0.211665 0.00200482 0.977259
0.238613 0.0759307 0.0161254 0.0127613 0.217621 0.0019597 0.975948
0.248588 0.0827518 0.0170864 0.01349 0.227685 0.00264498 0.973638
0.256083 0.085975 0.0183766 0.0140837 0.235381 0.00316517 0.971796
0.263101 0.0873374 0.0208275 0.0148063 0.247309 0.00372759 0.968816
0.271789 0.0901487 0.0209242 0.0153838 0.256073 0.00447473 0.966525
0.283069 0.0969779 0.0197101 0.0149385 0.266339 0.00482448 0.963751
0.292624 0.101196 0.0205423 0.0154018 0.273886 0.00515903 0.961625
0.308331 0.108783 0.018003 0.0157339 0.286933 0.00621456 0.957801
0.316255 0.116134 0.0173404 0.0157076 0.295739 0.00533998 0.955125
0.322503 0.121726 0.0164863 0.0155062 0.301852 0.00506934 0.953215
0.332283 0.122404 0.0193724 0.0161945 0.313079 0.00477187 0.949577
0.337418 0.124208 0.020461 0.0164345 0.319167 0.00463018 0.947545
0.348193 0.132237 0.0181032 0.0159368 0.329598 0.00498542 0.943974
0.354855 0.140218 0.0182451 0.0152769 0.33764 0.00407655 0.941142
0.362848 0.150136 0.0208961 0.016475 0.349984 0.00459168 0.936599
0.36671 0.155432 0.0216323 0.0168031 0.356698 0.00482287 0.934056
0.379396 0.166976 0.0164401 0.0149171 0.367013 0.00393497 0.930088
0.3871 0.177968 0.011684 0.0141222 0.374048 0.00445728 0.927291
0.397488 0.187463 0.0111178 0.0147006 0.384745 0.00426171 0.922896
0.404836 0.19627 0.00980964 0.0144214 0.391929 0.00404982 0.919873
0.411287 0.201443 0.0104289 0.0155701 0.400125 0.00493658 0.916315
0.421218 0.214069 0.0105982 0.0174223 0.410329 0.00630522 0.911749
0.427968 0.221423 0.00779956 0.0171987 0.416446 0.00633017 0.908976
0.435446 0.230762 0.0122599 0.0178204 0.427094 0.00640226 0.904009
0.439572 0.236173 0.0136078 0.0188871 0.435166 0.00704214 0.900125
0.441115 0.250953 0.0106549 0.0186124 0.445766 0.00756775 0.894924
0.443981 0.257606 0.011758 0.0187937 0.453507 0.00763113 0.891022
0.447576 0.264079 0.0125604 0.0198981 0.462281 0.00821519 0.886472
0.451901 0.274823 0.0109197 0.020145 0.471228 0.00814286 0.881744
0.457212 0.282185 0.00814803 0.0196823 0.478485 0.00841722 0.877835
0.464859 0.288474 0.00936361 0.0199583 0.485437 0.00771352 0.87401
0.469983 0.301663 0.0104288 0.0204466 0.494263 0.00762796 0.869039
0.476056 0.310065 0.0116479 0.0210308 0.499834 0.0075613 0.865833
0.481816 0.323262 0.0120332 0.0210066 0.507511 0.00705822 0.86136
0.485738 0.331289 0.0145211 0.0224957 0.514267 0.0073092 0.857304
0.488268 0.337534 0.0166842 0.0236274 0.520318 0.00805612 0.853608
0.494545 0.342277 0.0202146 0.0244776 0.530661 0.0085375 0.847188
0.499174 0.353815 0.0154353 0.0236141 0.537019 0.00943321 0.843187
0.502566 0.362924 0.0142099 0.0231899 0.543035 0.00998983 0.83933
0.508067 0.377101 0.00752916 0.0228617 0.54874 0.0120263 0.835594
0.51405 0.389847 0.00659478 0.0227935 0.559635 0.0129517 0.828325
0.518678 0.400001 0.00425548 0.0228534 0.566054 0.0135938 0.823939
0.519174 0.403742 0.0072361 0.0241277 0.571397 0.012977 0.820217
0.525895 0.415875 0.00641624 0.0237857 0.580137 0.0131765 0.814065
0.527051 0.42256 0.0112882 0.0249142 0.585749 0.0124501 0.810014
0.527877 0.431564 0.0124094 0.0245263 0.590125 0.0110827 0.806863
0.531955 0.442495 0.00811934 0.0239222 0.596204 0.0120384 0.802386
0.537031 0.456175 0.00576752 0.0237571 0.606873 0.0133594 0.794331
0.539081 0.461824 0.00689081 0.0250748 0.614118 0.0134768 0.788701
0.539848 0.474092 0.00617802 0.0256007 0.622384 0.0136485 0.782174
0.542366 0.482894 0.00475918 0.0256747 0.62863 0.014271 0.777149
0.54585 0.492352 0.0039271 0.0256807 0.635235 0.0146109 0.771754
0.547366 0.504842 0.00263017 0.0255322 0.644401 0.014598 0.764122
0.551474 0.517713 -0.00202067 0.0251199 0.650465 0.0145923 0.758981
0.550415 0.529256 -0.00107893 0.0255843 0.658615 0.0134454 0.751925
0.552072 0.539903 -0.00108028 0.0268441 0.664886 0.0131167 0.746348
0.553512 0.553998 -0.00190661 0.0273834 0.67205 0.0129494 0.739886
0.556247 0.558913 0.00244387 0.0282351 0.677849 0.0123275 0.734555
0.558463 0.571737 0.00346647 0.0289164 0.686761 0.0132886 0.726186
0.557032 0.582914 -0.000132273 0.0287808 0.692318 0.0130133 0.720901
0.560047 0.60032 -0.00213441 0.0287591 0.702526 0.013488 0.710949
0.560254 0.609447 -0.0012812 0.0292805 0.709184 0.0132851 0.70429
0.557505 0.623254 -0.000746045 0.029401 0.715906 0.0127376 0.697461
0.555407 0.627569 0.00482305 0.0302535 0.721578 0.0117832 0.691571
0.55679 0.644601 0.00159568 0.0298133 0.730431 0.0120335 0.68223
0.556858 0.651726 0.00330354 0.0297982 0.735894 0.0116741 0.676341
0.555812 0.661889 0.0043365 0.0303298 0.741024 0.0116588 0.670692
0.553582 0.676294 0.00387618 0.0301468 0.74928 0.0118942 0.661459
0.555124 0.689272 0.00327827 0.0299505 0.755725 0.0116866 0.654099
0.553499 0.705855 -0.00255972 0.0289171 0.764045 0.0141196 0.64436
0.552673 0.715846 -0.00154944 0.0282977 0.769053 0.0141362 0.638402
0.548204 0.728248 -0.000567679 0.0282049 0.776401 0.0139452 0.629453
0.542947 0.738593 -0.00122598 0.0272267 0.780446 0.0143628 0.624465
0.53719 0.75199 -0.000829129 0.0270806 0.786816 0.0139886 0.616434
0.53201 0.76303 -0.00386445 0.0262349 0.79155 0.0144919 0.610369
0.524219 0.776068 -0.00590367 0.0261209 0.797693 0.0140786 0.602333
0.521206 0.787469 -0.00744785 0.0250133 0.80167 0.0141274 0.597077
0.513645 0.802996 -0.00945317 0.0242664 0.807611 0.0148748 0.589029
0.511409 0.815061 -0.0110042 0.0234158 0.811724 0.0154937 0.583365
0.509815 0.824416 -0.00784148 0.0249167 0.817983 0.0149057 0.574509
0.508039 0.832071 -0.00593757 0.0250994 0.822753 0.0151529 0.567643
0.502838 0.844394 -0.00433731 0.0254154 0.830336 0.0147745 0.556486
0.498717 0.852123 -0.0046291 0.0256759 0.834326 0.0148276 0.550473
0.495032 0.864162 -0.00456156 0.025641 0.840826 0.0153458 0.54048
0.489525 0.871275 -0.00329167 0.0257709 0.844993 0.014871 0.53395
0.483274 0.885704 -0.0051043 0.0256625 0.851257 0.0153461 0.523897
0.479027 0.895819 -0.00386963 0.0258155 0.855275 0.0150916 0.517312
0.47311 0.906228 -0.00444527 0.0254012 0.861632 0.0149025 0.506678
0.467359 0.916894 -0.00365405 0.0254423 0.866788 0.0146356 0.497811
0.463311 0.924687 -0.00386997 0.0259784 0.869961 0.0147667 0.492215
0.457647 0.935877 -0.00372328 0.0260781 0.875688 0.0146923 0.481948
0.452903 0.943087 -0.0022899 0.0258255 0.879538 0.0143639 0.47491
0.443582 0.948389 0.00175036 0.0267849 0.885021 0.0139358 0.464572
0.438499 0.958927 0.00262322 0.0267673 0.891402 0.0138258 0.452212
0.431083 0.968251 0.00345331 0.0280073 0.895091 0.014062 0.444781
0.423 0.979863 0.00247253 0.0283821 0.900086 0.014416 0.434548
0.41789 0.99059 0.00596062 0.0276933 0.905466 0.013563 0.423298
0.412809 0.996141 0.00508626 0.0270145 0.90853 0.0136688 0.416722
0.40019 1.00973 0.00318846 0.0265027 0.913033 0.0136161 0.406796
0.395076 1.01886 0.00139749 0.0262449 0.916502 0.0138319 0.398929
0.380892 1.02046 0.00149861 0.0259252 0.920475 0.0136959 0.3897
0.372533 1.02732 0.00123576 0.0266195 0.923205 0.0141474 0.383124
0.366934 1.03639 0.00349999 0.0265537 0.927972 0.0138525 0.371445
0.357556 1.04405 0.00488301 0.0260472 0.932162 0.0135392 0.36085
0.349425 1.04966 0.0051259 0.0265012 0.934535 0.0136508 0.354621
0.340481 1.05774 0.00804264 0.026715 0.938302 0.0132245 0.344531
0.328409 1.06431 0.00629935 0.0268815 0.941014 0.0134984 0.337028
0.319977 1.07143 0.0081698 0.0262381 0.944107 0.0129437 0.328339
0.311408 1.07635 0.00936697 0.026266 0.946054 0.0126453 0.322696
0.299417 1.08248 0.00964407 0.0258348 0.949235 0.012534 0.313254
0.291192 1.08474 0.00953542 0.0243781 0.950763 0.0123272 0.308714
0.271309 1.08891 0.00691973 0.0239459 0.95326 0.0130597 0.300917
0.262867 1.09738 0.00496939 0.0239763 0.95584 0.0137255 0.292587
0.256928 1.10517 0.00831981 0.0243183 0.959901 0.0126996 0.278994
0.248217 1.10848 0.00880532 0.0249063 0.96172 0.0127832 0.272602
0.236694 1.11591 0.00866526 0.0245326 0.964823 0.0132965 0.261417
0.230281 1.11892 0.0109917 0.0243852 0.966649 0.012693 0.254625
0.21661 1.12813 0.00641793 0.0232633 0.969382 0.0124501 0.244136
0.205137 1.13188 0.00337992 0.0233788 0.971101 0.0126176 0.237185
0.195299 1.13544 0.00595231 0.023585 0.973675 0.0114747 0.226427
0.186923 1.13889 0.00541323 0.0242156 0.975163 0.0112218 0.219875
0.173569 1.14366 0.0076027 0.0245919 0.976944 0.0106905 0.211805
0.16581 1.14731 0.00684317 0.0243829 0.978352 0.0109071 0.205216
0.154421 1.15124 0.00645391 0.0240912 0.98049 0.0104231 0.194806
0.146031 1.15291 0.00634436 0.0240111 0.981925 0.010363 0.187458
0.133756 1.1557 0.00679845 0.0235277 0.983463 0.0103546 0.179273
0.119061 1.15897 0.00514755 0.023179 0.985545 0.0106869 0.167482
0.10894 1.16057 0.00552376 0.0230978 0.986485 0.0103461 0.161886
0.0966822 1.16575 0.00665899 0.0227167 0.988306 0.010554 0.150413
0.0854465 1.16785 0.00491968 0.0228591 0.989479 0.0104489 0.142475
0.0712434 1.17165 0.00442954 0.0221635 0.990885 0.0107902 0.132435
0.0596312 1.18107 0.00450278 0.0230437 0.992107 0.0113787 0.122733
0.0478052 1.18671 0.002132 0.022736 0.993133 0.0121739 0.114109
0.0319752 1.19134 0.00146662 0.0236804 0.994428 0.0115597 0.10207
0.0263714 1.19327 0.00272166 0.0237852 0.995218 0.0115033 0.0940365
0.0158425 1.19433 -1.25277e-05 0.0238068 0.995938 0.0129512 0.0858713
0.0032412 1.19814 -0.00125425 0.0236384 0.996973 0.0140206 0.0727276
-0.00467374 1.19719 0.00344894 0.0237808 0.997502 0.012626 0.0653092
-0.0122636 1.20041 0.0057021 0.0239459 0.997996 0.0122099 0.0572905
-0.0222104 1.20081 0.00930779 0.0234656 0.998682 0.0117159 0.0441073
-0.0354424 1.19806 0.00254842 0.0246433 0.998889 0.0133857 0.0378835
-0.0433719 1.20199 0.00439277 0.0250041 0.99915 0.012609 0.030244
-0.0542659 1.19896 -0.00412854 0.0237167 0.999282 0.0156502 0.0250782
-0.067556 1.19862 -0.00425616 0.0232975 0.999489 0.0155963 0.0153222
-0.0768206 1.19817 -0.00456566 0.0229586 0.999564 0.0159903 0.00939181
-0.0893051 1.19735 -0.00726694 0.0233696 0.999576 0.0171048 0.00315792
-0.0961067 1.19556 -0.00808939 0.0224942 0.999586 0.0175725 -0.00352224
-0.108102 1.19337 -0.00578279 0.0229554 0.999473 0.0169219 -0.0155168
-0.117919 1.19218 -0.00608804 0.0231618 0.999336 0.0174213 -0.0220853
-0.124002 1.19236 -0.00182455 0.022543 0.999177 0.0166663 -0.0293116
-0.134691 1.19212 -0.00327481 0.0229943 0.998906 0.0169728 -0.0370071
-0.144993 1.19067 -0.00296568 0.0226297 0.998641 0.0173644 -0.043614
-0.153416 1.18784 -0.00144221 0.0222796 0.998366 0.0168225 -0.0498495
-0.170915 1.18195 -0.000724934 0.0211016 0.997892 0.0166382 -0.0590789
-0.183535 1.17926 -0.00268617 0.0210974 0.997426 0.0168003 -0.0664435
-0.192735 1.1774 -0.00332742 0.0218911 0.9969 0.0166412 -0.0737161
-0.203484 1.17497 -0.0042566 0.0217931 0.996428 0.017353 -0.0797245
-0.21295 1.17752 -0.0120245 0.0213869 0.995736 0.0196051 -0.0875712
-0.223987 1.17684 -0.0128112 0.0215696 0.995053 0.0200267 -0.0948857
-0.231355 1.17476 -0.0106478 0.0214708 0.9943 0.0192242 -0.10265
-0.239152 1.1725 -0.0113648 0.0216268 0.993477 0.0191434 -0.110318
-0.256553 1.15834 -0.0113411 0.0210475 0.99143 0.0193943 -0.127465
-0.294675 1.14677 -0.00408498 0.0189087 0.987697 0.0154916 -0.154456
-0.319009 1.13627 -0.00518754 0.0176416 0.984457 0.0160481 -0.173997
-0.342879 1.12591 0.00148932 0.0181711 0.979368 0.0136383 -0.200803
-0.357372 1.11323 0.0044744 0.0178077 0.974468 0.0134582 -0.223414
-0.378676 1.10846 0.00477114 0.0191092 0.97027 0.0128711 -0.240925
-0.407393 1.09321 0.0152973 0.0180746 0.96252 0.0087291 -0.270468
-0.425793 1.08508 0.0150933 0.0169525 0.958508 0.00887921 -0.284423
-0.439111 1.0809 0.0138273 0.0171187 0.955878 0.00908653 -0.293124
-0.448923 1.07443 0.0159571 0.0168214 0.950342 0.00856071 -0.310634
-0.468261 1.05371 0.0170873 0.0157171 0.941578 0.00992188 -0.336282
-0.487761 1.03707 0.0179989 0.0142668 0.934516 0.0102588 -0.355487
-0.494458 1.03108 0.0181146 0.0143768 0.931585 0.00983783 -0.363106
-0.504875 1.02052 0.0234284 0.0149025 0.927016 0.0082162 -0.374636
-0.509047 1.01403 0.0228564 0.0144389 0.924848 0.00842417 -0.379968
-0.533265 0.980831 0.0345173 0.0129209 0.908055 0.00635501 -0.418604
-0.542563 0.968124 0.0332418 0.013101 0.903989 0.00566736 -0.427317
-0.548737 0.956286 0.0394929 0.0114712 0.898037 0.00462068 -0.439746
-0.563669 0.938517 0.0335164 0.0104492 0.89037 0.0055164 -0.455084
-0.573109 0.922863 0.0387674 0.00886454 0.881016 0.00360197 -0.47299
-0.578712 0.914555 0.0403567 0.00902586 0.875371 0.0025234 -0.483361
-0.585042 0.907109 0.044319 0.00850969 0.867235 0.00239319 -0.497821
-0.589408 0.897219 0.0476633 -0.00777797 -0.86182 -0.00203535 0.507151
-0.594881 0.888306 0.0477047 -0.00774547 -0.857627 -0.00183772 0.514211
-0.600573 0.878261 0.0491261 -0.00762777 -0.850855 -0.00131954 0.525344
-0.60455 0.872107 0.050572 -0.00698761 -0.847169 -0.000444704 0.531277
-0.607777 0.86312 0.0518145 -0.00644367 -0.843645 -0.000629687 0.536862
-0.615536 0.848594 0.0507028 -0.00696723 -0.837198 8.13454e-05 0.546856
-0.616664 0.833196 0.0476871 -0.00594181 -0.834702 -0.00170921 0.550668
-0.623425 0.815574 0.0438949 -0.00743089 -0.828318 -0.00111793 0.560209
-0.629771 0.816949 0.0495955 -0.00681891 -0.8223 -4.31671e-05 0.569014
-0.630503 0.811998 0.0533415 -0.00566084 -0.816693 0.00116674 0.577043
-0.634893 0.798353 0.0519912 -0.00694214 -0.809476 0.00215749 0.587108
-0.63755 0.790126 0.0502543 -0.0071909 -0.804758 0.00159185 0.593558
-0.64211 0.778252 0.0512648 -0.00645455 -0.797483 0.00140224 0.603305
-0.645864 0.762513 0.0478834 -0.00751576 -0.790073 0.00228657 0.612963
-0.64964 0.747728 0.0467544 -0.00736959 -0.783272 0.00249435 0.62163
-0.653428 0.728145 0.0460342 -0.00769358 -0.774563 0.00298383 0.632443
-0.656189 0.713188 0.0463307 -0.00753157 -0.768922 0.00301183 0.639291
-0.657498 0.701552 0.0503942 -0.00682724 -0.762776 0.00445841 0.646611
-0.659588 0.686239 0.0488902 -0.00685838 -0.75357 0.00378883 0.657321
-0.65671 0.673391 0.0473787 -0.00785346 -0.745631 0.0039412 0.666301
-0.655319 0.665583 0.0492124 -0.00721239 -0.741428 0.00374405 0.670983
-0.655107 0.651531 0.0472214 -0.00744163 -0.734661 0.00354688 0.678384
-0.654777 0.64133 0.0466012 -0.0074885 -0.730251 0.00337684 0.68313
-0.659936 0.630005 0.0457766 -0.00737655 -0.722259 0.00315892 0.691576
-0.660304 0.622728 0.0474295 -0.00681873 -0.717658 0.00295451 0.696356
-0.660163 0.607113 0.0465019 -0.00693803 -0.710044 0.00351687 0.704115
-0.658345 0.595192 0.0465942 -0.00704967 -0.704711 0.00435809 0.709446
-0.657912 0.581322 0.0462678 -0.00837667 -0.69643 0.00613387 0.71755
-0.657582 0.574432 0.0481659 -0.00798929 -0.690579 0.00654207 0.723183
-0.658426 0.565139 0.0474224 -0.00804174 -0.68453 0.0061359 0.728915
-0.654117 0.555454 0.0504714 -0.00806445 -0.676928 0.00711351 0.735971
-0.651886 0.547156 0.050603 -0.00807986 -0.671971 0.00773266 0.740493
-0.650108 0.534729 0.0513387 -0.00755415 -0.663797 0.00787204 0.747833
-0.655674 0.526622 0.0539942 -0.00706471 -0.656445 0.00908698 0.754286
-0.652613 0.513431 0.0550441 -0.00588906 -0.649461 0.00913946 0.760317
-0.650365 0.506535 0.0531523 -0.0057528 -0.644733 0.00814762 0.764343
-0.646017 0.493113 0.0520218 -0.0054148 -0.637171 0.00803858 0.770662
-0.643882 0.487064 0.0543868 -0.0048713 -0.632746 0.00804502 0.774302
-0.641408 0.473331 0.05297 -0.00509079 -0.624109 0.0082674 0.781277
-0.638232 0.467125 0.0558765 -0.00425494 -0.61676 0.00855396 0.787093
-0.634104 0.454228 0.0558186 -0.00446225 -0.606961 0.00852689 0.794673
-0.629168 0.4424 0.0545674 -0.00537297 -0.597709 0.00837439 0.801652
-0.625878 0.427212 0.0543613 -0.00488801 -0.587297 0.00802219 0.809317
-0.619008 0.408698 0.054254 -0.00424773 -0.575165 0.00719503 0.817995
-0.613891 0.394708 0.0530603 -0.00377677 -0.565388 0.00614418 0.824793
-0.60574 0.373883 0.0524925 -0.00353451 -0.553188 0.00705601 0.833019
-0.601482 0.361912 0.053802 -0.00273733 -0.544184 0.00608697 0.838939
-0.594675 0.347571 0.0547587 -0.0024006 -0.530828 0.00656073 0.847451
-0.587944 0.336481 0.0542415 -0.00242301 -0.520831 0.00654998 0.853631
-0.578561 0.323223 0.0558409 -0.002651 -0.507636 0.00758194 0.861534
-0.569527 0.307154 0.0559497 -0.00228586 -0.496009 0.0081359 0.868276
-0.561896 0.29979 0.0534057 -0.00197685 -0.488018 0.00658329 0.872807
-0.54992 0.288712 0.0534131 -0.000934977 -0.477726 0.00555383 0.878491
-0.539305 0.271512 0.0538989 1.87386e-05 -0.465086 0.00592844 0.885246
-0.531354 0.260492 0.0558779 0.000448578 -0.45602 0.00640895 0.889947
-0.522334 0.245974 0.0566593 0.000311681 -0.441067 0.00713183 0.897446
-0.512488 0.238609 0.0599835 0.000791632 -0.430946 0.00801811 0.902342
-0.500503 0.224287 0.0601528 0.000902053 -0.417399 0.00833264 0.908684
-0.486424 0.210224 0.0597995 0.00146863 -0.4027 0.0088089 0.915289
-0.474381 0.198205 0.0605163 0.00249304 -0.39074 0.00860707 0.920457
-0.46546 0.18775 0.0582002 0.00211788 -0.381044 0.00845325 0.924516
-0.453891 0.17723 0.0593126 0.00303943 -0.36968 0.00928283 0.929108
-0.442879 0.165591 0.0569468 0.00286522 -0.358633 0.00947228 0.933426
-0.430195 0.157364 0.0570277 0.00328216 -0.344005 0.0096132 0.938913
-0.418034 0.144191 0.0557674 0.00282716 -0.329021 0.00918543 0.944274
-0.40293 0.133458 0.0558708 0.00289744 -0.314383 0.0100716 0.949238
-0.390935 0.125094 0.0535421 0.00300413 -0.303675 0.0096002 0.952723
-0.374279 0.116533 0.0549454 0.00364164 -0.289333 0.00979821 0.957171
-0.356544 0.106196 0.0543456 0.00353836 -0.276911 0.00946814 0.960842
-0.343251 0.099121 0.0546231 0.00379675 -0.265846 0.00893415 0.963967
-0.328672 0.0947216 0.0535487 0.00410719 -0.250526 0.00848508 0.968064
-0.315786 0.0898246 0.0529955 0.00352912 -0.236372 0.00996803 0.971605
-0.296665 0.079107 0.0502022 0.00359024 -0.221993 0.0108883 0.974981
-0.286023 0.070046 0.04812 0.00292376 -0.209292 0.0107616 0.97779
-0.270821 0.0612837 0.0472044 0.00327052 -0.19354 0.0112659 0.981022
-0.257319 0.0559086 0.0468704 0.00356199 -0.182697 0.0118364 0.983092
-0.242754 0.0468327 0.0476213 0.00381995 -0.16726 0.0119959 0.985832
-0.229368 0.0466648 0.049881 0.00391762 -0.157788 0.0134091 0.987374
-0.22214 0.0437379 0.051539 0.00407327 -0.150386 0.0128908 0.988535
-0.211302 0.0419856 0.0532569 0.0045362 -0.139757 0.0129484 0.990091
-0.20116 0.0388207 0.0551401 0.00494166 -0.128848 0.0129452 0.991568
-0.189732 0.0359701 0.0557986 0.0048049 -0.116902 0.0137348 0.993037
-0.178849 0.0339215 0.0558634 0.00485016 -0.109862 0.0140395 0.993836
-0.165991 0.0340771 0.0586776 0.00556564 -0.100727 0.0137729 0.994803
-0.158673 0.0317805 0.0596095 0.00575696 -0.0938159 0.0135261 0.995481
-0.144774 0.0295661 0.0588497 0.0055341 -0.083786 0.0132628 0.99638
-0.133783 0.0284283 0.0601077 0.00593275 -0.0742078 0.0133743 0.997135
-0.123458 0.0273655 0.0585979 0.00575111 -0.0674423 0.013025 0.997622
-0.107658 0.0278263 0.0574718 0.00629185 -0.0546385 0.0134188 0.998396
-0.101561 0.0281699 0.0583244 0.00647467 -0.047727 0.0142149 0.998738
-0.0906994 0.024682 0.0573861 0.00582936 -0.0355812 0.0145409 0.999244
-0.0764979 0.0243202 0.0560061 0.00559501 -0.0242545 0.0144678 0.999585
-0.0692279 0.0228951 0.06106 0.00663243 -0.0161872 0.0158881 0.999721
-0.0564212 0.0220175 0.0591547 0.00679221 -0.00467655 0.0166442 0.999827
-0.0464099 0.0213652 0.0604534 0.00710873 0.00713293 0.0168887 0.999807
-0.0377242 0.0192955 0.0585045 0.00703797 0.0137953 0.0175429 0.999726
-0.0356011 0.0184999 0.0573137 0.00622712 0.016684 0.0177194 0.999684
-0.0356011 0.0184999 0.0573137 0.00622712 0.016684 0.0177194 0.999684
-0.0358931 0.0185753 0.0575021 0.00626182 0.016666 0.0177125 0.999685
-0.0358931 0.0185753 0.0575021 0.00626182 0.016666 0.0177125 0.999685
-0.0358931 0.0185753 0.0575021 0.00626182 0.016666 0.0177125 0.999685
-0.0357432 0.0186017 0.0574061 0.00624273 0.0166597 0.0176989 0.999685
-0.0357432 0.0186017 0.0574061 0.00624273 0.0166597 0.0176989 0.999685
-0.0357432 0.0186017 0.0574061 0.00624273 0.0166597 0.0176989 0.999685
-0.0358849 0.0185832 0.0574962 0.00626006 0.0166622 0.0177028 0.999685
-0.0358849 0.0185832 0.0574962 0.00626006 0.0166622 0.0177028 0.999685
-0.0358849 0.0185832 0.0574962 0.00626006 0.0166622 0.0177028 0.999685
-0.0358849 0.0185832 0.0574962 0.00626006 0.0166622 0.0177028 0.999685
-0.0355709 0.0185671 0.0573113 0.00622757 0.0166689 0.0177041 0.999685
-0.0359142 0.0185042 0.0575307 0.00627131 0.0166816 0.0177223 0.999684
-0.0359289 0.0185231 0.0575296 0.00626956 0.016676 0.0177094 0.999684
-0.0359289 0.0185231 0.0575296 0.00626956 0.016676 0.0177094 0.999684
-0.0359289 0.0185231 0.0575296 0.00626956 0.016676 0.0177094 0.999684
-0.0359289 0.0185231 0.0575296 0.00626956 0.016676 0.0177094 0.999684
-0.0359289 0.0185231 0.0575296 0.00626956 0.016676 0.0177094 0.999684
-0.0359289 0.0185231 0.0575296 0.00626956 0.016676 0.0177094 0.999684
-0.0359289 0.0185231 0.0575296 0.00626956 0.016676 0.0177094 0.999684
-0.0359289 0.0185231 0.0575296 0.00626956 0.016676 0.0177094 0.999684
-0.0359289 0.0185231 0.0575296 0.00626956 0.016676 0.0177094 0.999684
-0.0357233 0.0185298 0.0573972 0.00624477 0.0166782 0.0177121 0.999685
-0.0357233 0.0185298 0.0573972 0.00624477 0.0166782 0.0177121 0.999685
-0.0357233 0.0185298 0.0573972 0.00624477 0.0166782 0.0177121 0.999685
-0.0357233 0.0185298 0.0573972 0.00624477 0.0166782 0.0177121 0.999685
-0.0357233 0.0185298 0.0573972 0.00624477 0.0166782 0.0177121 0.999685
-0.0357233 0.0185298 0.0573972 0.00624477 0.0166782 0.0177121 0.999685
-0.0357233 0.0185298 0.0573972 0.00624477 0.0166782 0.0177121 0.999685
-0.0357233 0.0185298 0.0573972 0.00624477 0.0166782 0.0177121 0.999685
-0.0358578 0.0185236 0.0574837 0.00626056 0.0166773 0.0177114 0.999684
-0.0358578 0.0185236 0.0574837 0.00626056 0.0166773 0.0177114 0.999684
-0.0358578 0.0185236 0.0574837 0.00626056 0.0166773 0.0177114 0.999684
-0.0358578 0.0185236 0.0574837 0.00626056 0.0166773 0.0177114 0.999684
-0.0358578 0.0185236 0.0574837 0.00626056 0.0166773 0.0177114 0.999684
-0.0358578 0.0185236 0.0574837 0.00626056 0.0166773 0.0177114 0.999684
-0.0358578 0.0185236 0.0574837 0.00626056 0.0166773 0.0177114 0.999684
-0.0358578 0.0185236 0.0574837 0.00626056 0.0166773 0.0177114 0.999684
-0.0358578 0.0185236 0.0574837 0.00626056 0.0166773 0.0177114 0.999684
-0.0357498 0.0185096 0.0574173 0.00624902 0.0166813 0.017713 0.999684
-0.0357184 0.0185191 0.0573987 0.00624561 0.0166795 0.0177108 0.999685
-0.0357184 0.0185191 0.0573987 0.00624561 0.0166795 0.0177108 0.999685
-0.0357184 0.0185191 0.0573987 0.00624561 0.0166795 0.0177108 0.999685
-0.0357184 0.0185191 0.0573987 0.00624561 0.0166795 0.0177108 0.999685
-0.0357184 0.0185191 0.0573987 0.00624561 0.0166795 0.0177108 0.999685
-0.0357184 0.0185191 0.0573987 0.00624561 0.0166795 0.0177108 0.999685
-0.0357184 0.0185191 0.0573987 0.00624561 0.0166795 0.0177108 0.999685
-0.0357184 0.0185191 0.0573987 0.00624561 0.0166795 0.0177108 0.999685
-0.0357184 0.0185191 0.0573987 0.00624561 0.0166795 0.0177108 0.999685
-0.0357184 0.0185191 0.0573987 0.00624561 0.0166795 0.0177108 0.999685
-0.0357184 0.0185191 0.0573987 0.00624561 0.0166795 0.0177108 0.999685
-0.0357184 0.0185191 0.0573987 0.00624561 0.0166795 0.0177108 0.999685
-0.0357184 0.0185191 0.0573987 0.00624561 0.0166795 0.0177108 0.999685
-0.0357184 0.0185191 0.0573987 0.00624561 0.0166795 0.0177108 0.999685
-0.0357184 0.0185191 0.0573987 0.00624561 0.0166795 0.0177108 0.999685
-0.0357184 0.0185191 0.0573987 0.00624561 0.0166795 0.0177108 0.999685
