-0.00257678 -0.734838 2.47585 0.713069 -0.700845 0.0109904 0.0151088
-0.00256827 -0.734705 2.47552 0.713302 -0.700607 0.0101974 0.0157003
-0.00260492 -0.734582 2.47517 0.713263 -0.700621 0.0108027 0.0164183
-0.00258337 -0.734843 2.47601 0.713486 -0.700408 0.00982557 0.0164504
-0.00259 -0.734715 2.47557 0.71317 -0.700731 0.0108012 0.0157598
-0.00268634 -0.734253 2.47406 0.713023 -0.700866 0.011566 0.0158678
-0.00260996 -0.734678 2.47544 0.713377 -0.700515 0.0101595 0.0164075
-0.00260982 -0.734655 2.47539 0.71328 -0.700608 0.01092 0.016108
-0.00256946 -0.734834 2.47615 0.713314 -0.700597 0.0100165 0.0157068
-0.00259268 -0.734767 2.47565 0.713383 -0.70052 0.0101446 0.015929
-0.00257845 -0.734734 2.4756 0.713185 -0.700716 0.0107817 0.0157263
-0.00255775 -0.7347 2.47551 0.71315 -0.700747 0.0110875 0.0157432
-0.00260134 -0.734731 2.47565 0.713174 -0.700723 0.0109188 0.0158301
-0.00259138 -0.734691 2.47554 0.713312 -0.700596 0.0106694 0.0154435
-0.00265726 -0.734893 2.47604 0.713371 -0.700533 0.010435 0.0156734
-0.00262383 -0.734532 2.47495 0.713283 -0.700611 0.0109377 0.0158403
-0.00267652 -0.734457 2.47466 0.713104 -0.70078 0.0116518 0.0159394
-0.00258975 -0.734657 2.47562 0.713243 -0.700665 0.0106681 0.015478
-0.00256532 -0.734732 2.47563 0.713263 -0.700638 0.0106578 0.0158015
-0.00268645 -0.734466 2.47472 0.712975 -0.700925 0.0114315 0.0155055
-0.00258508 -0.7345 2.47475 0.71318 -0.700712 0.0113924 0.0157169
-0.00263212 -0.734419 2.47453 0.713213 -0.700665 0.0111845 0.0164475
-0.00266356 -0.734659 2.47545 0.713067 -0.700835 0.0112707 0.0154445
-0.00259037 -0.734576 2.47524 0.713043 -0.700856 0.0116101 0.0153656
-0.00260821 -0.734476 2.47467 0.712929 -0.700971 0.0119543 0.0151428
-0.00267753 -0.734346 2.47424 0.712984 -0.700899 0.0118262 0.0159661
-0.00258132 -0.734621 2.47522 0.713153 -0.700753 0.0110635 0.0153758
-0.00260341 -0.734629 2.47536 0.713248 -0.700651 0.010571 0.0159416
-0.00267208 -0.734294 2.47425 0.712971 -0.700912 0.0127181 0.0152664
-0.00262902 -0.734481 2.47487 0.713053 -0.700841 0.0119779 0.0152891
-0.00262513 -0.734308 2.47415 0.713133 -0.700746 0.0115017 0.0162684
-0.00259941 -0.734297 2.474 0.712901 -0.700984 0.0124779 0.0154184
-0.0026244 -0.734405 2.47451 0.712889 -0.700993 0.0126247 0.0154214
-0.00262622 -0.734609 2.47523 0.713136 -0.700755 0.0112246 0.015911
-0.00258542 -0.734364 2.47435 0.713042 -0.700846 0.0116272 0.0158171
-0.00264588 -0.734439 2.47476 0.713196 -0.700688 0.0112031 0.0162036
-0.00268563 -0.734468 2.47483 0.712925 -0.700972 0.0124692 0.014883
-0.00259151 -0.734708 2.47563 0.713383 -0.700516 0.0102287 0.0160355
-0.00261328 -0.734498 2.47472 0.713187 -0.700692 0.0113701 0.0162932
-0.00261451 -0.734349 2.47432 0.712901 -0.700982 0.0123492 0.0156101
-0.00262877 -0.734372 2.47436 0.7133 -0.70057 0.0111944 0.0167138
-0.00256704 -0.734781 2.47575 0.712996 -0.70091 0.011365 0.0152366
-0.00256776 -0.734561 2.47518 0.713069 -0.700844 0.0106692 0.0153628
-0.00265211 -0.734629 2.47528 0.713449 -0.700442 0.00994356 0.0165409
-0.0018751 -0.7352 2.47708 0.713297 -0.700634 0.00957032 0.0151079
-0.00049528 -0.735462 2.47675 0.712658 -0.701222 0.0110836 0.0168066
0.00071215 -0.734104 2.47083 0.709942 -0.703846 0.0183504 0.0156892
0.00313387 -0.734693 2.47163 0.709324 -0.70446 0.0145058 0.0196179
0.00600881 -0.733378 2.46643 0.707325 -0.706348 0.0208806 0.0181038
0.00987691 -0.738493 2.48519 -0.706439 0.707625 -0.0107385 -0.00979715
0.0127612 -0.73626 2.47774 -0.703197 0.710733 -0.0183747 -0.00581647
0.0164928 -0.735692 2.47665 -0.702882 0.71103 -0.0156786 -0.0121151
0.0197615 -0.735645 2.47642 -0.701537 0.712441 -0.00990183 -0.0132452
0.022849 -0.73564 2.47714 -0.699832 0.71415 -0.0100108 -0.011224
0.0261199 -0.73498 2.47553 -0.699044 0.714879 -0.00973959 -0.0137632
0.0295248 -0.734823 2.47556 -0.696881 0.716974 -0.0121287 -0.0125706
0.0329247 -0.735162 2.47696 -0.69566 0.718166 -0.010296 -0.0137263
0.0360856 -0.734954 2.47657 -0.693296 0.72044 -0.0135442 -0.0111024
0.0393205 -0.735154 2.47737 -0.691389 0.722284 -0.0126773 -0.0112662
0.0421435 -0.734802 2.47631 -0.689165 0.724396 -0.0135019 -0.0109114
0.0452518 -0.735037 2.4774 -0.686801 0.726643 -0.0134932 -0.0105345
0.0482953 -0.734657 2.47704 -0.684724 0.728606 -0.0132246 -0.0105532
0.0514541 -0.733985 2.47566 -0.682495 0.730669 -0.0142653 -0.0109679
0.0548108 -0.733953 2.47636 -0.680386 0.732636 -0.0132477 -0.0119928
0.0580759 -0.733452 2.47579 -0.678146 0.734709 -0.0135216 -0.0117533
0.0611227 -0.733471 2.4767 -0.675994 0.736689 -0.0141306 -0.0110492
0.0640981 -0.732937 2.47592 -0.673926 0.738552 -0.0153859 -0.0113029
0.0672207 -0.732821 2.47587 -0.672191 0.740125 -0.015483 -0.0115755
0.0701208 -0.732478 2.47542 -0.670303 0.741825 -0.0156809 -0.0119843
0.0731983 -0.732297 2.47571 -0.668468 0.743485 -0.0154106 -0.0119668
0.0762581 -0.732038 2.47589 -0.666501 0.745262 -0.0153445 -0.0111956
0.0792224 -0.731652 2.47592 -0.664499 0.747044 -0.0161593 -0.010249
0.0823589 -0.731239 2.47561 -0.662912 0.748444 -0.0157472 -0.0114577
0.085643 -0.730894 2.47551 -0.66068 0.750408 -0.0159965 -0.0115339
0.0889166 -0.730801 2.4755 -0.658145 0.752623 -0.0165182 -0.0114663
0.0922498 -0.730304 2.47505 -0.655688 0.754773 -0.016626 -0.0106956
0.095225 -0.730089 2.47561 -0.653755 0.756456 -0.0165588 -0.0102136
0.0981422 -0.729565 2.47511 -0.651709 0.758221 -0.0162037 -0.0106735
0.101049 -0.728916 2.47433 -0.649949 0.75973 -0.0158438 -0.0111983
0.10426 -0.728743 2.47519 -0.647495 0.761824 -0.0164659 -0.0101497
0.107594 -0.727997 2.4743 -0.646048 0.763046 -0.0158472 -0.011483
0.110795 -0.726923 2.47321 -0.644045 0.764732 -0.0165565 -0.0108177
0.114152 -0.726456 2.47412 -0.641965 0.766492 -0.0161836 -0.0104749
0.117376 -0.725963 2.47488 -0.639951 0.768196 -0.0157758 -0.00940048
0.120592 -0.725241 2.47433 -0.637879 0.769902 -0.0163707 -0.00972165
0.123917 -0.724863 2.47475 -0.635758 0.771662 -0.0155264 -0.0104209
0.127308 -0.724096 2.47401 -0.633538 0.773479 -0.0158389 -0.0104248
0.131174 -0.723266 2.47339 -0.630689 0.775798 -0.0157831 -0.01095
0.134736 -0.72278 2.47423 -0.628455 0.777602 -0.0164367 -0.0104222
0.137885 -0.722158 2.47417 -0.626389 0.779275 -0.0164628 -0.00975288
0.140754 -0.721082 2.47304 -0.624858 0.780496 -0.016355 -0.0105074
0.143778 -0.720555 2.47333 -0.622696 0.782188 -0.018511 -0.00944975
0.146862 -0.719826 2.47311 -0.62127 0.783334 -0.0174501 -0.0103846
0.150059 -0.719239 2.47372 -0.619311 0.784897 -0.0175104 -0.00918307
0.153303 -0.718557 2.47312 -0.617491 0.786317 -0.0179081 -0.00946888
0.156412 -0.717943 2.47305 -0.615612 0.787809 -0.0168938 -0.00968243
0.159429 -0.717291 2.47266 -0.613454 0.789476 -0.0177839 -0.00927857
0.162403 -0.716709 2.47289 -0.611587 0.790888 -0.0192507 -0.00928346
0.16555 -0.716096 2.47325 -0.60964 0.792449 -0.0161016 -0.010167
0.16869 -0.715457 2.47321 -0.607168 0.794319 -0.0175929 -0.00973182
0.171922 -0.71457 2.47272 -0.60435 0.796453 -0.018495 -0.00899701
0.174778 -0.713482 2.4723 -0.602353 0.797962 -0.0188427 -0.00848503
0.177527 -0.712893 2.47351 -0.600441 0.799448 -0.0161939 -0.00948458
0.180258 -0.711822 2.4733 -0.597995 0.80127 -0.0168834 -0.00911074
0.183206 -0.710738 2.47306 -0.596084 0.802664 -0.0185546 -0.00834608
0.186257 -0.709721 2.4726 -0.594217 0.804045 -0.0180218 -0.00965653
0.189362 -0.709013 2.47349 -0.591964 0.805713 -0.0182755 -0.00851227
0.192324 -0.707786 2.47316 -0.58954 0.807485 -0.0182974 -0.00875067
0.195365 -0.706838 2.47307 -0.587346 0.809059 -0.0195045 -0.00829812
0.198291 -0.705476 2.47182 -0.585733 0.810236 -0.018979 -0.00862234
0.201375 -0.704548 2.47282 -0.583522 0.811825 -0.0192377 -0.00852949
0.204473 -0.703337 2.47248 -0.580916 0.813656 -0.0204814 -0.00892929
0.207789 -0.701898 2.47238 -0.578756 0.815227 -0.0190049 -0.00916368
0.210992 -0.700352 2.47229 -0.577292 0.816275 -0.0181372 -0.0099887
0.214185 -0.698911 2.47198 -0.576081 0.817119 -0.0186034 -0.0100357
0.217529 -0.697719 2.47238 -0.574014 0.818555 -0.0199155 -0.00884342
0.220594 -0.6968 2.47311 -0.572457 0.819644 -0.0194636 -0.00992868
0.223305 -0.695616 2.4724 -0.570745 0.820844 -0.0191518 -0.00991953
0.226122 -0.694744 2.47275 -0.568395 0.822472 -0.0192729 -0.00978826
0.229055 -0.693675 2.47287 -0.566591 0.823719 -0.0195281 -0.00898328
0.235146 -0.69123 2.47408 -0.563477 0.825919 -0.0169197 -0.00814245
0.238154 -0.689572 2.47356 -0.561729 0.827104 -0.0168761 -0.00867347
0.241035 -0.687796 2.47209 -0.559332 0.828659 -0.0202076 -0.00795311
0.243982 -0.686388 2.47275 -0.557644 0.829862 -0.0173802 -0.00778396
0.252316 -0.682137 2.47265 -0.552378 0.833339 -0.0192574 -0.00731671
0.258908 -0.678895 2.47296 -0.549081 0.835548 -0.0174283 -0.00816727
0.261874 -0.677553 2.47302 -0.546944 0.836934 -0.0183692 -0.00749055
0.270845 -0.673129 2.47218 -0.541305 0.840559 -0.0201724 -0.00645259
0.274188 -0.671533 2.47267 -0.539869 0.841523 -0.0182466 -0.00692972
0.280471 -0.668188 2.47253 -0.535522 0.844298 -0.0183891 -0.00621888
0.285814 -0.665203 2.47148 -0.53157 0.846741 -0.0203084 -0.0071235
0.293794 -0.66152 2.47121 -0.525352 0.850617 -0.0187656 -0.0101665
0.29685 -0.661 2.47357 -0.522583 0.852359 -0.0189431 -0.00569328
0.309884 -0.653039 2.47029 -0.511104 0.859247 -0.0205861 -0.00663656
0.312765 -0.651326 2.46985 -0.508538 0.860748 -0.0213265 -0.00689921
0.317818 -0.648259 2.46981 -0.504228 0.863295 -0.0209382 -0.0060766
0.320268 -0.646584 2.47006 -0.502482 0.864323 -0.0202408 -0.00687919
0.328299 -0.640687 2.46819 -0.496788 0.867572 -0.0217309 -0.00687964
0.33113 -0.639163 2.46846 -0.494056 0.86911 -0.0230892 -0.00486907
0.333768 -0.637617 2.46861 -0.491885 0.870389 -0.0209427 -0.00570665
0.33667 -0.636208 2.46835 -0.488798 0.872096 -0.0221514 -0.00583438
0.339489 -0.634619 2.46822 -0.486808 0.873222 -0.0215325 -0.00612158
0.342231 -0.632809 2.4682 -0.484365 0.874585 -0.0215228 -0.00537061
0.345126 -0.630598 2.46711 -0.481386 0.876211 -0.0219474 -0.00637052
0.348035 -0.628211 2.4669 -0.47927 0.877407 -0.0207814 -0.00502456
0.350893 -0.62649 2.46755 -0.477564 0.878353 -0.0198959 -0.00567729
0.353409 -0.624528 2.46761 -0.475608 0.879395 -0.0209545 -0.00465707
0.355413 -0.622379 2.46708 -0.473954 0.880306 -0.0201129 -0.00486496
0.357833 -0.620774 2.46835 -0.4722 0.881241 -0.0207094 -0.00360435
0.360382 -0.619133 2.46858 -0.469999 0.882437 -0.0197212 -0.00405296
0.362771 -0.617162 2.46744 -0.468049 0.883431 -0.0216588 -0.00335481
0.36517 -0.615075 2.46695 -0.466145 0.884447 -0.0212984 -0.00290681
0.367613 -0.613162 2.46723 -0.463998 0.885572 -0.0214346 -0.00295324
0.370022 -0.611 2.46678 -0.462347 0.886465 -0.0200745 -0.00350572
0.372389 -0.608852 2.46573 -0.460543 0.887385 -0.0209502 -0.00299338
0.374784 -0.606541 2.46459 -0.45811 0.888619 -0.021917 -0.00341928
0.377828 -0.604862 2.46683 -0.455805 0.889809 -0.0218716 -0.00145823
0.380061 -0.602546 2.46569 -0.454465 0.890504 -0.021442 -0.00218744
0.38243 -0.600622 2.46588 -0.452482 0.89151 -0.0216249 -0.0016462
0.384491 -0.598503 2.46515 -0.450555 0.892491 -0.0213972 -0.00178769
0.386921 -0.59652 2.46479 -0.448675 0.893454 -0.0206674 -0.00164931
0.389578 -0.594861 2.46574 -0.446505 0.894517 -0.0216934 -0.00134601
0.391903 -0.592777 2.46535 -0.4443 0.895617 -0.021565 -0.00155038
0.394213 -0.590756 2.46513 -0.441922 0.896803 -0.0211851 -0.000648777
0.39654 -0.589171 2.46523 -0.438812 0.898323 -0.0214322 -0.000196163
0.398793 -0.587445 2.46495 -0.436383 0.89948 -0.0224622 5.28883e-05
0.400932 -0.585399 2.46439 -0.433838 0.900719 -0.0221422 -7.61545e-05
0.403461 -0.583491 2.46467 -0.431013 0.902088 -0.021538 -0.00127337
0.406113 -0.581373 2.46458 -0.427696 0.903655 -0.0219529 -0.00109795
0.40857 -0.579024 2.4642 -0.425166 0.904862 -0.02143 -0.000389254
0.410805 -0.577052 2.46408 -0.422785 0.905949 -0.0225646 3.11204e-05
0.413165 -0.575179 2.4647 -0.42005 0.907232 -0.0220958 0.000155046
0.415368 -0.572953 2.46339 -0.418161 0.908093 -0.0225104 -0.00154955
0.417559 -0.57121 2.46337 -0.415725 0.909173 -0.0240226 -0.000638044
0.419948 -0.569569 2.46387 -0.413335 0.910298 -0.0226279 -0.000573747
0.422223 -0.567716 2.46393 -0.410944 0.911394 -0.0220609 0.000419008
0.424222 -0.565601 2.46328 -0.409044 0.912256 -0.0217133 -0.000107563
0.42638 -0.563323 2.46282 -0.406655 0.913281 -0.0234332 0.000325583
0.428663 -0.560938 2.46272 -0.404906 0.914081 -0.0224897 0.000728836
0.431155 -0.55894 2.46275 -0.402462 0.915179 -0.0217209 -0.000594723
0.433583 -0.557118 2.46369 -0.399963 0.916258 -0.0223365 0.00121288
0.435529 -0.554881 2.46266 -0.397501 0.917335 -0.0220585 0.00153075
0.437742 -0.552715 2.46255 -0.394723 0.918484 -0.0240555 0.00151583
0.439791 -0.550372 2.46196 -0.392595 0.919389 -0.0243246 0.00127924
0.442366 -0.548195 2.46228 -0.390204 0.920471 -0.0217387 0.00126458
0.444981 -0.545948 2.46192 -0.387796 0.921464 -0.0227517 0.0012304
0.447611 -0.543854 2.46268 -0.38564 0.922354 -0.0232822 0.00191447
0.449579 -0.541063 2.46065 -0.38391 0.923051 -0.0242447 0.00146338
0.451977 -0.539359 2.46408 -0.380482 0.924548 -0.0207849 0.00368565
0.454029 -0.536624 2.46196 -0.378289 0.925408 -0.0227675 -0.000445788
0.457257 -0.535194 2.46467 -0.375313 0.926696 -0.0190657 0.00339628
0.459118 -0.532159 2.46156 -0.372445 0.927764 -0.023057 0.00275192
0.46179 -0.529683 2.46145 -0.369755 0.928868 -0.0219999 0.00136496
0.464356 -0.527446 2.46215 -0.367089 0.929879 -0.0238018 0.00232126
0.466599 -0.524927 2.46166 -0.364886 0.930781 -0.0224332 0.00140218
0.468506 -0.522232 2.46027 -0.362424 0.931702 -0.0240658 0.00116903
0.471128 -0.519877 2.46096 -0.360923 0.932357 -0.0210501 0.000993421
0.473484 -0.517767 2.462 -0.358784 0.933167 -0.0217166 0.00111897
0.475808 -0.51535 2.46208 -0.356617 0.933993 -0.0218968 0.00132111
0.477992 -0.512955 2.4616 -0.354354 0.934859 -0.0217141 0.0011198
0.480152 -0.510608 2.46113 -0.35181 0.935809 -0.0221358 0.00123658
0.482528 -0.50881 2.46239 -0.34974 0.936597 -0.0214175 0.00289169
0.484539 -0.5068 2.46273 -0.347282 0.937538 -0.0202805 0.00229944
0.486352 -0.504454 2.46179 -0.344609 0.938496 -0.0216272 0.00118133
0.488122 -0.501749 2.45999 -0.341257 0.93967 -0.0237194 0.00149932
0.490561 -0.499549 2.46116 -0.3382 0.940802 -0.0225307 0.00208502
0.492324 -0.497208 2.46047 -0.335813 0.941682 -0.0214725 0.00195199
0.494068 -0.495043 2.46078 -0.333415 0.942549 -0.0207707 0.00227664
0.495885 -0.492659 2.46035 -0.329836 0.943714 -0.0245941 0.00266978
0.497959 -0.49024 2.46025 -0.327311 0.944627 -0.0233239 0.00165694
0.500132 -0.488158 2.46181 -0.324839 0.945533 -0.0210258 0.00196811
0.5017 -0.485542 2.46045 -0.32222 0.946406 -0.0220791 0.00162571
0.503568 -0.483327 2.46098 -0.319225 0.947397 -0.0229636 0.00250834
0.505526 -0.480958 2.46133 -0.316166 0.948425 -0.0227842 0.00311029
0.507242 -0.478387 2.46064 -0.313212 0.949361 -0.0244934 0.00352622
0.50936 -0.476009 2.46096 -0.310269 0.950369 -0.0228372 0.00325416
0.511225 -0.473162 2.45959 -0.306808 0.951492 -0.0229889 0.00193061
0.513288 -0.470303 2.45935 -0.303628 0.952477 -0.024332 0.0023614
0.515273 -0.467629 2.45992 -0.301699 0.953105 -0.0237543 0.0021108
0.517075 -0.464613 2.45893 -0.299857 0.953643 -0.0253512 0.00284243
0.519173 -0.462283 2.46015 -0.297483 0.95441 -0.0244152 0.00297981
0.520894 -0.459995 2.46018 -0.295236 0.955139 -0.0232063 0.0025982
0.52254 -0.457695 2.45979 -0.292316 0.95603 -0.0233181 0.00371223
0.524556 -0.455486 2.46013 -0.289118 0.956953 -0.0252074 0.00399551
0.526223 -0.452937 2.45935 -0.287259 0.957569 -0.023107 0.00306563
0.528103 -0.450511 2.45992 -0.284868 0.958286 -0.0229564 0.00319775
0.529938 -0.447788 2.45953 -0.28245 0.958987 -0.0235663 0.00335325
0.531804 -0.445167 2.45998 -0.279985 0.959752 -0.0218137 0.00285243
0.533503 -0.442451 2.45986 -0.277448 0.96045 -0.0231281 0.00484104
0.535269 -0.439527 2.45978 -0.274872 0.961224 -0.0220451 0.00287084
0.536829 -0.436803 2.46031 -0.272652 0.961819 -0.0233475 0.00442989
0.537821 -0.433971 2.45977 -0.270875 0.962335 -0.0226675 0.00496289
0.53857 -0.43102 2.45857 -0.269174 0.962781 -0.0240984 0.00407779
0.540278 -0.428386 2.46057 -0.26774 0.963258 -0.020524 0.00535517
0.541553 -0.42523 2.45955 -0.265356 0.963903 -0.02145 0.00419928
0.54312 -0.422369 2.45932 -0.263442 0.964396 -0.0228197 0.00431224
0.54451 -0.419401 2.45885 -0.261283 0.964947 -0.0240883 0.00525281
0.546188 -0.416707 2.45987 -0.259358 0.965514 -0.0220926 0.00522957
0.547196 -0.413494 2.45832 -0.257151 0.966049 -0.0244054 0.00516293
0.548773 -0.410401 2.45856 -0.255577 0.966473 -0.0241415 0.00528497
0.550665 -0.407367 2.45923 -0.253234 0.967109 -0.0233258 0.00537439
0.552266 -0.404066 2.45831 -0.250486 0.967813 -0.0238563 0.00501659
0.553814 -0.400833 2.45798 -0.248158 0.968403 -0.0242001 0.00518824
0.555698 -0.398422 2.45923 -0.246008 0.968994 -0.0225844 0.00451053
0.557006 -0.395667 2.45941 -0.243907 0.969514 -0.0230468 0.00458613
0.558515 -0.393097 2.46019 -0.241298 0.970185 -0.0222628 0.00455883
0.559525 -0.390363 2.45838 -0.239102 0.970687 -0.0239856 0.00457499
0.56111 -0.388002 2.45912 -0.236264 0.971368 -0.0244385 0.00522668
0.562494 -0.385383 2.45867 -0.233569 0.972012 -0.0247749 0.00484613
0.56341 -0.382413 2.45708 -0.231433 0.972475 -0.0266236 0.00464504
0.564836 -0.379812 2.45835 -0.229044 0.973104 -0.024151 0.00492336
0.566523 -0.377463 2.46083 -0.226822 0.973555 -0.0261541 0.00762405
0.567552 -0.374269 2.45979 -0.224824 0.974148 -0.0215233 0.00516141
0.568316 -0.371223 2.45794 -0.221741 0.974787 -0.0244592 0.00475738
0.569259 -0.368498 2.45707 -0.21944 0.975218 -0.027678 0.00549319
0.570585 -0.365885 2.45809 -0.216925 0.975797 -0.0269413 0.00612835
0.571782 -0.363049 2.45807 -0.214766 0.976309 -0.0256091 0.00641309
0.572825 -0.359785 2.45704 -0.21266 0.976774 -0.0257147 0.0052577
0.574302 -0.356836 2.45795 -0.211013 0.977196 -0.0232045 0.00481697
0.575425 -0.353776 2.45734 -0.208821 0.977641 -0.0241263 0.00545384
0.576913 -0.351035 2.45752 -0.206447 0.978142 -0.0243956 0.00467274
0.578322 -0.348442 2.45866 -0.203493 0.978773 -0.023715 0.0056361
0.57921 -0.345468 2.45658 -0.199923 0.979438 -0.0264893 0.00544714
0.580716 -0.342849 2.45688 -0.197497 0.97997 -0.0250683 0.00495661
0.582172 -0.340113 2.45699 -0.194637 0.980519 -0.0259641 0.00502219
0.583021 -0.336697 2.45567 -0.191956 0.98103 -0.0266395 0.00475433
0.584477 -0.333751 2.45752 -0.189945 0.981471 -0.0245825 0.00551297
0.585266 -0.330511 2.45647 -0.18788 0.981888 -0.023952 0.00481039
0.585807 -0.327168 2.45431 -0.185249 0.982313 -0.0267941 0.0050533
0.587425 -0.324317 2.45714 -0.183438 0.982737 -0.0234131 0.0055204
0.588528 -0.321412 2.45749 -0.181613 0.983056 -0.0241092 0.00608828
0.589463 -0.318587 2.45732 -0.179237 0.983462 -0.0251267 0.00668214
0.590579 -0.315639 2.45683 -0.176973 0.983904 -0.0240683 0.0059233
0.591624 -0.312805 2.45669 -0.174396 0.984351 -0.0244477 0.00648744
0.592623 -0.309811 2.45553 -0.172207 0.984694 -0.0260284 0.00672075
0.594061 -0.307047 2.45699 -0.169914 0.985142 -0.0239497 0.00718574
0.594823 -0.304041 2.45655 -0.167702 0.985524 -0.0238911 0.00696288
0.595648 -0.300714 2.45574 -0.164641 0.986005 -0.0252274 0.00709521
0.596466 -0.297373 2.45601 -0.162937 0.986305 -0.0243909 0.00763229
0.597327 -0.294333 2.45685 -0.161127 0.986583 -0.0246829 0.00909845
0.597879 -0.291186 2.45631 -0.159448 0.986883 -0.0236412 0.00891647
0.598601 -0.288052 2.4559 -0.156975 0.987299 -0.0229712 0.0084585
0.59967 -0.285131 2.45634 -0.154665 0.987633 -0.023906 0.00934477
0.600768 -0.282115 2.45627 -0.152361 0.988046 -0.0218249 0.00860974
0.60152 -0.279242 2.45533 -0.149479 0.98843 -0.0243128 0.00844069
0.602664 -0.276708 2.45665 -0.146365 0.988838 -0.025912 0.0102914
0.603487 -0.273997 2.4563 -0.143136 0.989313 -0.026071 0.0096371
0.604213 -0.271084 2.45565 -0.140513 0.989719 -0.0250336 0.0092518
0.605138 -0.268089 2.45603 -0.137704 0.990109 -0.024986 0.00986449
0.605895 -0.265 2.45627 -0.135092 0.990517 -0.0229949 0.00986439
0.60679 -0.261474 2.45576 -0.13185 0.990951 -0.02342 0.00915085
0.607354 -0.258119 2.45597 -0.129198 0.991296 -0.0233482 0.0097627
0.60847 -0.25525 2.45733 -0.12701 0.991581 -0.0230017 0.010285
0.608691 -0.252102 2.45574 -0.124441 0.991908 -0.0230481 0.0100904
0.609747 -0.249263 2.45672 -0.122283 0.992177 -0.0232581 0.00949991
0.610386 -0.246375 2.45658 -0.119931 0.992452 -0.0232221 0.0107846
0.610589 -0.243312 2.45553 -0.117348 0.992751 -0.0237615 0.0105073
0.611326 -0.240319 2.45551 -0.114982 0.993059 -0.0231931 0.0087039
0.611964 -0.237472 2.45526 -0.112553 0.993371 -0.0216786 0.0087384
0.612597 -0.234617 2.45517 -0.109545 0.99364 -0.0240492 0.010006
0.613435 -0.231643 2.45569 -0.107153 0.993929 -0.0226861 0.010398
0.614223 -0.228509 2.45632 -0.104245 0.994219 -0.02326 0.010974
0.614521 -0.224786 2.45434 -0.101278 0.994555 -0.0228041 0.00909734
0.615132 -0.22162 2.45513 -0.0986701 0.994787 -0.0232608 0.0110805
0.615877 -0.218938 2.4562 -0.0962725 0.995026 -0.0227962 0.0116086
0.616194 -0.21621 2.45598 -0.0937877 0.99526 -0.022767 0.0119521
0.616585 -0.213025 2.456 -0.0913651 0.995489 -0.0226687 0.01183
0.616898 -0.209608 2.45513 -0.0887275 0.995748 -0.0221279 0.0111521
0.617397 -0.206121 2.4549 -0.0868237 0.995946 -0.0204369 0.0116808
0.617957 -0.202666 2.45525 -0.0843717 0.996167 -0.0195586 0.0122367
0.618589 -0.199256 2.45565 -0.081592 0.996372 -0.0207339 0.0124516
0.619022 -0.195885 2.4557 -0.0787809 0.996543 -0.0224742 0.0138384
0.619599 -0.192616 2.45638 -0.0764824 0.996761 -0.0202963 0.0143831
0.619581 -0.189112 2.45407 -0.0738043 0.996979 -0.0210613 0.0119627
0.620357 -0.185548 2.45475 -0.0712765 0.997201 -0.0184226 0.0130326
0.620826 -0.181837 2.45457 -0.0683521 0.997403 -0.0193755 0.0118129
0.621602 -0.178411 2.45597 -0.065858 0.997584 -0.0177994 0.0130974
0.621779 -0.174962 2.45544 -0.0636912 0.997711 -0.0188632 0.012634
0.622006 -0.171525 2.45509 -0.0615748 0.997879 -0.0170218 0.0124954
0.622773 -0.168425 2.45614 -0.0596771 0.997958 -0.0181828 0.0136946
0.62307 -0.165221 2.45553 -0.0576736 0.998098 -0.0167089 0.0139825
0.623718 -0.161883 2.45602 -0.0553442 0.998237 -0.0162573 0.0139572
0.6239 -0.158754 2.45531 -0.052604 0.998358 -0.0175733 0.0143139
0.624458 -0.155789 2.45582 -0.050499 0.998478 -0.0171523 0.0140622
0.624568 -0.15271 2.45475 -0.0478493 0.998602 -0.018435 0.0128506
0.624953 -0.149531 2.45491 -0.0450775 0.998743 -0.0168355 0.0140479
0.625196 -0.146418 2.45502 -0.0425322 0.998825 -0.0180565 0.0146039
0.625392 -0.143562 2.4551 -0.0402593 0.998932 -0.0173745 0.0145633
0.625577 -0.140606 2.45585 -0.0377895 0.99904 -0.0164143 0.0148576
0.625847 -0.13408 2.45612 -0.0326876 0.99926 -0.0131682 0.0154315
0.626659 -0.127372 2.45642 -0.0274866 0.999415 -0.0138579 0.0148834
0.626763 -0.124133 2.45571 -0.0240614 0.999487 -0.0152214 0.0146445
0.627787 -0.114612 2.45664 -0.0147327 0.999654 -0.013636 0.017003
0.627548 -0.11115 2.45489 -0.0111862 0.999705 -0.0151904 0.0153165
0.627082 -0.107579 2.45291 -0.00779974 0.999701 -0.0174494 0.0152379
0.627185 -0.104449 2.45329 -0.00464099 0.999672 -0.020837 0.0141175
0.628556 -0.10113 2.45856 -0.00543758 0.999823 -0.00536071 0.017215
0.624789 -0.0939477 2.44517 0.00107986 0.999772 -0.0144972 0.0156426
0.62714 -0.0910247 2.45387 0.00425215 0.999568 -0.0179403 0.022904
0.627424 -0.0881847 2.45211 0.0069642 0.999691 -0.0180714 0.0155958
0.626575 -0.0850956 2.44844 0.00896756 0.999673 -0.0219897 0.00952075
0.628371 -0.0820787 2.45357 0.0118322 0.99977 -0.00734396 0.0163292
0.628813 -0.0791572 2.45604 0.0148048 0.999653 -0.0106628 0.018989
0.627779 -0.0759805 2.45242 0.0167723 0.999623 -0.0140417 0.0166109
0.627449 -0.0726441 2.45142 0.0192732 0.99962 -0.0132332 0.014629
0.627791 -0.06928 2.45237 0.022776 0.999561 -0.010084 0.0160388
0.627863 -0.06595 2.45307 0.0258569 0.999404 -0.0141678 0.0179289
0.627254 -0.0628376 2.45136 0.0287797 0.99935 -0.0155898 0.0150896
0.627285 -0.0598787 2.45236 0.0305546 0.999312 -0.0123388 0.0170025
0.626877 -0.0567877 2.45149 0.0335711 0.999235 -0.0123991 0.0157504
0.626941 -0.0534845 2.45212 0.0357535 0.999174 -0.00974393 0.0166833
0.62643 -0.0502747 2.45096 0.038334 0.999053 -0.0124429 0.016393
0.626304 -0.0470913 2.45127 0.0412176 0.998921 -0.0132871 0.016802
0.626134 -0.0439065 2.45092 0.0440396 0.998833 -0.0111383 0.0163925
0.626058 -0.0406854 2.45076 0.0471767 0.998668 -0.0131598 0.0162092
0.625725 -0.0373742 2.44976 0.0497504 0.998565 -0.0125681 0.0153529
0.625338 -0.0340052 2.44903 0.0527056 0.998401 -0.0131808 0.0156074
0.625289 -0.0302031 2.44917 0.0558563 0.998271 -0.0109472 0.0146911
0.625065 -0.0266156 2.45011 0.0588009 0.99806 -0.011774 0.0167463
0.624775 -0.0234728 2.44928 0.061469 0.997903 -0.0126525 0.0158326
0.624564 -0.0206618 2.4491 0.0642026 0.997749 -0.0123708 0.0149118
0.624354 -0.0181477 2.44928 0.066856 0.997559 -0.0119055 0.0162597
0.62408 -0.0155974 2.44863 0.0696434 0.997401 -0.0114048 0.014507
0.623738 -0.0128831 2.44835 0.0723939 0.997174 -0.0121322 0.0160025
0.623483 -0.0100788 2.44889 0.0753372 0.996951 -0.0128612 0.0157537
0.622711 -0.00723643 2.4478 0.0775127 0.99682 -0.0119588 0.0141285
0.621922 -0.0043635 2.44735 0.080006 0.996608 -0.0120252 0.0150565
0.62124 -0.00145438 2.4473 0.0826351 0.996386 -0.0128291 0.0149238
0.620269 0.00135842 2.44654 0.0852368 0.996162 -0.0130364 0.0150091
0.619623 0.00435176 2.44681 0.0877175 0.995934 -0.0125209 0.0162724
0.618792 0.00761122 2.44628 0.0907432 0.995686 -0.0126425 0.0146671
0.618096 0.010792 2.44721 0.0929178 0.995501 -0.0100599 0.0155665
0.617015 0.0134446 2.44619 0.0954095 0.995212 -0.0142441 0.0157067
0.615904 0.016097 2.44543 0.0977145 0.995024 -0.0132158 0.014288
0.614838 0.0190725 2.44473 0.0999301 0.994812 -0.0124311 0.0144604
0.613945 0.022189 2.44473 0.102194 0.994578 -0.0125444 0.0146208
0.612992 0.025386 2.44476 0.10433 0.994348 -0.0130174 0.0147761
0.61221 0.0287304 2.44449 0.106501 0.994139 -0.0113255 0.0146979
0.61133 0.03178 2.44363 0.10925 0.993833 -0.0127724 0.0140217
0.610736 0.03472 2.44414 0.111978 0.993522 -0.0121478 0.0150982
0.609823 0.0377316 2.4436 0.114542 0.993252 -0.0118125 0.0138284
0.608932 0.040888 2.44371 0.117384 0.992913 -0.0114792 0.0146102
0.607931 0.0442878 2.44298 0.120654 0.992531 -0.0118768 0.013523
0.606947 0.047619 2.4433 0.12265 0.992268 -0.0121881 0.0145843
0.605784 0.0506643 2.44282 0.124774 0.992002 -0.0117408 0.0149955
0.604588 0.0538222 2.44228 0.127074 0.991705 -0.0121086 0.0150528
0.603472 0.0568593 2.44204 0.129353 0.991418 -0.0121137 0.0145187
0.602404 0.0596145 2.44136 0.131059 0.991194 -0.0131816 0.0135629
0.601338 0.0624815 2.44065 0.133247 0.990906 -0.0120154 0.0143552
0.600864 0.0654278 2.44194 0.135666 0.990549 -0.0131877 0.0152546
0.599745 0.0684694 2.44121 0.138005 0.990233 -0.0128711 0.0150645
0.598745 0.0713776 2.44089 0.140173 0.989918 -0.013974 0.0147646
0.597641 0.0742742 2.44117 0.142304 0.989609 -0.0127725 0.0161518
0.596367 0.0771884 2.44076 0.145003 0.989213 -0.0129667 0.0162314
0.595445 0.0800663 2.44144 0.146965 0.988901 -0.0137135 0.0169633
0.593959 0.0828846 2.43922 0.149375 0.988545 -0.0156216 0.0148991
0.59323 0.0858649 2.44023 0.151009 0.988282 -0.0146248 0.016794
0.592025 0.0889402 2.43963 0.153448 0.98793 -0.0141552 0.0157146
0.590969 0.0922152 2.43936 0.156057 0.987526 -0.0141547 0.0154617
0.590236 0.0956795 2.44036 0.157795 0.987269 -0.0128444 0.0153276
0.589065 0.0988102 2.44032 0.159959 0.986898 -0.0117591 0.0175345
0.588089 0.101618 2.43972 0.162726 0.986417 -0.014742 0.0168605
0.587085 0.104429 2.43966 0.164948 0.986085 -0.0128346 0.0162609
0.586357 0.10736 2.44027 0.167582 0.985637 -0.0105109 0.0180342
0.585063 0.110075 2.43982 0.17082 0.98507 -0.012755 0.0171771
0.583618 0.112878 2.43826 0.1741 0.984507 -0.0145886 0.0149341
0.582546 0.115963 2.43837 0.176978 0.984003 -0.0134336 0.0153525
0.581535 0.119004 2.43947 0.179818 0.983465 -0.0131903 0.0169868
0.580208 0.121725 2.43878 0.182684 0.982938 -0.0134925 0.0166599
0.578868 0.124392 2.43837 0.185234 0.982455 -0.0149535 0.0156859
0.577564 0.12712 2.43759 0.187801 0.981976 -0.0151725 0.014966
0.576686 0.130055 2.43855 0.18964 0.98164 -0.0107934 0.0174265
0.575423 0.132703 2.4373 0.192208 0.981121 -0.0142715 0.0159354
0.574547 0.135487 2.43776 0.195123 0.98057 -0.0124497 0.0159363
0.573505 0.138396 2.4376 0.197724 0.980042 -0.0126837 0.016167
0.572674 0.141196 2.43891 0.199798 0.979596 -0.0127118 0.0176558
0.571303 0.143852 2.43908 0.20188 0.979163 -0.0113718 0.0188488
0.569716 0.146581 2.43832 0.204654 0.978593 -0.0123721 0.0178596
0.568246 0.149525 2.43749 0.207723 0.977938 -0.0136508 0.0173751
0.566828 0.152613 2.43709 0.21037 0.977423 -0.0111663 0.0162278
0.565681 0.155307 2.43775 0.213037 0.97677 -0.0136536 0.0186693
0.564368 0.15785 2.43718 0.215204 0.976346 -0.0127967 0.0165162
0.563087 0.160524 2.43756 0.217877 0.975739 -0.011971 0.0178668
0.561764 0.163283 2.43734 0.220361 0.975183 -0.0118428 0.0178645
0.560342 0.166116 2.43705 0.222833 0.974609 -0.011771 0.0185579
0.558954 0.16906 2.43709 0.225107 0.974093 -0.0109891 0.0186976
0.557038 0.171792 2.43561 0.227201 0.973685 -0.00833752 0.0157463
0.555975 0.174724 2.43912 0.230105 0.972821 -0.00961357 0.0240576
0.553915 0.177186 2.43674 0.232618 0.972306 -0.0102808 0.0201154
0.552065 0.17973 2.43508 0.235417 0.971623 -0.0152328 0.0171916
0.550711 0.182985 2.43514 0.237883 0.971108 -0.00745717 0.0174536
0.548888 0.186272 2.4352 0.241317 0.970233 -0.0099475 0.0177605
0.547441 0.189398 2.43644 0.243238 0.969715 -0.00854876 0.0203793
0.545493 0.191822 2.43476 0.245783 0.969098 -0.0108339 0.0179448
0.544239 0.194408 2.43649 0.247454 0.968623 -0.0106502 0.0205672
0.542701 0.196957 2.43616 0.249465 0.968133 -0.00992254 0.019687
0.540902 0.199636 2.4361 0.251105 0.967712 -0.00848888 0.0202126
0.538944 0.202262 2.43436 0.253375 0.967155 -0.00813936 0.0186085
0.53756 0.2051 2.43573 0.25539 0.966575 -0.0102533 0.0200884
0.535701 0.207824 2.43404 0.257648 0.966033 -0.00718299 0.0185816
0.53424 0.210534 2.43392 0.260522 0.965223 -0.0108482 0.0188517
0.532756 0.213405 2.43465 0.262474 0.964683 -0.00967394 0.0199997
0.530851 0.216126 2.43406 0.264663 0.964106 -0.00645741 0.0202793
0.528964 0.218927 2.43317 0.267896 0.963216 -0.008445 0.0193747
0.527075 0.221521 2.43311 0.270194 0.962576 -0.00792619 0.0194896
0.525693 0.223887 2.43441 0.272441 0.961921 -0.00700841 0.0208358
0.524269 0.226364 2.4353 0.274974 0.961183 -0.00610002 0.0218673
0.522404 0.22899 2.43538 0.277734 0.96037 -0.0064621 0.0226085
0.520379 0.231627 2.43421 0.280213 0.959666 -0.00634289 0.0219697
0.518193 0.233821 2.4319 0.282946 0.958909 -0.00839522 0.0190758
0.516735 0.236395 2.43349 0.285585 0.958069 -0.00699441 0.0222624
0.514791 0.238822 2.4326 0.288502 0.95722 -0.00852571 0.0205682
0.513312 0.24172 2.43416 0.290984 0.956439 -0.00472811 0.02303
0.511338 0.244344 2.43306 0.294419 0.955425 -0.00822433 0.0203145
0.508903 0.246671 2.43107 0.297147 0.954604 -0.00770311 0.0193977
0.506713 0.249313 2.43012 0.300038 0.953734 -0.00573589 0.0183407
0.504907 0.252149 2.43174 0.302547 0.952903 -0.00543067 0.0202858
0.502976 0.25504 2.43205 0.304717 0.952217 -0.00344302 0.0204595
0.500816 0.257985 2.43103 0.307297 0.951395 -0.00609127 0.0194732
0.498513 0.260681 2.42939 0.309177 0.950822 -0.00490447 0.0179696
0.496893 0.263117 2.43019 0.311163 0.950142 -0.00494987 0.0195555
0.495207 0.265371 2.43032 0.313736 0.949296 -0.00521033 0.019505
0.494021 0.268137 2.4318 0.31695 0.948188 -0.0059808 0.0211451
0.49244 0.270755 2.43025 0.319856 0.947243 -0.00496496 0.0199711
0.490491 0.27308 2.42832 0.322165 0.946507 -0.00508424 0.0175835
0.488552 0.275328 2.42955 0.32449 0.945645 -0.00561457 0.0207638
0.486499 0.277699 2.42931 0.327164 0.944727 -0.00491595 0.0207379
0.484584 0.280522 2.4304 0.32937 0.943946 -0.00270309 0.0217655
0.482302 0.282843 2.42873 0.331845 0.943101 -0.00544388 0.0202144
0.480397 0.285201 2.4286 0.334214 0.942255 -0.00294806 0.0211689
0.478389 0.287388 2.42874 0.336315 0.941507 -0.00408217 0.0209935
0.476095 0.28978 2.42735 0.338744 0.940678 -0.00323825 0.0191571
0.473994 0.292502 2.42764 0.340794 0.939918 -0.00416969 0.0199048
0.471775 0.295081 2.42749 0.34275 0.939198 -0.000807827 0.020694
0.469681 0.297473 2.42708 0.345289 0.938283 -0.0023961 0.0198571
0.467447 0.299885 2.42619 0.348243 0.937198 -0.00479945 0.0190713
0.465418 0.302454 2.42652 0.350605 0.93632 -0.00310318 0.0192755
0.463415 0.305022 2.42648 0.353017 0.935404 -0.00256531 0.0197678
0.461239 0.307784 2.42635 0.355554 0.934438 -0.00134746 0.020117
0.458725 0.310497 2.42602 0.357942 0.933532 -0.000403671 0.0198643
0.456102 0.312605 2.42418 0.361027 0.932377 -0.00243999 0.0180666
0.454317 0.314952 2.42551 0.362934 0.93163 -0.00165544 0.0185027
0.452359 0.317234 2.42624 0.3653 0.930657 -0.00142927 0.0207905
0.450247 0.319419 2.42475 0.367698 0.929786 -0.00245084 0.0170092
0.448452 0.321851 2.42577 0.369498 0.929011 -0.000455007 0.0202152
0.446548 0.323929 2.42526 0.3721 0.927997 -0.000471839 0.0190424
0.444943 0.326208 2.42649 0.374587 0.926967 -0.000130223 0.0204453
0.442561 0.328253 2.42415 0.377163 0.925923 0.00329695 0.020112
0.441098 0.33009 2.42564 0.379689 0.924907 0.00136068 0.0195192
0.438641 0.332478 2.42497 0.380695 0.9245 0.00296956 0.0190518
0.436183 0.334137 2.42298 0.385094 0.922648 0.000542819 0.0205516
0.43405 0.336182 2.42377 0.387259 0.921754 0.00295029 0.0197779
0.431441 0.338141 2.42259 0.389967 0.920706 -0.00421045 0.0144421
0.4293 0.34008 2.42392 0.392181 0.919726 -0.00709412 0.0157121
0.42703 0.341836 2.42375 0.394186 0.918883 -0.00502734 0.0156944
0.424429 0.343531 2.42278 0.396134 0.918056 -0.00110825 0.0157812
0.421915 0.345562 2.42305 0.398319 0.917101 -0.000870981 0.0163375
0.419387 0.34742 2.42211 0.400114 0.916328 -0.00115506 0.015814
0.416948 0.349472 2.42263 0.402029 0.915476 0.000561526 0.0165996
0.414283 0.351313 2.42172 0.403659 0.91477 0.000107428 0.0159956
0.411685 0.353152 2.42109 0.406396 0.913595 -0.00198504 0.013528
0.409372 0.354907 2.42088 0.409024 0.912422 -0.00527278 0.0125735
0.407024 0.357128 2.42186 0.410958 0.911509 0.00131061 0.0162068
0.404359 0.359148 2.42173 0.413306 0.910433 0.00161338 0.016933
0.401408 0.36135 2.4214 0.416455 0.909028 -0.00176707 0.0151564
0.398783 0.363265 2.42147 0.418171 0.908231 -0.00171429 0.0157103
0.396246 0.365015 2.42078 0.419669 0.907558 -0.00163518 0.0146386
0.39366 0.366842 2.42067 0.421672 0.906639 4.90988e-06 0.014088
0.391277 0.368636 2.42157 0.423613 0.90571 -0.00266349 0.0153312
0.388626 0.370135 2.42106 0.425594 0.904799 -0.0027492 0.0141891
0.386101 0.371934 2.42102 0.427223 0.90403 -8.12346e-05 0.0145442
0.38343 0.373783 2.42085 0.428977 0.903189 -0.000824782 0.0150824
0.380698 0.375668 2.42056 0.430825 0.902326 -0.00115346 0.0140046
0.378237 0.37749 2.42073 0.43318 0.901175 -0.00329896 0.0151031
0.375815 0.379267 2.42173 0.434848 0.900355 0.00071194 0.0163712
0.372914 0.380684 2.41979 0.437143 0.899269 -0.000276981 0.0148675
0.369849 0.382678 2.42038 0.439119 0.898309 0.000564406 0.0146411
0.366945 0.384347 2.42012 0.440374 0.897683 0.00125008 0.0152736
0.364153 0.385661 2.41932 0.442399 0.896717 -0.00204179 0.0133492
0.361354 0.387121 2.41936 0.444046 0.895867 -0.000323093 0.0156819
0.358746 0.388815 2.41922 0.446051 0.894893 -0.00162165 0.0142031
0.35595 0.390678 2.41938 0.44748 0.894159 0.00103018 0.015486
0.353263 0.392711 2.41947 0.449775 0.893022 -0.00115634 0.0146321
0.350436 0.394317 2.4189 0.451558 0.892106 0.00102071 0.0155016
0.347891 0.395945 2.41931 0.453944 0.890903 -0.00328123 0.014699
0.345252 0.397632 2.41888 0.456018 0.889845 0.000228629 0.0149378
0.342788 0.399465 2.41948 0.458596 0.888512 -0.00101137 0.0153407
0.340193 0.401227 2.41924 0.461399 0.887085 -0.0017385 0.0137576
0.337386 0.402995 2.41867 0.464371 0.885545 -0.000746411 0.0130195
0.33449 0.404933 2.41934 0.467522 0.883866 -0.00239963 0.014063
0.331823 0.406855 2.42073 0.47022 0.882424 -0.00115187 0.014801
0.329196 0.408443 2.41955 0.472156 0.881422 -0.00199796 0.0126488
0.326298 0.409825 2.41886 0.473985 0.880452 -0.00159965 0.0117885
0.323713 0.411548 2.41871 0.476001 0.879363 -0.00078186 0.0120038
0.321365 0.413198 2.41957 0.477923 0.878289 -0.00011973 0.0140742
0.318789 0.414645 2.41847 0.480795 0.876743 -0.00175104 0.0123968
0.316305 0.416415 2.41904 0.482517 0.875789 0.000175675 0.0130501
0.313735 0.417916 2.41893 0.48469 0.874593 -0.00111915 0.0127134
0.311006 0.41938 2.41933 0.486754 0.87344 0.00032646 0.0131858
0.30799 0.420817 2.41845 0.489228 0.872071 -0.00162794 0.0121062
0.305209 0.42257 2.41902 0.491404 0.870848 -0.0026043 0.0117909
0.302595 0.424067 2.41909 0.493216 0.869813 -0.000156593 0.0127392
0.300043 0.425493 2.41871 0.495181 0.868691 0.000281527 0.013119
0.297499 0.426904 2.41903 0.497777 0.867215 -0.00153026 0.0124187
0.294724 0.428729 2.41953 0.499909 0.865991 -0.00205642 0.0121292
0.292006 0.430581 2.42014 0.502059 0.864737 -0.00399152 0.012301
0.289033 0.432019 2.41911 0.503988 0.863642 -0.00237835 0.010663
0.286126 0.433627 2.41939 0.506037 0.86242 -0.00100143 0.0125586
0.283268 0.435421 2.41987 0.508397 0.861044 -0.001218 0.0115955
0.28023 0.436853 2.41968 0.510117 0.859992 0.00226917 0.0137316
0.277345 0.438271 2.42019 0.512607 0.858525 -0.00236055 0.0127677
0.274433 0.439805 2.42051 0.514745 0.85724 -0.00174515 0.0131686
0.271195 0.441247 2.41961 0.51705 0.855865 -0.00159653 0.0123482
0.268121 0.442771 2.42012 0.518838 0.85477 -0.000229858 0.0132054
0.265038 0.444022 2.41937 0.520936 0.853528 -0.00231137 0.0105144
0.262469 0.445663 2.42226 0.522818 0.852302 -0.0040638 0.015036
0.259265 0.44688 2.42063 0.524313 0.851433 0.00123468 0.0125199
0.256414 0.448418 2.42051 0.526525 0.850096 -0.00154551 0.0102384
0.253607 0.449673 2.42018 0.528057 0.849153 -0.00191716 0.00959695
0.250626 0.450868 2.41988 0.529291 0.848358 0.000318773 0.0117928
0.247551 0.452165 2.41986 0.530848 0.847361 0.000872858 0.013391
0.244704 0.453282 2.42025 0.532232 0.846482 -0.00102786 0.0140047
0.24189 0.454271 2.42004 0.534222 0.845256 -0.0012562 0.0121596
0.238942 0.455464 2.42037 0.535807 0.844223 7.40228e-07 0.0140869
0.235934 0.45669 2.41967 0.537875 0.842935 -0.000158959 0.0122708
0.232894 0.458193 2.42028 0.540213 0.841454 -0.00207348 0.0109463
0.229844 0.459248 2.42046 0.541683 0.840471 4.62007e-05 0.0137093
0.22706 0.459921 2.41976 0.543585 0.839255 0.000629618 0.0128572
0.224226 0.460776 2.41979 0.545764 0.837842 -0.000211785 0.0127402
0.221318 0.461669 2.41994 0.548133 0.836309 -0.00151701 0.0116488
0.218257 0.462746 2.41993 0.549683 0.835235 0.00241507 0.015008
0.215326 0.463639 2.41948 0.551987 0.833731 0.00155637 0.0141637
0.212497 0.464728 2.41977 0.55439 0.832158 -0.00109323 0.012792
0.209578 0.465777 2.41988 0.556789 0.830533 4.43401e-05 0.0141555
0.2068 0.46702 2.41984 0.55945 0.828788 -0.00190135 0.0110515
0.20382 0.468259 2.41936 0.56156 0.827303 0.00352556 0.0143752
0.200735 0.469481 2.41951 0.564867 0.825095 0.00113418 0.0119038
0.197177 0.47026 2.41892 0.567085 0.823571 0.000939791 0.0119995
0.194015 0.471055 2.41835 0.568836 0.822372 0.00119556 0.0113252
0.190851 0.471795 2.41793 0.570623 0.821144 0.000384182 0.0105977
0.187599 0.472546 2.4173 0.57188 0.820268 0.00069225 0.0106197
0.184423 0.473821 2.41753 0.573308 0.819258 0.00320144 0.0110876
0.181585 0.474743 2.41744 0.575374 0.817824 0.00192477 0.0102546
0.17886 0.475694 2.41778 0.577366 0.816412 0.000977157 0.0109186
0.176136 0.476586 2.41764 0.579555 0.814833 0.00162866 0.0126833
0.173325 0.477616 2.41686 0.581616 0.813397 0.00194933 0.0102253
0.170403 0.478344 2.41548 0.583632 0.811978 0.00242783 0.0077997
0.167394 0.479271 2.41571 0.58583 0.810405 -0.000201595 0.00684448
0.164237 0.48035 2.41581 0.587731 0.808995 0.00177685 0.0097714
0.160983 0.481407 2.41594 0.590269 0.807156 0.000965583 0.00902208
0.157534 0.482101 2.41571 0.592296 0.805668 0.00150539 0.00912188
0.154653 0.482738 2.41591 0.59383 0.804528 0.00141573 0.00991926
0.151806 0.483337 2.4159 0.595888 0.80303 0.000426177 0.00777233
0.14871 0.483859 2.4156 0.597637 0.801722 5.03867e-07 0.00855071
0.145437 0.484348 2.41441 0.599481 0.800355 0.00135708 0.00726044
0.142338 0.485251 2.41519 0.601663 0.798712 -0.00178418 0.00762814
0.139161 0.485945 2.41434 0.603321 0.797451 0.00158021 0.00852106
0.136196 0.48699 2.41493 0.605794 0.79558 0.000737034 0.00808774
0.133079 0.488215 2.41444 0.607883 0.793996 0.00146346 0.00690081
0.130023 0.489067 2.41487 0.610065 0.79232 -0.000751411 0.0070157
0.126546 0.489697 2.41457 0.612151 0.790702 -0.000547399 0.007776
0.122861 0.490655 2.4146 0.614606 0.788804 0.000777269 0.00693393
0.119347 0.4919 2.41621 0.616639 0.787215 -0.000750937 0.006935
0.116174 0.492727 2.41572 0.618709 0.785588 -0.00166312 0.00688061
0.11308 0.493603 2.41556 0.620962 0.783813 -0.00155488 0.00639296
0.109982 0.494568 2.41655 0.622592 0.782485 -0.001844 0.00968824
0.107096 0.495624 2.41657 0.624558 0.780937 -0.000936734 0.00798043
0.104387 0.496382 2.41611 0.626756 0.779184 0.000424277 0.00705013
0.101673 0.497431 2.41721 0.629205 0.77721 -0.00113137 0.006584
0.0987529 0.49778 2.41667 0.631022 0.775712 -0.000383179 0.00909853
0.0959675 0.498389 2.4168 0.633263 0.773893 -0.00166804 0.00803274
0.0933212 0.499125 2.41798 0.635569 0.772 -0.00255104 0.00786641
0.0904422 0.499638 2.41728 0.637894 0.770094 -0.00318209 0.00609378
0.0874034 0.500304 2.41745 0.640129 0.768233 -0.00272168 0.00680424
0.0844661 0.500897 2.41835 0.642108 0.766546 -0.00418009 0.00932659
0.0814178 0.501165 2.41794 0.644224 0.764778 -0.00398465 0.00863938
0.078463 0.501763 2.41913 0.646429 0.762897 -0.00499779 0.00966256
0.0753571 0.502276 2.41889 0.648611 0.761067 -0.00533348 0.00729557
0.0721658 0.50303 2.41933 0.650412 0.75953 -0.00453267 0.00759763
0.0690294 0.503683 2.41949 0.651999 0.758164 -0.00260482 0.00877273
0.0659907 0.504195 2.41979 0.654153 0.756302 -0.00546997 0.00784486
0.06281 0.504625 2.41952 0.655748 0.754921 -0.00383503 0.00858556
0.0598048 0.505012 2.42038 0.658279 0.752707 -0.0053898 0.00852437
0.0568403 0.505445 2.4201 0.660309 0.750925 -0.00499056 0.00887652
0.0537901 0.506267 2.421 0.662664 0.74883 -0.00476908 0.0103133
0.0506059 0.50697 2.42083 0.665269 0.746518 -0.00578481 0.00976538
0.0474602 0.507316 2.42078 0.667056 0.744939 -0.00456368 0.00901031
0.0444578 0.507678 2.42088 0.6688 0.74338 -0.00382278 0.00883332
0.0412722 0.507684 2.42098 0.669906 0.742378 -0.00263772 0.00962784
0.0379783 0.507877 2.42139 0.671871 0.74059 -0.00454479 0.00973051
0.0347045 0.508366 2.42104 0.673533 0.739065 -0.0040741 0.0109569
0.0317924 0.50882 2.42125 0.67495 0.737779 -0.00487784 0.0100129
0.0288779 0.509084 2.42221 0.676683 0.736199 -0.00516216 0.00924186
0.0258855 0.509004 2.42099 0.678531 0.734504 -0.0049865 0.00868724
0.0228176 0.50918 2.42162 0.679461 0.733639 -0.00198599 0.0101006
0.0198729 0.508894 2.42042 0.681507 0.73176 -0.00537037 0.00685431
0.0168486 0.508885 2.42094 0.682601 0.730727 -0.00348779 0.00904033
0.0136678 0.508905 2.42087 0.684299 0.729135 -0.00337763 0.00928279
0.0102644 0.508962 2.42065 0.68617 0.727392 -0.00375052 0.00756752
0.00696815 0.508844 2.42053 0.687535 0.726089 -0.00462809 0.00824542
0.00387786 0.508877 2.4216 0.688504 0.72515 -0.00534999 0.00951701
0.000630099 0.5083 2.42004 0.690037 0.72371 -0.00363067 0.00893652
-0.00267478 0.508147 2.41919 0.69131 0.722472 -0.000326572 0.0111882
-0.00585929 0.508002 2.41882 0.692715 0.721149 -0.00198292 0.00927794
-0.0088283 0.508003 2.41909 0.694169 0.719773 -0.00196687 0.00728801
-0.0120309 0.507796 2.41795 0.695725 0.718261 -1.3013e-05 0.0082233
-0.0150625 0.507618 2.41757 0.697444 0.71654 -0.000260778 0.0118891
-0.018174 0.507898 2.4195 0.699167 0.714903 -0.00371272 0.00812505
-0.0213933 0.50718 2.417 0.700464 0.713652 0.00112047 0.00701179
-0.0247507 0.506792 2.41606 0.702832 0.71127 0.00398867 0.0103683
-0.0285735 0.50737 2.41779 0.705414 0.708635 -0.00337478 0.0146815
-0.0315273 0.507344 2.4186 0.70657 0.707379 0.00870895 0.0172578
-0.0343372 0.506225 2.41577 0.709196 0.704899 0.00387566 0.0120038
-0.0370366 0.506403 2.4187 0.711188 0.702974 -0.00425203 0.00468822
-0.0400115 0.50602 2.41819 0.711776 0.702354 0.00137334 0.00846469
-0.042887 0.505111 2.41595 0.713463 0.700648 0.000482263 0.00792935
-0.0458193 0.505139 2.41703 0.714919 0.699176 -0.00359383 0.00558867
-0.0487591 0.505043 2.418 0.716482 0.697556 -0.00123218 0.00823377
-0.0516854 0.505016 2.41842 0.71895 0.695024 -0.00497551 0.00528407
-0.0547189 0.504701 2.41698 0.720762 0.69316 -0.00406315 0.00384113
-0.0579996 0.504514 2.41699 0.722078 0.691791 -0.00263625 0.00476439
-0.0613463 0.504467 2.41829 0.72369 0.690078 -0.00451374 0.00672074
-0.0649377 0.504349 2.4182 0.725583 0.688112 -0.00272983 0.00490033
-0.0680829 0.50386 2.4188 0.727309 0.686278 -0.00551337 0.00385401
-0.0707959 0.503237 2.41807 0.728508 0.68501 -0.00492416 0.00357104
-0.0736575 0.502752 2.41943 0.730225 0.683155 -0.00739825 0.0040246
-0.076714 0.502051 2.41905 0.731759 0.681528 -0.00538137 0.00429573
-0.0799728 0.501923 2.41966 0.733718 0.679411 -0.00693872 0.00333893
-0.0831916 0.50184 2.4201 0.73496 0.678043 -0.00850934 0.00424369
-0.0864954 0.50136 2.41909 0.736361 0.676542 -0.00588318 0.00539522
-0.0898078 0.501031 2.42009 0.73808 0.674655 -0.00729101 0.00503755
-0.0929913 0.500542 2.42069 0.740004 0.672528 -0.00935253 0.00371848
-0.096169 0.500047 2.4207 0.741534 0.670837 -0.00931211 0.00424654
-0.0994084 0.499584 2.42085 0.742882 0.669342 -0.00953474 0.00402787
-0.102866 0.499119 2.42152 0.744925 0.667024 -0.0120053 0.0046842
-0.106611 0.498434 2.42107 0.746669 0.665121 -0.00882968 0.00464415
-0.109971 0.497893 2.42104 0.748202 0.663381 -0.00986036 0.00456216
-0.113137 0.497459 2.42127 0.749815 0.661554 -0.00923629 0.00618358
-0.116404 0.497094 2.42181 0.751396 0.659742 -0.0107384 0.00545417
-0.119611 0.496983 2.42259 0.752447 0.658558 -0.00807383 0.00772185
-0.122594 0.496845 2.42295 0.754155 0.656603 -0.0103619 0.00390154
-0.125623 0.496357 2.42214 0.755533 0.655015 -0.0101957 0.00462299
-0.128847 0.49607 2.42376 0.756927 0.653335 -0.0131556 0.00639731
-0.132004 0.495516 2.42397 0.758327 0.651736 -0.011592 0.00684649
-0.135152 0.494873 2.42362 0.759838 0.649981 -0.0115968 0.00598776
-0.138315 0.494473 2.42391 0.761557 0.64795 -0.0129723 0.0048702
-0.141544 0.493856 2.42369 0.762911 0.646384 -0.0106322 0.00639357
-0.144554 0.493198 2.42353 0.764365 0.644644 -0.0112008 0.00736952
-0.14749 0.49242 2.42337 0.765924 0.642813 -0.0109924 0.00559053
-0.150356 0.491855 2.4239 0.767572 0.640804 -0.0121968 0.00739741
-0.153471 0.491267 2.42477 0.769263 0.63876 -0.0127997 0.00751867
-0.156599 0.490538 2.42427 0.77079 0.636942 -0.0119642 0.00665169
-0.159632 0.489425 2.42323 0.772133 0.635302 -0.0102216 0.00984135
-0.162655 0.488642 2.42349 0.773889 0.63317 -0.0115239 0.00768057
-0.165627 0.487786 2.42347 0.775382 0.63135 -0.0106718 0.00813962
-0.168647 0.487044 2.4232 0.777187 0.629126 -0.0107531 0.00805596
-0.171617 0.48641 2.42287 0.778705 0.627257 -0.0103894 0.0077096
-0.174739 0.4859 2.42411 0.780509 0.624959 -0.0127184 0.00842354
-0.17789 0.484886 2.42292 0.782533 0.622472 -0.0104317 0.00793047
-0.180936 0.483702 2.42207 0.784166 0.620427 -0.0100601 0.00733226
-0.183958 0.483154 2.42336 0.785629 0.618551 -0.0113801 0.00718026
-0.18691 0.482228 2.42294 0.787163 0.616618 -0.00995778 0.00765854
-0.190059 0.481344 2.42246 0.788369 0.61506 -0.00810361 0.010468
-0.193385 0.480593 2.42253 0.789782 0.613227 -0.0101859 0.00962908
-0.196584 0.479811 2.42274 0.790856 0.611871 -0.00985411 0.00805332
-0.199344 0.478748 2.42225 0.792436 0.609863 -0.00819118 0.00666325
-0.202172 0.478079 2.42379 0.793822 0.608025 -0.0100513 0.00716694
-0.204799 0.477068 2.42223 0.795306 0.606095 -0.00994188 0.00611704
-0.207752 0.476039 2.42163 0.796517 0.604482 -0.00836971 0.00957749
-0.21079 0.47486 2.42116 0.797974 0.602546 -0.00948708 0.00925791
-0.213884 0.47381 2.42155 0.799361 0.600724 -0.00985586 0.00741864
-0.217206 0.473213 2.42261 0.801208 0.598252 -0.0110509 0.00618613
-0.220336 0.472135 2.42222 0.802732 0.596243 -0.00929244 0.00541649
-0.222982 0.470599 2.42115 0.803655 0.594963 -0.00830951 0.00940316
-0.225686 0.469632 2.42228 0.804894 0.593251 -0.0102799 0.00966535
-0.228393 0.468064 2.42257 0.806345 0.591283 -0.0115696 0.00766315
-0.231427 0.466821 2.42208 0.807346 0.589932 -0.00887128 0.00968201
-0.234477 0.465795 2.42211 0.808917 0.587759 -0.0107441 0.00880769
-0.237514 0.464704 2.42217 0.809975 0.58628 -0.0107315 0.0100819
-0.240566 0.463767 2.42345 0.811645 0.583964 -0.0117054 0.00900883
-0.243605 0.46236 2.42291 0.812774 0.582343 -0.00987271 0.0133621
-0.246514 0.461338 2.42352 0.81453 0.579924 -0.0127861 0.00809243
-0.249567 0.460272 2.42357 0.816053 0.577756 -0.0131915 0.00907346
-0.253062 0.458974 2.42405 0.817606 0.575557 -0.012503 0.00994374
-0.256874 0.457531 2.42425 0.819002 0.573514 -0.0139878 0.011017
-0.260063 0.45629 2.42332 0.820154 0.571917 -0.0116676 0.0111123
-0.263131 0.455364 2.4248 0.821535 0.569879 -0.0140263 0.0110329
-0.26584 0.454133 2.42359 0.822997 0.567816 -0.0118382 0.0110021
-0.268534 0.453284 2.42361 0.824436 0.565735 -0.0107285 0.0115827
-0.271165 0.452741 2.42465 0.825737 0.563838 -0.0120447 0.00999007
-0.27384 0.451776 2.42511 0.827588 0.561097 -0.0128114 0.010233
-0.276601 0.450603 2.42547 0.82885 0.559132 -0.0141807 0.0133398
-0.279477 0.449636 2.42565 0.830418 0.556846 -0.013722 0.0118501
-0.282338 0.448359 2.42488 0.832038 0.554444 -0.0126057 0.0120914
-0.285165 0.447325 2.4258 0.833479 0.552237 -0.0141133 0.0121279
-0.287868 0.44599 2.42592 0.835251 0.549549 -0.0150612 0.0111453
-0.291105 0.444495 2.42669 0.836889 0.547059 -0.0139312 0.0122087
-0.29393 0.443184 2.4268 0.838411 0.5447 -0.0159401 0.0107504
-0.296468 0.441849 2.4265 0.839586 0.542876 -0.0145237 0.0130603
-0.298959 0.440383 2.42652 0.840873 0.540925 -0.0133264 0.0124448
-0.301536 0.438881 2.42654 0.842458 0.538412 -0.0162575 0.0105738
-0.30441 0.43749 2.42704 0.843552 0.536709 -0.0142596 0.0126457
-0.30733 0.436129 2.42729 0.845029 0.534363 -0.0153589 0.0121002
-0.31041 0.434708 2.42766 0.846154 0.532504 -0.0155677 0.0148511
-0.313343 0.433221 2.42752 0.847531 0.530319 -0.0162421 0.0137519
-0.316255 0.431858 2.42784 0.84928 0.527634 -0.014797 0.0103496
-0.319243 0.430777 2.4295 0.850244 0.525847 -0.0155081 0.0181723
-0.321911 0.429127 2.42691 0.85225 0.522807 -0.0138751 0.0122628
-0.325322 0.427788 2.42852 0.853713 0.520251 -0.0154333 0.016571
-0.328238 0.426156 2.42863 0.855218 0.517809 -0.0164387 0.0143296
-0.33119 0.424681 2.4286 0.856295 0.516072 -0.0149303 0.0143257
-0.334432 0.423279 2.4293 0.85769 0.513706 -0.0153406 0.0154458
-0.337474 0.421496 2.42856 0.858883 0.511703 -0.01525 0.0157455
-0.340558 0.41998 2.42911 0.859904 0.510003 -0.0137562 0.0165256
-0.34307 0.41854 2.42897 0.861233 0.507767 -0.0145231 0.0154802
-0.34564 0.416945 2.42792 0.86237 0.505849 -0.0133771 0.0160264
-0.348625 0.415908 2.42967 0.863835 0.503288 -0.0158686 0.0154739
-0.351252 0.414194 2.42793 0.864966 0.501371 -0.014528 0.0157867
-0.354092 0.412718 2.42838 0.866344 0.49897 -0.0144004 0.0164101
-0.357066 0.411169 2.42897 0.867746 0.496542 -0.0151102 0.0153074
-0.359782 0.409498 2.42896 0.869027 0.494246 -0.0162057 0.0157955
-0.362358 0.407829 2.42837 0.870168 0.492268 -0.0148605 0.0160824
-0.364969 0.406231 2.42856 0.871365 0.490183 -0.0147456 0.0150342
-0.36773 0.40455 2.42943 0.872224 0.488537 -0.0161137 0.0172437
-0.370759 0.402733 2.4292 0.873275 0.486712 -0.0146372 0.0169847
-0.373589 0.400859 2.42819 0.874458 0.484609 -0.0137313 0.0170095
-0.376419 0.399106 2.42804 0.875548 0.482561 -0.0137929 0.0189781
-0.379326 0.397599 2.42844 0.877063 0.479866 -0.0128802 0.0179641
-0.382187 0.396411 2.42896 0.878528 0.477195 -0.0134243 0.0171251
-0.384785 0.39506 2.42847 0.880102 0.474366 -0.0148026 0.0133438
-0.387432 0.393443 2.42885 0.881268 0.472103 -0.0120275 0.018467
-0.389443 0.39125 2.42602 0.882869 0.469212 -0.0117977 0.0156021
-0.392596 0.389709 2.4284 0.88449 0.466045 -0.0136373 0.0171248
-0.395372 0.388303 2.42991 0.886161 0.46288 -0.0155269 0.0148127
-0.397709 0.386633 2.42873 0.887393 0.460568 -0.0134578 0.0151702
-0.400265 0.385021 2.42892 0.888911 0.457701 -0.0130005 0.0133281
-0.402771 0.383125 2.4284 0.889841 0.455786 -0.0122492 0.0170636
-0.405434 0.381711 2.42929 0.891056 0.453416 -0.0133299 0.0160054
-0.407654 0.38017 2.42871 0.892228 0.451106 -0.0125625 0.0165664
-0.410147 0.378715 2.42909 0.893598 0.448456 -0.0129668 0.0142375
-0.412491 0.37718 2.42937 0.89487 0.445875 -0.0140026 0.0143752
-0.414768 0.375314 2.42792 0.89609 0.443492 -0.0109201 0.0148096
-0.417266 0.373804 2.42909 0.897248 0.441134 -0.0126158 0.0137272
-0.419754 0.372244 2.4303 0.898323 0.438931 -0.0137887 0.0128462
-0.422317 0.370209 2.42954 0.899442 0.436587 -0.0134153 0.0146864
-0.425079 0.368182 2.42973 0.900687 0.433998 -0.01301 0.0154735
-0.427192 0.366252 2.43008 0.901665 0.431986 -0.0139223 0.0139501
-0.429116 0.364332 2.4296 0.902505 0.430246 -0.0130409 0.0142154
-0.431267 0.362461 2.43036 0.90367 0.427772 -0.0138105 0.0141826
-0.433431 0.360477 2.43028 0.904779 0.425461 -0.0140611 0.0126471
-0.435834 0.358247 2.43022 0.90549 0.423902 -0.0123582 0.0155533
-0.438258 0.356064 2.43061 0.906595 0.421617 -0.0134729 0.011963
-0.440808 0.353786 2.43197 0.907363 0.41982 -0.0156997 0.0140479
-0.443063 0.351245 2.43157 0.908098 0.418185 -0.0158768 0.0150787
-0.445448 0.34897 2.43205 0.909151 0.415906 -0.0168464 0.013539
-0.447987 0.346825 2.4324 0.910228 0.413502 -0.0163033 0.0153625
-0.450595 0.344415 2.43247 0.91132 0.411125 -0.0154786 0.0152514
-0.453126 0.341618 2.4325 0.912384 0.408747 -0.0155463 0.0155088
-0.455287 0.339313 2.43243 0.913205 0.406984 -0.0149476 0.0140865
-0.457272 0.336897 2.43256 0.913936 0.405285 -0.0150771 0.0154332
-0.459513 0.334782 2.43327 0.914697 0.403519 -0.0153841 0.0163031
-0.461542 0.332327 2.43211 0.91561 0.401446 -0.0155602 0.0160477
-0.463797 0.3301 2.43161 0.916119 0.40028 -0.0140648 0.0174462
-0.466228 0.327936 2.43316 0.916889 0.398494 -0.0153373 0.0168165
-0.468635 0.325738 2.43384 0.918247 0.39538 -0.0173475 0.0140104
-0.470974 0.323649 2.43422 0.918878 0.393874 -0.017925 0.0143142
-0.472969 0.321169 2.43403 0.919544 0.392313 -0.0171045 0.0154245
-0.475043 0.318987 2.43506 0.920639 0.389763 -0.0205172 0.00941769
-0.477381 0.316665 2.43539 0.921337 0.388299 -0.0127631 0.0141224
-0.48023 0.314836 2.43669 0.923069 0.384108 -0.016575 0.0114329
-0.481617 0.311595 2.43194 0.923274 0.383613 -0.0132681 0.0151582
-0.483268 0.309743 2.43344 0.923997 0.381722 -0.0129299 0.0187085
-0.485149 0.306795 2.43332 0.924406 0.380556 -0.0126886 0.0221472
-0.486861 0.304501 2.43453 0.925883 0.377133 -0.0175318 0.0142951
-0.489195 0.302327 2.43685 0.926795 0.374698 -0.0188301 0.0172569
-0.491097 0.299919 2.43552 0.927858 0.372254 -0.0161853 0.0156592
-0.493226 0.2975 2.43614 0.928869 0.369672 -0.0182236 0.0146033
-0.495179 0.294886 2.43592 0.929604 0.3677 -0.0177598 0.0178206
-0.497297 0.292783 2.43662 0.930903 0.364554 -0.0183862 0.0135048
-0.499423 0.290572 2.43724 0.931849 0.362074 -0.0183292 0.0149512
-0.501444 0.288029 2.43626 0.933042 0.359013 -0.0181828 0.0145281
-0.503948 0.285375 2.43726 0.934026 0.35637 -0.0180761 0.0163973
-0.506226 0.282505 2.43757 0.935085 0.353678 -0.0181435 0.0141218
-0.508443 0.280108 2.43878 0.935759 0.351831 -0.0192493 0.0141585
-0.510699 0.277381 2.43891 0.936322 0.350251 -0.0191443 0.0160767
-0.513028 0.274655 2.43774 0.937354 0.347736 -0.0147337 0.0151595
-0.515248 0.272358 2.43802 0.938134 0.345578 -0.016449 0.0144866
-0.51726 0.270194 2.4385 0.938936 0.343366 -0.017386 0.0140497
-0.519055 0.268065 2.43798 0.939749 0.341195 -0.0156732 0.014584
-0.521155 0.265904 2.43944 0.940697 0.338543 -0.0162567 0.0146053
-0.523004 0.263447 2.43914 0.941308 0.336715 -0.0173698 0.0161593
-0.525026 0.260954 2.43975 0.94203 0.334719 -0.0178037 0.0150363
-0.52716 0.258445 2.44036 0.942838 0.332383 -0.0185935 0.01522
-0.528547 0.255231 2.43741 0.94348 0.330541 -0.0138538 0.0198873
-0.530762 0.252814 2.43996 0.944324 0.328113 -0.017054 0.0174105
-0.532435 0.250396 2.44004 0.945066 0.325944 -0.0189622 0.0158405
-0.53415 0.247834 2.44063 0.945726 0.324013 -0.0174798 0.0176507
-0.536018 0.24504 2.44132 0.94647 0.321828 -0.0188779 0.0162708
-0.538102 0.242339 2.44149 0.947273 0.319405 -0.0196683 0.0163574
-0.540076 0.239683 2.44093 0.947855 0.317688 -0.0164476 0.0193748
-0.542289 0.23713 2.44198 0.948569 0.315553 -0.0177191 0.0181437
-0.543876 0.234341 2.44134 0.949242 0.313432 -0.0181633 0.0192437
-0.545899 0.231706 2.44215 0.950084 0.310955 -0.0170591 0.0188679
-0.547988 0.229116 2.44338 0.950778 0.3088 -0.0184338 0.017983
-0.549819 0.226205 2.44337 0.951485 0.306592 -0.0185691 0.0182374
-0.551787 0.223086 2.44266 0.952139 0.30444 -0.0174384 0.021061
-0.553649 0.220132 2.44201 0.952882 0.302254 -0.0162029 0.0199114
-0.555383 0.217334 2.44205 0.953474 0.300371 -0.0156845 0.0204716
-0.557078 0.214635 2.44193 0.954127 0.298155 -0.0149048 0.0228866
-0.559464 0.212308 2.44439 0.955053 0.295358 -0.0169329 0.0186994
-0.561333 0.209894 2.4436 0.955761 0.292974 -0.0163043 0.0205082
-0.562951 0.207614 2.4426 0.956347 0.29108 -0.0129237 0.0225093
-0.565349 0.205226 2.44483 0.95721 0.288077 -0.016083 0.0223796
-0.566969 0.202899 2.44432 0.958164 0.285096 -0.0147724 0.0205869
-0.568201 0.200576 2.4435 0.958819 0.283021 -0.0147377 0.0186339
-0.569394 0.198197 2.44376 0.959524 0.280534 -0.0152883 0.0195025
-0.570685 0.195707 2.44435 0.960376 0.277612 -0.0156283 0.0191148
-0.572088 0.192882 2.44358 0.961027 0.275263 -0.013976 0.0214795
-0.574255 0.190315 2.44559 0.96185 0.272356 -0.016236 0.0200953
-0.575791 0.187523 2.44521 0.96259 0.269772 -0.0139415 0.0212024
-0.5769 0.185051 2.44476 0.963223 0.267623 -0.0144347 0.0192507
-0.577788 0.1824 2.44354 0.963862 0.265302 -0.0132607 0.020231
-0.5793 0.17953 2.4438 0.96446 0.263006 -0.0136988 0.0214006
-0.581137 0.176771 2.4455 0.965203 0.260361 -0.0135884 0.0202907
-0.58295 0.174163 2.44755 0.965868 0.257844 -0.0166801 0.01834
-0.584281 0.171263 2.44673 0.966216 0.256393 -0.0151644 0.0214166
-0.585735 0.168364 2.44606 0.96707 0.2532 -0.0159587 0.0202754
-0.587162 0.165512 2.44518 0.967768 0.250533 -0.0134824 0.0218452
-0.588806 0.162706 2.4461 0.968467 0.24787 -0.0138576 0.0209819
-0.590683 0.159912 2.44775 0.969222 0.244769 -0.0154779 0.021367
-0.592042 0.156678 2.44714 0.970029 0.241659 -0.0148406 0.0206264
-0.593725 0.153753 2.44736 0.970631 0.23924 -0.014478 0.0207562
-0.595494 0.151113 2.44874 0.97132 0.236718 -0.0128973 0.018293
-0.59635 0.147976 2.44689 0.971651 0.235031 -0.0135331 0.0217134
-0.598133 0.144985 2.44794 0.972284 0.232319 -0.0150643 0.0215694
-0.599966 0.142461 2.44995 0.972819 0.230146 -0.0163796 0.019693
-0.600404 0.139379 2.44594 0.973207 0.228559 -0.0116 0.0222415
-0.602116 0.136723 2.44829 0.973691 0.226315 -0.0141718 0.0225024
-0.603497 0.133921 2.44861 0.974347 0.223574 -0.0133867 0.0219805
-0.604647 0.130851 2.44769 0.974836 0.221388 -0.0138707 0.0221089
-0.60652 0.127918 2.44965 0.975433 0.218877 -0.0142479 0.0204956
-0.608056 0.125021 2.44992 0.975957 0.21633 -0.0146257 0.02226
-0.60963 0.121897 2.44995 0.976479 0.213832 -0.0137886 0.0239878
-0.610961 0.118767 2.45014 0.977082 0.2114 -0.0138377 0.0207245
-0.611651 0.115768 2.4487 0.97749 0.209623 -0.0136705 0.0196152
-0.612653 0.112738 2.44925 0.977795 0.208 -0.0145133 0.0210231
-0.614023 0.109773 2.45104 0.978281 0.20572 -0.0153085 0.0202779
-0.615007 0.106737 2.45018 0.97865 0.203746 -0.0144759 0.0228641
-0.61639 0.103733 2.45 0.979213 0.201076 -0.0139464 0.0227238
-0.61797 0.100713 2.44998 0.979753 0.198586 -0.0138154 0.02138
-0.619573 0.097664 2.45032 0.980272 0.195789 -0.0138397 0.023296
-0.621344 0.094944 2.45131 0.981042 0.19219 -0.0144713 0.0202353
-0.622804 0.0923646 2.45123 0.981568 0.189237 -0.0140285 0.0227556
-0.623815 0.0895352 2.45043 0.982215 0.186052 -0.0127073 0.0218282
-0.625146 0.0864653 2.45134 0.982968 0.182136 -0.0138038 0.0202599
-0.626541 0.0829876 2.45129 0.983497 0.179114 -0.0120371 0.0224965
-0.62792 0.0798619 2.45225 0.984099 0.176021 -0.0124115 0.0203067
-0.629077 0.0769456 2.4516 0.984461 0.173568 -0.010836 0.0243521
-0.630408 0.0740927 2.45236 0.985066 0.170417 -0.0123125 0.0212407
-0.631443 0.0712478 2.4517 0.98557 0.167726 -0.00995623 0.0205197
-0.632339 0.0684292 2.45063 0.98588 0.16551 -0.00935658 0.0236451
-0.633604 0.0656135 2.45203 0.986309 0.162938 -0.0103949 0.0231888
-0.635164 0.0630301 2.45528 0.986793 0.160103 -0.0138652 0.0203765
-0.635841 0.0603043 2.45431 0.987196 0.157553 -0.0134414 0.0209621
-0.63641 0.0574104 2.45279 0.987625 0.154978 -0.012199 0.0207382
-0.638663 0.0511522 2.45377 0.98844 0.149669 -0.0110588 0.021511
-0.63956 0.0483927 2.45393 0.988851 0.146859 -0.0121422 0.0214244
-0.640343 0.0457431 2.45339 0.989255 0.14433 -0.0117663 0.0201355
-0.641008 0.04287 2.4527 0.989562 0.141868 -0.0117321 0.0224335
-0.642535 0.0398206 2.45361 0.990068 0.138661 -0.0105997 0.0206291
-0.644025 0.0366811 2.45426 0.990417 0.135964 -0.0107716 0.0217375
-0.645314 0.0336963 2.45511 0.990728 0.133514 -0.010859 0.0226977
-0.646119 0.030778 2.45469 0.991074 0.131085 -0.0107533 0.0217428
-0.646752 0.0276115 2.45486 0.991345 0.128774 -0.0106993 0.023204
-0.647235 0.0243285 2.45449 0.991682 0.1263 -0.010938 0.0222632
-0.64792 0.021124 2.45473 0.991969 0.124068 -0.0100965 0.0224157
-0.648932 0.0180079 2.45635 0.992241 0.121705 -0.0116789 0.0225506
-0.649734 0.0148899 2.45687 0.992541 0.119193 -0.012144 0.0225553
-0.650266 0.0115354 2.4564 0.992809 0.116787 -0.0113298 0.0237137
-0.650891 0.00837864 2.45621 0.993177 0.114031 -0.0113194 0.0216578
-0.651162 0.00528091 2.45587 0.993378 0.112173 -0.0108647 0.0223464
-0.651951 0.00223138 2.4575 0.993627 0.110219 -0.0112883 0.0207429
-0.65271 -0.000811029 2.45768 0.993775 0.108425 -0.0113749 0.0229424
-0.653093 -0.00376142 2.45647 0.993991 0.106568 -0.0101238 0.0228531
-0.653933 -0.00686857 2.45754 0.994212 0.104451 -0.010486 0.0228419
-0.654289 -0.0101114 2.45695 0.994395 0.102495 -0.0104959 0.0237134
-0.654723 -0.0130651 2.45685 0.994574 0.100686 -0.0102737 0.024063
-0.655483 -0.0160072 2.45838 0.994815 0.0986397 -0.0111479 0.0221088
-0.65565 -0.0189304 2.45766 0.995024 0.096558 -0.0103528 0.0222743
-0.656166 -0.0222161 2.45769 0.995222 0.0944985 -0.0107315 0.0221136
-0.657099 -0.0255413 2.459 0.995387 0.0923193 -0.0112471 0.0235769
-0.657686 -0.0289121 2.45945 0.995651 0.0898338 -0.0107691 0.0221869
-0.657315 -0.031752 2.45734 0.995794 0.0880641 -0.010049 0.0231782
-0.65781 -0.0346977 2.45903 0.996027 0.0855772 -0.0109614 0.0220774
-0.657429 -0.037835 2.4579 0.996189 0.0833701 -0.00969842 0.0237366
-0.657687 -0.0409438 2.45858 0.996352 0.0811384 -0.0110746 0.0239971
-0.6581 -0.0440081 2.4593 0.996539 0.0787214 -0.01096 0.0243453
-0.658462 -0.0470742 2.45935 0.996762 0.0761863 -0.0105196 0.023454
-0.6586 -0.0502304 2.45868 0.996905 0.0738552 -0.00977007 0.0250924
-0.659364 -0.0533379 2.46037 0.997141 0.0708661 -0.0114144 0.0236178
-0.659673 -0.0563859 2.46009 0.997333 0.0685436 -0.00975287 0.0230893
-0.659513 -0.0596225 2.45897 0.997461 0.0656387 -0.0100026 0.0257387
-0.659836 -0.0633351 2.45964 0.997719 0.0625233 -0.00935801 0.0236838
-0.659927 -0.0668131 2.45994 0.997849 0.0599192 -0.0106743 0.0243603
-0.660085 -0.0698558 2.45994 0.997956 0.0583729 -0.00986161 0.0240652
-0.660131 -0.0732277 2.46003 0.998062 0.0565205 -0.0103375 0.0238749
-0.660401 -0.0764156 2.45944 0.998208 0.0544299 -0.00794872 0.0235756
-0.660903 -0.0794926 2.46068 0.998298 0.0522605 -0.0107137 0.023549
-0.661074 -0.0823741 2.46012 0.998381 0.050012 -0.0089338 0.0255629
-0.66168 -0.0852526 2.46077 0.998543 0.0469374 -0.0102951 0.0245599
-0.661872 -0.0882487 2.46021 0.998661 0.0451159 -0.0089409 0.0237016
-0.662306 -0.0915584 2.4611 0.998751 0.04279 -0.0100526 0.0237525
-0.662271 -0.09481 2.46008 0.998753 0.0410009 -0.00939515 0.0268768
-0.662729 -0.0981255 2.46126 0.998884 0.0384305 -0.0100418 0.0255647
-0.662974 -0.101356 2.4613 0.999006 0.0355119 -0.00858967 0.0255268
-0.662932 -0.104849 2.46148 0.999024 0.033181 -0.0105074 0.0271957
-0.662659 -0.107872 2.46072 0.999175 0.0308751 -0.0100085 0.0243993
-0.662656 -0.110808 2.46218 0.999205 0.0292961 -0.0110309 0.024691
-0.66205 -0.113783 2.46142 0.999246 0.0275941 -0.0103836 0.0252447
-0.662086 -0.117063 2.46276 0.999292 0.0253002 -0.0123518 0.0249451
-0.661582 -0.120315 2.46067 0.999348 0.0229523 -0.00978593 0.026083
-0.661372 -0.123718 2.46022 0.999282 0.0207214 -0.00988853 0.0301258
-0.661378 -0.126964 2.46027 0.999432 0.0175131 -0.0114721 0.0264172
-0.661908 -0.130329 2.46214 0.999484 0.015717 -0.0104196 0.0260166
-0.661655 -0.133588 2.46047 0.999503 0.0130117 -0.00763607 0.0276896
-0.661479 -0.137194 2.45967 0.999547 0.0105572 -0.00419588 0.027872
-0.663272 -0.141225 2.46652 0.999512 0.00977705 -0.0102864 0.0278318
-0.660609 -0.144537 2.45928 0.999513 0.00738288 -0.0119635 0.0278632
-0.662455 -0.148219 2.4658 0.999759 0.0033214 -0.0130332 0.0173264
-0.661245 -0.150743 2.459 0.999634 0.000122605 -0.00380159 0.0267811
-0.662227 -0.153976 2.46281 0.9996 -0.00284994 -0.00731207 0.0271589
-0.662913 -0.157414 2.46608 0.999691 -0.00536305 -0.0120498 0.0210582
-0.661764 -0.15998 2.46021 0.999622 -0.00727206 -0.00689264 0.0256173
-0.662427 -0.162931 2.46188 0.999487 -0.00954782 -0.00821837 0.0294481
-0.661984 -0.165611 2.45987 0.999514 -0.0117716 -0.00563017 0.0283006
-0.661945 -0.168778 2.46023 0.999512 -0.0143661 -0.00478685 0.0273324
-0.662014 -0.171934 2.46156 0.999462 -0.0173372 -0.00535526 0.0273389
-0.661869 -0.174911 2.46223 0.999411 -0.0200646 -0.00651332 0.0270725
-0.661631 -0.177751 2.46228 0.999331 -0.0225002 -0.00738706 0.0278763
-0.661304 -0.180704 2.46212 0.999314 -0.0254969 -0.00721334 0.0258828
-0.660994 -0.183623 2.46177 0.999285 -0.0279915 -0.00707407 0.024405
-0.660527 -0.186603 2.46168 0.999193 -0.0302238 -0.00651219 0.0256261
-0.659973 -0.189582 2.46149 0.999089 -0.0325825 -0.00650054 0.0267695
-0.659706 -0.192696 2.46204 0.999014 -0.0348604 -0.00558739 0.0269287
-0.659022 -0.195768 2.46096 0.998932 -0.0371957 -0.0053589 0.0268956
-0.658593 -0.199066 2.46077 0.998845 -0.0395575 -0.0053815 0.0267303
-0.658722 -0.202667 2.46246 0.998774 -0.0417646 -0.00628006 0.0258169
-0.658134 -0.205783 2.46197 0.998661 -0.0438918 -0.00631263 0.0266365
-0.657726 -0.208809 2.46256 0.998545 -0.0469055 -0.00623191 0.0258471
-0.656849 -0.211653 2.46091 0.998395 -0.0493363 -0.00492981 0.0273603
-0.656693 -0.214908 2.46195 0.998271 -0.0523156 -0.00517605 0.0262738
-0.655841 -0.218132 2.46019 0.998111 -0.0549343 -0.00367115 0.0272745
-0.65552 -0.221503 2.46096 0.997958 -0.0573574 -0.00429936 0.0277905
-0.655383 -0.224769 2.46248 0.997828 -0.0598763 -0.00594288 0.0268028
-0.654483 -0.227915 2.46163 0.997664 -0.0618147 -0.00519019 0.0286258
-0.653694 -0.231143 2.46089 0.997536 -0.0643596 -0.00469859 0.0275338
-0.653018 -0.234205 2.4605 0.99741 -0.0657684 -0.00389528 0.0288716
-0.653034 -0.237255 2.46306 0.997307 -0.068329 -0.00647778 0.0258321
-0.652199 -0.240045 2.46216 0.997131 -0.0703847 -0.00549738 0.0273039
-0.651789 -0.242937 2.46282 0.996962 -0.0730377 -0.00602255 0.0263672
-0.651112 -0.24598 2.46229 0.996812 -0.0747953 -0.00585879 0.0271357
-0.650018 -0.248885 2.4611 0.996661 -0.0766994 -0.00599398 0.0273608
-0.649791 -0.252271 2.46304 0.996448 -0.0794298 -0.00790268 0.0268232
-0.649004 -0.255472 2.46259 0.996254 -0.0817713 -0.00581524 0.0275403
-0.648233 -0.258981 2.46318 0.996075 -0.0836256 -0.00740445 0.0280332
-0.647272 -0.261973 2.46295 0.995953 -0.0857285 -0.00701166 0.0260536
-0.646321 -0.265046 2.46272 0.995817 -0.0869759 -0.00703671 0.0271011
-0.645587 -0.268267 2.46367 0.995601 -0.0896519 -0.00704526 0.0262822
-0.644629 -0.271274 2.46322 0.995408 -0.0914418 -0.00706507 0.0274159
-0.643795 -0.274359 2.46244 0.995193 -0.0938728 -0.0066464 0.0271206
-0.642954 -0.277525 2.46179 0.994949 -0.0960428 -0.00598995 0.028569
-0.642286 -0.280569 2.46193 0.994727 -0.0987622 -0.00609076 0.0269605
-0.641538 -0.283395 2.46165 0.994457 -0.1015 -0.00587963 0.0267976
-0.640963 -0.286382 2.46197 0.994133 -0.104611 -0.00573837 0.0268903
-0.640288 -0.289566 2.46225 0.993838 -0.107335 -0.00630233 0.0269435
-0.639836 -0.293108 2.46327 0.993415 -0.111073 -0.00633428 0.0273855
-0.638865 -0.296489 2.46332 0.993072 -0.114476 -0.00586828 0.025853
-0.637749 -0.299392 2.46251 0.992726 -0.117092 -0.00609316 0.0273506
-0.636492 -0.301834 2.46084 0.992422 -0.119324 -0.0050198 0.0288864
-0.635726 -0.304568 2.46103 0.992132 -0.122026 -0.00491608 0.0275557
-0.635343 -0.307476 2.46236 0.991827 -0.124814 -0.00560351 0.0258699
-0.635117 -0.310484 2.46414 0.991518 -0.127581 -0.00606706 0.0240566
-0.634198 -0.313124 2.46367 0.991166 -0.130175 -0.00664999 0.0244911
-0.633117 -0.315798 2.46254 0.990853 -0.132301 -0.0057882 0.025939
-0.632619 -0.318902 2.46352 0.990483 -0.135312 -0.00649742 0.0243428
-0.631783 -0.321827 2.4629 0.99013 -0.137777 -0.0058831 0.0250214
-0.63083 -0.324812 2.46313 0.989783 -0.140043 -0.0067732 0.025911
-0.630019 -0.327888 2.46305 0.989311 -0.143424 -0.00638432 0.0255285
-0.629095 -0.331179 2.46343 0.988845 -0.146474 -0.00611565 0.0263248
-0.627827 -0.334018 2.46294 0.988486 -0.148708 -0.00633119 0.0272091
-0.626908 -0.336727 2.46344 0.988155 -0.151626 -0.0061274 0.022845
-0.625652 -0.339562 2.46314 0.987726 -0.153901 -0.00722897 0.025699
-0.624499 -0.342419 2.46271 0.987365 -0.155932 -0.00766516 0.0271366
-0.62376 -0.345606 2.46391 0.986946 -0.158762 -0.00708987 0.0261026
-0.622575 -0.348616 2.4636 0.986548 -0.161315 -0.00730944 0.0254197
-0.621334 -0.351775 2.46362 0.986168 -0.16376 -0.00802055 0.0243141
-0.620073 -0.35498 2.4642 0.985736 -0.166145 -0.00844959 0.0254719
-0.618669 -0.357826 2.46325 0.985302 -0.168756 -0.00706918 0.025518
-0.617407 -0.360666 2.46315 0.984886 -0.171029 -0.00793405 0.0261929
-0.61626 -0.363681 2.46334 0.984353 -0.174102 -0.00784742 0.0259908
-0.615128 -0.367284 2.46441 0.983818 -0.177216 -0.0079025 0.0251772
-0.613655 -0.370464 2.46446 0.983436 -0.179327 -0.00832922 0.0250275
-0.612149 -0.373285 2.46376 0.982929 -0.182017 -0.00726311 0.0258522
-0.610959 -0.376175 2.4639 0.982545 -0.184325 -0.00648712 0.0242503
-0.609595 -0.379111 2.46295 0.982113 -0.186225 -0.00622067 0.0271016
-0.608951 -0.382303 2.46452 0.981732 -0.188621 -0.00679594 0.0240375
-0.607561 -0.385099 2.46401 0.981359 -0.190469 -0.00673194 0.0247096
-0.606491 -0.388014 2.46454 0.980859 -0.192964 -0.00722869 0.0250674
-0.605027 -0.390671 2.46414 0.980444 -0.194772 -0.00803422 0.0269919
-0.60415 -0.393433 2.46496 0.979962 -0.197424 -0.00785722 0.0252379
-0.602947 -0.39606 2.46462 0.979443 -0.200079 -0.00842281 0.0242807
-0.601986 -0.399068 2.46495 0.978895 -0.202619 -0.00834684 0.0253199
-0.601029 -0.402217 2.46611 0.978421 -0.205032 -0.00894664 0.0239666
-0.599386 -0.404654 2.46505 0.977869 -0.207625 -0.00870326 0.0242386
-0.597925 -0.40714 2.46504 0.977346 -0.209879 -0.00928524 0.0256811
-0.596678 -0.409727 2.46562 0.976748 -0.212899 -0.00841603 0.0237932
-0.595217 -0.412568 2.46535 0.976094 -0.2158 -0.00866243 0.0243941
-0.594203 -0.415737 2.46635 0.975499 -0.2185 -0.00879027 0.0241139
-0.592825 -0.418459 2.46582 0.974995 -0.220707 -0.00772939 0.0247817
-0.591644 -0.421222 2.46678 0.974409 -0.223413 -0.0092521 0.022968
-0.589623 -0.423487 2.46482 0.973848 -0.225713 -0.00782802 0.0247478
-0.58886 -0.4267 2.46817 0.973224 -0.228138 -0.0105494 0.0260229
-0.5868 -0.428995 2.46609 0.9726 -0.230999 -0.0081796 0.0249459
-0.585317 -0.431801 2.46658 0.972062 -0.233354 -0.00841372 0.0238757
-0.583786 -0.434575 2.46705 0.971441 -0.235819 -0.00886744 0.0247552
-0.581652 -0.437034 2.46549 0.970792 -0.238449 -0.00858334 0.0251148
-0.580095 -0.439791 2.4663 0.970274 -0.240566 -0.00879734 0.024865
-0.578205 -0.442537 2.46609 0.96984 -0.242357 -0.00779131 0.0247496
-0.576717 -0.445565 2.46698 0.969273 -0.244637 -0.00876201 0.024219
-0.575105 -0.448383 2.46658 0.968829 -0.246274 -0.00812123 0.0255721
-0.573355 -0.450553 2.46541 0.968277 -0.248523 -0.00722528 0.0249621
-0.571931 -0.45315 2.46575 0.967573 -0.251221 -0.00733023 0.0252537
-0.570194 -0.455659 2.46463 0.966929 -0.253639 -0.00712918 0.0257643
-0.568953 -0.458441 2.46566 0.966611 -0.254906 -0.00740858 0.0251277
-0.567257 -0.460897 2.46621 0.966096 -0.256867 -0.00862593 0.0245557
-0.565442 -0.463352 2.46707 0.965491 -0.259122 -0.00999529 0.0241411
-0.563339 -0.465725 2.46626 0.964954 -0.261129 -0.00902584 0.0243667
-0.561204 -0.46862 2.46573 0.964211 -0.263799 -0.00853299 0.0251725
-0.559114 -0.471228 2.46572 0.963725 -0.265554 -0.00890978 0.0252271
-0.55737 -0.473567 2.46604 0.963225 -0.26748 -0.0087731 0.0239902
-0.555419 -0.475925 2.46634 0.962727 -0.269256 -0.00950674 0.0238111
-0.553148 -0.478249 2.46561 0.96214 -0.271227 -0.00945559 0.0251725
-0.551252 -0.48103 2.46584 0.961572 -0.27324 -0.00962522 0.0250479
-0.549438 -0.48387 2.4664 0.961055 -0.275149 -0.00920911 0.0241042
-0.547278 -0.486294 2.46583 0.960438 -0.277242 -0.00964057 0.0245405
-0.545284 -0.48888 2.46578 0.959764 -0.279438 -0.00994549 0.0258553
-0.543226 -0.491548 2.46589 0.959099 -0.28172 -0.00996912 0.0257578
-0.541234 -0.494454 2.46645 0.958613 -0.283514 -0.0096511 0.0242589
-0.538597 -0.496986 2.46474 0.957781 -0.286227 -0.00897377 0.025466
-0.536902 -0.500604 2.4681 0.957207 -0.288087 -0.0128919 0.0243797
-0.534641 -0.502934 2.46657 0.956334 -0.291236 -0.00917615 0.022877
-0.532746 -0.505338 2.46627 0.95578 -0.292903 -0.0094489 0.024535
-0.530506 -0.507449 2.46488 0.955155 -0.294977 -0.00848403 0.0243979
-0.529085 -0.51015 2.46597 0.954442 -0.297302 -0.00893323 0.0239238
-0.527472 -0.512482 2.46618 0.953792 -0.29936 -0.00841889 0.0243818
-0.526052 -0.515054 2.4674 0.952895 -0.302254 -0.00880421 0.0235965
-0.523741 -0.516849 2.46471 0.952106 -0.304646 -0.00862585 0.0246951
-0.522238 -0.519589 2.4663 0.951414 -0.306839 -0.00982616 0.0237433
-0.520053 -0.521747 2.46462 0.95048 -0.30955 -0.00859145 0.0263233
-0.518533 -0.524391 2.46577 0.94961 -0.312453 -0.00861688 0.0232268
-0.516829 -0.526897 2.46598 0.948603 -0.315515 -0.00804436 0.0232169
-0.514715 -0.529529 2.46624 0.947674 -0.318244 -0.00874544 0.0236314
-0.512107 -0.531581 2.46451 0.946908 -0.320503 -0.00731602 0.0242745
-0.510229 -0.533594 2.46477 0.946193 -0.322745 -0.00751065 0.0223233
-0.507984 -0.535574 2.46476 0.945558 -0.324551 -0.00801808 0.0228642
-0.506082 -0.537923 2.46585 0.944691 -0.327097 -0.00812859 0.0223587
-0.503801 -0.540142 2.46506 0.943933 -0.329257 -0.00760211 0.022863
-0.501531 -0.542511 2.46405 0.943102 -0.33149 -0.00805699 0.0246814
-0.499643 -0.545456 2.46564 0.942347 -0.333876 -0.00739361 0.0212871
-0.497388 -0.547787 2.46503 0.941526 -0.3361 -0.00744711 0.0225749
-0.49535 -0.550014 2.46549 0.940596 -0.33867 -0.0077114 0.0228607
-0.493041 -0.551966 2.46411 0.939624 -0.3413 -0.00727561 0.0238233
-0.491047 -0.554445 2.46496 0.938772 -0.343762 -0.00708801 0.0219987
-0.488898 -0.557122 2.46476 0.937754 -0.346457 -0.00698713 0.0231405
-0.486375 -0.559778 2.4642 0.936742 -0.349063 -0.00737055 0.0248118
-0.484158 -0.562292 2.46465 0.93602 -0.351085 -0.00634529 0.0237676
-0.481959 -0.564645 2.4648 0.935212 -0.353247 -0.00637981 0.023535
-0.479586 -0.56693 2.46483 0.934451 -0.355247 -0.00720401 0.0234331
-0.47755 -0.569354 2.46561 0.933685 -0.357272 -0.00713721 0.0231994
-0.475279 -0.571384 2.46468 0.932872 -0.359336 -0.00686813 0.0240898
-0.473142 -0.573413 2.46428 0.932018 -0.361582 -0.00654129 0.0236103
-0.47127 -0.575956 2.46547 0.931355 -0.363354 -0.00718136 0.0223534
-0.468678 -0.577704 2.46383 0.930498 -0.365488 -0.00695627 0.0233297
-0.466384 -0.5796 2.4636 0.929401 -0.368332 -0.00599872 0.0225931
-0.464305 -0.582203 2.46495 0.928939 -0.369518 -0.00714521 0.0218721
-0.461701 -0.584095 2.46392 0.927682 -0.3726 -0.00692679 0.0229907
-0.459368 -0.5865 2.46474 0.927223 -0.373494 -0.0088338 0.0261162
-0.457664 -0.589101 2.46722 0.92634 -0.376207 -0.0068651 0.0177253
-0.45427 -0.590366 2.46482 0.925819 -0.376873 -0.0106607 0.0266719
-0.45306 -0.594191 2.47185 0.924933 -0.379295 -0.0121347 0.0220503
-0.449974 -0.595342 2.46655 0.923777 -0.382 -0.0106508 0.0244678
-0.446765 -0.596978 2.4626 0.923271 -0.382789 -0.00756233 0.0313883
-0.444919 -0.599383 2.46487 0.922389 -0.385137 -0.00816731 0.0282963
-0.44207 -0.600943 2.46303 0.921743 -0.386722 -0.00590039 0.0283153
-0.440412 -0.603785 2.4668 0.920734 -0.389419 -0.00767431 0.0232877
-0.437576 -0.605213 2.46367 0.919861 -0.39128 -0.00746955 0.0264483
-0.435211 -0.606978 2.46291 0.918708 -0.393957 -0.00693791 0.0269363
-0.432968 -0.608992 2.46329 0.917489 -0.396826 -0.00608528 0.0265645
-0.430732 -0.611318 2.46434 0.915993 -0.400295 -0.0062702 0.0260846
-0.428727 -0.613757 2.46613 0.9148 -0.403171 -0.00645085 0.0235188
-0.426071 -0.615278 2.46447 0.913779 -0.405501 -0.00523933 0.0234402
-0.424062 -0.617442 2.46616 0.912815 -0.407716 -0.00566966 0.022461
-0.421682 -0.619261 2.466 0.911913 -0.409615 -0.00609548 0.0243618
-0.419352 -0.620903 2.46547 0.911019 -0.411608 -0.00588317 0.0242516
-0.416797 -0.622321 2.46355 0.909994 -0.413688 -0.00524278 0.0273047
-0.41504 -0.624819 2.46523 0.908949 -0.416128 -0.00556669 0.02487
-0.413025 -0.626886 2.46557 0.907748 -0.418766 -0.0044866 0.0246856
-0.41071 -0.62873 2.46593 0.906975 -0.420431 -0.00577481 0.0245182
-0.408206 -0.630283 2.46583 0.905859 -0.422802 -0.00577406 0.0249839
-0.405668 -0.631974 2.46571 0.904749 -0.425244 -0.00478222 0.0239656
-0.403403 -0.63463 2.46737 0.903602 -0.42768 -0.0054632 0.0237365
-0.400766 -0.636749 2.4673 0.90243 -0.430199 -0.00495545 0.0228804
-0.398202 -0.638046 2.46573 0.901399 -0.432202 -0.0053012 0.0255563
-0.395724 -0.63945 2.46533 0.900411 -0.434314 -0.0047492 0.0246569
-0.393371 -0.641447 2.46616 0.899193 -0.436864 -0.00465417 0.0240685
-0.390561 -0.643107 2.46487 0.898307 -0.438605 -0.00460431 0.0254526
-0.38831 -0.645349 2.46652 0.897093 -0.441201 -0.00446464 0.0233555
-0.385848 -0.647439 2.46719 0.896038 -0.443271 -0.00549401 0.0244094
-0.383051 -0.649211 2.46687 0.894843 -0.445657 -0.00530862 0.0248659
-0.380254 -0.651153 2.46731 0.893616 -0.448162 -0.00531406 0.0239495
-0.377493 -0.653022 2.46735 0.892415 -0.450634 -0.00473311 0.0223912
-0.374756 -0.654975 2.46728 0.891307 -0.45269 -0.00549915 0.0247855
-0.371924 -0.657319 2.46838 0.889921 -0.455451 -0.0057856 0.0239034
-0.368753 -0.658951 2.46786 0.888655 -0.458008 -0.00431266 0.0224102
-0.366086 -0.660589 2.46759 0.887541 -0.460122 -0.00442014 0.0232252
-0.363322 -0.662151 2.46792 0.886715 -0.461758 -0.00460854 0.0222515
-0.360626 -0.663534 2.46711 0.885773 -0.463519 -0.00390028 0.0232717
-0.358105 -0.665397 2.4675 0.884782 -0.465425 -0.00366773 0.022962
-0.355647 -0.667256 2.46778 0.883768 -0.467334 -0.00430128 0.0231136
-0.352634 -0.668779 2.46655 0.882718 -0.469285 -0.00431702 0.0237126
-0.349872 -0.670607 2.46697 0.881755 -0.471148 -0.00331431 0.0227225
-0.347354 -0.67257 2.46797 0.880744 -0.473057 -0.00355983 0.0222221
-0.344741 -0.674372 2.46797 0.879517 -0.475374 -0.00269828 0.0215164
-0.342107 -0.67611 2.46786 0.878274 -0.477663 -0.00164479 0.0216998
-0.339278 -0.678053 2.46848 0.876809 -0.480292 -0.0027685 0.0227506
-0.336501 -0.679973 2.46896 0.875594 -0.482524 -0.00338799 0.0222394
-0.333846 -0.681557 2.46854 0.874597 -0.484356 -0.00375963 0.0215806
-0.331032 -0.682696 2.46784 0.873408 -0.4865 -0.00328171 0.0215833
-0.328496 -0.684474 2.47003 0.872038 -0.489079 -0.00310175 0.0184664
-0.325523 -0.685659 2.47015 0.870752 -0.491304 -0.0042592 0.0198376
-0.322642 -0.686858 2.46897 0.869219 -0.494044 -0.00246216 0.0193119
-0.319948 -0.688656 2.4691 0.867679 -0.496694 -0.00264522 0.0205297
-0.317152 -0.690268 2.46877 0.86629 -0.499097 -0.00262439 0.0209029
-0.314611 -0.692285 2.47028 0.864756 -0.501781 -0.00253383 0.0201555
-0.311963 -0.693812 2.46948 0.86315 -0.504566 -0.00177644 0.0195375
-0.309412 -0.695572 2.47052 0.861279 -0.507775 -0.00183241 0.0189898
-0.306424 -0.696975 2.46973 0.859689 -0.510403 -0.00154435 0.0204947
-0.303358 -0.698466 2.46964 0.85825 -0.512838 -0.00150644 0.0200434
-0.300634 -0.70026 2.47074 0.85691 -0.515124 -0.000168823 0.0187743
-0.297444 -0.701488 2.46975 0.855683 -0.517123 0.000379308 0.0197666
-0.294308 -0.703362 2.47041 0.854695 -0.518673 -0.000900672 0.0217654
-0.291559 -0.705232 2.47064 0.853524 -0.520619 -0.000283622 0.0212712
-0.289093 -0.707141 2.47231 0.852035 -0.523088 -0.000677041 0.02036
-0.286682 -0.708262 2.47104 0.850301 -0.525872 -0.00114583 0.0210903
-0.284246 -0.709692 2.47048 0.848741 -0.528401 -0.000602468 0.0207636
-0.281737 -0.711158 2.47087 0.847253 -0.530823 0.000460097 0.0197555
-0.279008 -0.712325 2.47029 0.846092 -0.532586 -0.000126737 0.0219095
-0.276257 -0.713462 2.47008 0.844667 -0.534931 0.00030345 0.0196655
-0.273491 -0.714971 2.4707 0.843174 -0.537291 -0.000742197 0.0193652
-0.270555 -0.716463 2.47053 0.841594 -0.539764 -0.000893173 0.019332
-0.267765 -0.717851 2.47049 0.840175 -0.541936 0.000263082 0.020269
-0.265116 -0.71918 2.47134 0.838991 -0.543764 -4.53595e-05 0.0203918
-0.262257 -0.720562 2.47225 0.837397 -0.5463 0.00156723 0.0178732
-0.259184 -0.722027 2.47241 0.8361 -0.548259 0.000599221 0.0186576
-0.255967 -0.723394 2.4723 0.834943 -0.550013 -0.000107758 0.0188921
-0.252969 -0.724862 2.47264 0.833524 -0.552181 0.00135969 0.0182487
-0.249919 -0.725765 2.47198 0.83212 -0.554232 0.00166161 0.0199962
-0.247042 -0.726957 2.47218 0.830713 -0.556366 0.00195951 0.0191818
-0.244067 -0.72825 2.4725 0.829419 -0.558298 0.00100503 0.0191525
-0.241228 -0.729982 2.4743 0.827818 -0.560764 0.00125068 0.0160972
-0.237812 -0.731234 2.47376 0.826666 -0.562403 -3.70105e-05 0.0180789
-0.234499 -0.732551 2.47351 0.824921 -0.564924 0.0017178 0.0190778
-0.231448 -0.733475 2.47321 0.823475 -0.567063 0.00245049 0.0179748
-0.228581 -0.734402 2.47321 0.822339 -0.568705 0.00110241 0.0182174
-0.225765 -0.735573 2.4737 0.821076 -0.57054 0.00091438 0.0178204
-0.222969 -0.736803 2.4736 0.819823 -0.572293 0.00164472 0.0191969
-0.220333 -0.737952 2.47356 0.818324 -0.574401 0.00156125 0.0201777
-0.217581 -0.738835 2.4735 0.817245 -0.575919 0.00225708 0.020559
-0.214752 -0.73931 2.47307 0.815554 -0.578308 0.00225792 0.020656
-0.211889 -0.739888 2.47285 0.814407 -0.579903 0.0007806 0.0212934
-0.20904 -0.740797 2.47356 0.813211 -0.581545 -9.99194e-05 0.0222293
-0.206163 -0.741472 2.47322 0.811528 -0.583933 0.0013323 0.0210473
-0.0209088 -0.770647 2.47435 0.719471 -0.694194 0.0097303 0.0189943
-0.0177455 -0.771061 2.47603 0.717418 -0.696398 0.0119756 0.0140734
-0.0145985 -0.771111 2.47616 0.715901 -0.698005 0.00924025 0.0137343
-0.0111939 -0.77161 2.47741 0.713623 -0.700383 0.00920678 0.0110376
-0.00791156 -0.770632 2.4735 0.711615 -0.702377 0.0128867 0.0101691
-0.00461655 -0.770199 2.47325 0.709688 -0.704161 0.0135387 0.0178009
-0.00180591 -0.769052 2.46953 0.708896 -0.704916 0.0155673 0.017802
0.00138679 -0.769246 2.47134 -0.705113 0.708774 -0.0196394 -0.00838253
0.00473247 -0.773122 2.48422 -0.706052 0.70806 -0.00844707 -0.00837791
0.00766295 -0.772488 2.48196 -0.703077 0.710932 -0.0137951 -0.00830745
0.0107132 -0.771625 2.47946 -0.702676 0.711299 -0.0140344 -0.0101012
0.0104583 -0.771028 2.47753 -0.701831 0.712069 -0.0171833 -0.00977265
0.00864703 -0.771559 2.47943 -0.701797 0.712128 -0.016734 -0.00862627
0.00828409 -0.771496 2.47922 -0.701436 0.71247 -0.017905 -0.00722459
0.00826001 -0.771621 2.47955 -0.701258 0.712639 -0.0184469 -0.00652941
0.00845187 -0.771497 2.47932 -0.701585 0.712334 -0.0168744 -0.00861128
0.00856648 -0.771659 2.47992 -0.701638 0.712289 -0.0163556 -0.00899183
0.00828273 -0.771255 2.47859 -0.701151 0.712734 -0.0186131 -0.0071161
0.00831228 -0.771675 2.48009 -0.701191 0.712729 -0.0174035 -0.00673586
0.00850564 -0.771537 2.47959 -0.70157 0.712359 -0.0168776 -0.00768384
0.00837223 -0.771468 2.47908 -0.701413 0.712486 -0.0181901 -0.00731917
0.00829862 -0.771379 2.47871 -0.701061 0.712804 -0.0195929 -0.00631648
0.00843286 -0.771254 2.47872 -0.701454 0.712453 -0.0174865 -0.00820435
0.00840537 -0.771466 2.47937 -0.701412 0.712504 -0.017096 -0.0081373
0.00839827 -0.771337 2.4789 -0.701278 0.712619 -0.018014 -0.00759685
0.00839672 -0.771136 2.4779 -0.701342 0.712533 -0.0189422 -0.00761606
0.00838139 -0.771337 2.47876 -0.701443 0.712455 -0.0179192 -0.00800204
0.00844197 -0.771698 2.48008 -0.70153 0.712405 -0.0166283 -0.00761788
0.00835945 -0.771528 2.47945 -0.70134 0.712565 -0.0177215 -0.00765632
0.00844384 -0.77133 2.47889 -0.701455 0.712454 -0.0174682 -0.00805816
0.0084443 -0.771455 2.47926 -0.701441 0.712469 -0.0174475 -0.00795824
0.00840669 -0.771553 2.47952 -0.701311 0.712596 -0.0179209 -0.00699736
0.0083583 -0.771566 2.47954 -0.701189 0.712704 -0.0183477 -0.00711276
0.00841771 -0.771567 2.4799 -0.701517 0.712424 -0.0162137 -0.00789363
0.00836985 -0.771337 2.47888 -0.701349 0.712558 -0.0176439 -0.00769983
0.00834668 -0.771537 2.47939 -0.701325 0.712579 -0.0180745 -0.0068781
0.00839158 -0.771737 2.48018 -0.701272 0.712641 -0.0173914 -0.00760127
0.00839591 -0.771735 2.48033 -0.701348 0.71258 -0.01678 -0.00768185
0.00840714 -0.771559 2.47958 -0.701462 0.712455 -0.0174092 -0.00749529
0.00839997 -0.771625 2.4798 -0.701442 0.71248 -0.0171697 -0.00754848
0.00835264 -0.771653 2.47988 -0.701268 0.712639 -0.017892 -0.00704551
0.00837325 -0.771403 2.47926 -0.701246 0.712668 -0.0176062 -0.00691782
0.00840713 -0.771598 2.47986 -0.701386 0.712538 -0.0171713 -0.00722985
0.00840694 -0.771487 2.4794 -0.701315 0.712596 -0.0174885 -0.00765255
0.00838875 -0.771446 2.47919 -0.701343 0.712562 -0.0178434 -0.00746267
0.00834828 -0.771949 2.48093 -0.701283 0.712641 -0.0172944 -0.00674312
0.00829338 -0.771423 2.4792 -0.701292 0.712615 -0.0178498 -0.00709508
0.00836936 -0.771282 2.47872 -0.701119 0.712768 -0.0183885 -0.00748744
0.0083468 -0.771585 2.47965 -0.701301 0.712612 -0.0175637 -0.00730988
0.00834897 -0.77169 2.47998 -0.701256 0.712661 -0.0174882 -0.00699823
0.00838972 -0.771474 2.4792 -0.701347 0.712552 -0.0179734 -0.00764372
0.00833643 -0.771437 2.47938 -0.701272 0.712637 -0.0175673 -0.00759934
0.00834797 -0.771345 2.47883 -0.701309 0.712582 -0.0180493 -0.00817844
0.00841412 -0.771422 2.47919 -0.701335 0.712571 -0.0177281 -0.00759965
0.008365 -0.771562 2.47958 -0.701409 0.712509 -0.0172455 -0.00761352
0.0083652 -0.771225 2.47856 -0.701251 0.712643 -0.0183453 -0.00710202
0.00832144 -0.771239 2.47874 -0.701231 0.712672 -0.0177333 -0.00766029
0.0083954 -0.771552 2.47967 -0.701479 0.712449 -0.0167655 -0.00782222
0.00835246 -0.771163 2.47822 -0.701246 0.712638 -0.0186419 -0.00739507
0.00841432 -0.771297 2.47873 -0.701291 0.712605 -0.0179369 -0.00796754
0.00835526 -0.771489 2.47932 -0.701285 0.712614 -0.0179747 -0.00760832
0.00838797 -0.771621 2.47984 -0.701291 0.712622 -0.0173776 -0.00771122
0.00843355 -0.77146 2.47949 -0.701406 0.712523 -0.0169176 -0.00745238
0.0082949 -0.771359 2.4791 -0.701204 0.712703 -0.0177424 -0.00720003
0.00837054 -0.771718 2.48009 -0.701366 0.712553 -0.0173994 -0.00708944
0.00838619 -0.77139 2.4789 -0.701441 0.712464 -0.0179215 -0.00736515
0.00835979 -0.77113 2.47826 -0.701258 0.712631 -0.0182839 -0.00772159
0.0083986 -0.771274 2.47886 -0.701359 0.712554 -0.0172855 -0.00795145
0.00842008 -0.771176 2.47847 -0.701295 0.712609 -0.0178303 -0.00752016
0.00836388 -0.771508 2.47953 -0.701428 0.712498 -0.0170475 -0.00741328
0.00838642 -0.771611 2.47974 -0.701371 0.712546 -0.0171086 -0.00798386
0.00845453 -0.771383 2.47906 -0.701438 0.712472 -0.0174594 -0.00794143
0.00839759 -0.771147 2.47849 -0.701333 0.712575 -0.0177006 -0.00746522
0.00838872 -0.771316 2.47875 -0.701301 0.712591 -0.0181352 -0.00789736
0.00838881 -0.771066 2.47793 -0.701157 0.712718 -0.0187279 -0.00778523
0.00836713 -0.770876 2.47741 -0.701212 0.712661 -0.018514 -0.00852999
0.00835509 -0.771563 2.47977 -0.701413 0.712512 -0.0170242 -0.00753206
0.00841859 -0.771173 2.47845 -0.701392 0.712515 -0.0175145 -0.00806069
0.00838218 -0.771257 2.47865 -0.701384 0.712524 -0.0175727 -0.00782395
0.00838948 -0.771095 2.47798 -0.701335 0.712551 -0.0181996 -0.0082698
0.00839866 -0.771137 2.47838 -0.701452 0.712458 -0.0171345 -0.00861738
0.00840533 -0.77132 2.47897 -0.701457 0.712461 -0.0170147 -0.00822637
0.00837853 -0.771048 2.47811 -0.701152 0.712739 -0.0182703 -0.00745875
0.00833019 -0.771527 2.47957 -0.701246 0.712662 -0.0175561 -0.00760708
0.0083899 -0.771764 2.48025 -0.701326 0.71259 -0.0173704 -0.00739087
0.00841667 -0.771397 2.47919 -0.701322 0.712591 -0.0174402 -0.00756007
0.00841861 -0.771573 2.47991 -0.701414 0.712512 -0.016786 -0.00789622
0.00836234 -0.771518 2.47972 -0.701426 0.712505 -0.0167064 -0.00761622
0.0083919 -0.770971 2.47782 -0.701341 0.712556 -0.017603 -0.00866591
0.00837238 -0.771579 2.47972 -0.701394 0.712522 -0.0174113 -0.00742938
0.00838796 -0.771087 2.47823 -0.701337 0.712562 -0.0175825 -0.0085267
0.00841809 -0.771221 2.4787 -0.701377 0.71253 -0.017195 -0.00864184
0.00847797 -0.771516 2.47968 -0.701538 0.7124 -0.0162072 -0.00821958
0.0084013 -0.770925 2.47775 -0.701357 0.712545 -0.0176993 -0.0080252
0.00840375 -0.771634 2.47986 -0.701372 0.712547 -0.0174181 -0.0071316
0.00839761 -0.771609 2.47972 -0.701388 0.712525 -0.0174644 -0.00765175
0.00835249 -0.771137 2.47838 -0.70125 0.712643 -0.0177834 -0.00855458
0.00834436 -0.77123 2.47871 -0.701124 0.712774 -0.0181225 -0.0071051
0.00844113 -0.77116 2.47841 -0.701381 0.712524 -0.0175468 -0.0081033
0.0084078 -0.77118 2.4783 -0.701466 0.712435 -0.0178041 -0.00804975
0.00841926 -0.771684 2.48021 -0.701427 0.712509 -0.0163284 -0.00801113
0.00846431 -0.771301 2.47893 -0.701417 0.712496 -0.0168649 -0.00891831
0.00840407 -0.770956 2.47792 -0.701156 0.712736 -0.0179378 -0.00812293
0.0084717 -0.771262 2.47886 -0.701574 0.712356 -0.0165393 -0.00829649
0.00839919 -0.770973 2.47768 -0.701428 0.71246 -0.0180005 -0.00871075
0.00846851 -0.77127 2.47867 -0.701526 0.712383 -0.0168835 -0.0093391
0.00843016 -0.771133 2.47851 -0.701308 0.712599 -0.0174272 -0.00805827
0.00844679 -0.771042 2.47824 -0.701396 0.712516 -0.0169664 -0.0087944
0.00843845 -0.771291 2.47897 -0.701324 0.712593 -0.0171153 -0.00792993
0.00841607 -0.770956 2.47753 -0.701356 0.712524 -0.0183262 -0.00854815
0.00845009 -0.771307 2.47882 -0.7015 0.712411 -0.0170298 -0.00883509
0.00846557 -0.771279 2.47896 -0.701342 0.712575 -0.0170058 -0.00823207
0.00831867 -0.771055 2.47824 -0.701178 0.712719 -0.0179054 -0.00780767
0.00834476 -0.771179 2.47854 -0.70113 0.712765 -0.0179762 -0.00770236
0.00839369 -0.771432 2.47929 -0.701391 0.712527 -0.0173351 -0.00739085
0.00837569 -0.771379 2.47925 -0.701347 0.712574 -0.01711 -0.00764606
0.00839947 -0.771534 2.47963 -0.701316 0.7126 -0.0172445 -0.00769651
0.00833934 -0.771271 2.47896 -0.701113 0.712789 -0.0178464 -0.00733224
0.00843363 -0.771458 2.47947 -0.701412 0.71251 -0.017087 -0.00764559
0.00834099 -0.771563 2.47986 -0.701308 0.712619 -0.0169802 -0.00725446
0.00843165 -0.771446 2.47939 -0.701312 0.712602 -0.0173137 -0.00770312
0.00843207 -0.771276 2.47866 -0.701384 0.712517 -0.0176373 -0.0082409
0.00841471 -0.771464 2.47963 -0.701302 0.712621 -0.0167051 -0.00824815
0.008355 -0.771349 2.47921 -0.701281 0.712633 -0.0171951 -0.00795166
0.00843525 -0.77169 2.48022 -0.701458 0.712471 -0.0166296 -0.00805068
0.00838425 -0.771446 2.47943 -0.701255 0.712658 -0.0176606 -0.00690759
0.00841027 -0.771581 2.47984 -0.70148 0.712453 -0.016569 -0.00791085
0.00842536 -0.771365 2.47922 -0.701381 0.712533 -0.0171847 -0.00813235
0.00846853 -0.771289 2.47903 -0.701504 0.712423 -0.0163577 -0.00880311
0.00842923 -0.771453 2.47936 -0.70134 0.71257 -0.0175134 -0.00769918
0.00836696 -0.771594 2.47993 -0.701374 0.712554 -0.0169118 -0.00743345
0.00838779 -0.770945 2.47784 -0.70138 0.712521 -0.017495 -0.00860097
0.0084859 -0.771636 2.47998 -0.701652 0.712288 -0.0162571 -0.00818765
0.00843816 -0.771224 2.47874 -0.701459 0.712461 -0.0169606 -0.00817039
0.00842954 -0.771526 2.47962 -0.701325 0.712587 -0.017172 -0.00829164
0.00842182 -0.771463 2.47949 -0.701382 0.712544 -0.0167663 -0.00792319
0.00838534 -0.771546 2.4798 -0.701294 0.712631 -0.0170647 -0.00726131
0.00836407 -0.771572 2.47993 -0.701319 0.712603 -0.0165682 -0.00854949
0.00838093 -0.771403 2.47933 -0.70125 0.712665 -0.0173928 -0.00737527
0.00842296 -0.771558 2.47968 -0.70138 0.712542 -0.0171035 -0.00759346
0.00843866 -0.771294 2.47876 -0.701386 0.712516 -0.0177575 -0.00795355
0.0084269 -0.771406 2.47935 -0.701324 0.712599 -0.0171939 -0.00722073
0.00838718 -0.771577 2.47987 -0.701482 0.712454 -0.0164774 -0.00778934
0.00837762 -0.771267 2.47897 -0.701477 0.712451 -0.0168739 -0.00771445
0.00830766 -0.771362 2.47894 -0.701201 0.712694 -0.018068 -0.0076272
0.00847202 -0.771607 2.47982 -0.70156 0.712372 -0.0167909 -0.00755462
0.00839489 -0.771512 2.47933 -0.701419 0.712487 -0.0176807 -0.00775128
0.00842435 -0.771064 2.47812 -0.701341 0.712553 -0.0179541 -0.00815522
0.00838672 -0.771036 2.4781 -0.701174 0.71271 -0.0183268 -0.00791758
0.00835918 -0.771726 2.48035 -0.701432 0.712506 -0.01689 -0.00658533
0.00837962 -0.771139 2.47837 -0.70131 0.712592 -0.0175077 -0.00833722
0.00834592 -0.771089 2.47826 -0.701162 0.712725 -0.0180482 -0.00829724
0.00837095 -0.771101 2.47831 -0.701233 0.712657 -0.017938 -0.0083882
0.00839671 -0.771486 2.4796 -0.701303 0.712619 -0.0171141 -0.00738081
0.00842351 -0.7713 2.47892 -0.701443 0.712477 -0.0170799 -0.00791158
0.00838407 -0.771632 2.4799 -0.701363 0.712562 -0.0171749 -0.00715369
0.008372 -0.771413 2.47917 -0.701271 0.712627 -0.0178283 -0.00800682
0.00845605 -0.771147 2.47849 -0.701404 0.7125 -0.0171633 -0.00904212
0.00834361 -0.771 2.47821 -0.701203 0.712694 -0.017803 -0.0079834
0.00835872 -0.771389 2.47908 -0.701359 0.712548 -0.0176588 -0.00768599
0.00833691 -0.771158 2.47838 -0.701306 0.712599 -0.0178941 -0.00726075
0.00846766 -0.77152 2.47936 -0.70149 0.712421 -0.0174706 -0.00793705
0.00837393 -0.771406 2.47945 -0.701336 0.712588 -0.0168577 -0.00789026
0.00839984 -0.77135 2.47922 -0.70144 0.712485 -0.0166621 -0.00834628
0.00836231 -0.771131 2.47853 -0.701151 0.712749 -0.017857 -0.00753139
0.00836288 -0.771103 2.47829 -0.701156 0.712734 -0.0184144 -0.00717321
0.00836883 -0.771545 2.47958 -0.70143 0.712486 -0.0172274 -0.00796824
0.0083354 -0.771233 2.47863 -0.701327 0.712574 -0.0177912 -0.00795491
0.00837099 -0.771374 2.47933 -0.701343 0.712579 -0.0166647 -0.00845755
0.00829572 -0.771082 2.47834 -0.701263 0.712637 -0.0178736 -0.00773076
0.00836692 -0.771224 2.47879 -0.701452 0.71247 -0.0169886 -0.00793356
0.00834663 -0.77118 2.47838 -0.701133 0.71275 -0.0184509 -0.0076529
0.00833149 -0.77127 2.47888 -0.701211 0.712695 -0.0176815 -0.00747165
0.00839996 -0.771353 2.47924 -0.701336 0.712586 -0.0170374 -0.00774715
0.00840118 -0.771314 2.47892 -0.701264 0.712641 -0.0177081 -0.00756187
0.00837751 -0.771277 2.47896 -0.701103 0.712794 -0.0176704 -0.00816193
0.00834383 -0.771496 2.47951 -0.70134 0.712577 -0.0171918 -0.00778797
0.00836251 -0.771746 2.4802 -0.701312 0.7126 -0.0174962 -0.00747307
0.0083713 -0.77118 2.47869 -0.701216 0.712689 -0.0175511 -0.00794037
0.00843189 -0.771406 2.47933 -0.701418 0.712499 -0.016956 -0.00841335
0.00839285 -0.771177 2.47863 -0.701302 0.712602 -0.0173372 -0.00861055
0.00842185 -0.771355 2.47917 -0.701365 0.712554 -0.0171232 -0.00777296
0.00833074 -0.771627 2.48008 -0.701208 0.712717 -0.0172592 -0.00657442
0.00833414 -0.771455 2.47937 -0.701272 0.712635 -0.0176902 -0.00749399
0.00846418 -0.771408 2.47939 -0.70147 0.712462 -0.0163949 -0.00832427
0.00838323 -0.771476 2.4794 -0.701418 0.712499 -0.0170534 -0.00812618
0.00837622 -0.771446 2.47954 -0.701224 0.712698 -0.0170415 -0.00754709
0.00844294 -0.77137 2.47918 -0.701327 0.712588 -0.0172802 -0.00775827
0.00837983 -0.771078 2.47813 -0.701155 0.712731 -0.0183838 -0.00765258
0.00847557 -0.771423 2.47919 -0.701493 0.712424 -0.0168055 -0.00872703
0.00842925 -0.771403 2.47919 -0.701333 0.712574 -0.0173818 -0.00826918
0.00834793 -0.771168 2.47869 -0.701331 0.71258 -0.0170979 -0.00843539
0.00841993 -0.77096 2.47796 -0.701364 0.712536 -0.0175607 -0.00849738
0.00843489 -0.771301 2.47892 -0.701427 0.712491 -0.0169139 -0.00840146
0.00842736 -0.771147 2.47823 -0.701413 0.712481 -0.0179468 -0.00830495
0.00839657 -0.771313 2.47886 -0.701377 0.712526 -0.017634 -0.00808995
0.00838223 -0.771026 2.47829 -0.701258 0.712644 -0.0173885 -0.00858917
0.00842584 -0.770985 2.4781 -0.70135 0.712556 -0.0175325 -0.0079668
0.0083754 -0.771364 2.47924 -0.701356 0.712567 -0.017032 -0.00757168
0.00837863 -0.771589 2.47977 -0.701302 0.712617 -0.0172495 -0.00739141
0.00843056 -0.771202 2.47846 -0.701363 0.712536 -0.017506 -0.00870218
0.00840411 -0.770924 2.47763 -0.701203 0.71267 -0.0183284 -0.00889467
0.00835904 -0.771229 2.47879 -0.701286 0.712626 -0.0172075 -0.00812156
0.00843323 -0.771441 2.47936 -0.701466 0.71246 -0.0168071 -0.00799683
0.00846544 -0.771297 2.47886 -0.701459 0.712455 -0.0173514 -0.00789436
0.00844659 -0.771407 2.47913 -0.701412 0.712494 -0.0172807 -0.00866201
0.00848134 -0.771568 2.47978 -0.701464 0.712462 -0.0166523 -0.0082554
0.00845562 -0.77145 2.4796 -0.701466 0.71247 -0.016201 -0.00834072
0.00840515 -0.770906 2.47772 -0.701191 0.712698 -0.0181842 -0.00789019
0.0083884 -0.771204 2.47867 -0.701396 0.712519 -0.0171845 -0.00804528
0.00839013 -0.77138 2.47928 -0.701331 0.712588 -0.0168653 -0.00833422
0.00840257 -0.771259 2.47887 -0.701392 0.712519 -0.0172568 -0.00830524
0.00838012 -0.771112 2.47851 -0.701434 0.712482 -0.0170505 -0.0082918
0.00841064 -0.77134 2.47923 -0.701318 0.712604 -0.0168143 -0.00813054
0.00840265 -0.771407 2.47934 -0.701411 0.712515 -0.016875 -0.00774506
0.00838956 -0.771456 2.47951 -0.701404 0.712522 -0.0169329 -0.00761135
0.00833813 -0.771459 2.47948 -0.701336 0.712588 -0.0171112 -0.00724884
0.00840004 -0.771232 2.47872 -0.701267 0.712641 -0.0174584 -0.00796307
0.00838393 -0.771495 2.4797 -0.701238 0.712683 -0.0171681 -0.00731366
0.00839561 -0.771113 2.47845 -0.70143 0.712486 -0.0172409 -0.00785287
0.00839457 -0.771327 2.4791 -0.701355 0.71256 -0.0170484 -0.00830446
0.00832213 -0.771387 2.4792 -0.701272 0.712642 -0.0174974 -0.00730827
0.00832035 -0.771192 2.47839 -0.701134 0.712751 -0.0185205 -0.00739263
0.00843663 -0.771254 2.47897 -0.701457 0.712465 -0.0166105 -0.00865091
0.00839118 -0.770941 2.47781 -0.701192 0.712692 -0.01809 -0.00850469
0.00842365 -0.771279 2.47892 -0.701474 0.712447 -0.0170575 -0.00794319
0.00840317 -0.770951 2.47789 -0.701253 0.712642 -0.0176031 -0.00869281
0.00838643 -0.771303 2.47904 -0.701359 0.712562 -0.0171033 -0.0076713
0.00840478 -0.770902 2.47774 -0.701446 0.712455 -0.0173435 -0.008987
0.00832673 -0.771172 2.47874 -0.701253 0.712654 -0.017468 -0.00795461
0.0083844 -0.770952 2.47793 -0.701267 0.712629 -0.0174789 -0.00893032
0.00836356 -0.771552 2.47982 -0.701309 0.712617 -0.0170063 -0.0072908
0.00831576 -0.771292 2.47895 -0.701142 0.71276 -0.0178954 -0.0072876
0.00840142 -0.771317 2.47887 -0.701377 0.712529 -0.0174155 -0.00829187
0.00836097 -0.771284 2.47895 -0.701393 0.712522 -0.0170429 -0.00838755
0.0083909 -0.770919 2.47781 -0.70126 0.712638 -0.0178424 -0.00791465
0.00832719 -0.771307 2.4792 -0.7013 0.71262 -0.0171495 -0.00752282
0.00844533 -0.771284 2.47889 -0.701453 0.712464 -0.0172089 -0.00799036
0.00838289 -0.771375 2.47924 -0.701332 0.712591 -0.0169594 -0.00779701
0.00841283 -0.771178 2.47866 -0.701381 0.712535 -0.0171119 -0.00814223
0.00842239 -0.771148 2.47846 -0.701423 0.712478 -0.0175701 -0.00849919
0.00831535 -0.771056 2.47822 -0.701181 0.712716 -0.0179846 -0.00759719
0.00838622 -0.770847 2.47759 -0.701196 0.712693 -0.0178574 -0.008592
