-0.00022574 0.000225979 0.000143692 2.59735e-05 -4.26194e-05 -1.47275e-05 1
-0.00022574 0.000225979 0.000143692 2.59735e-05 -4.26194e-05 -1.47275e-05 1
-0.00022574 0.000225979 0.000143692 2.59735e-05 -4.26194e-05 -1.47275e-05 1
-0.00022574 0.000225979 0.000143692 2.59735e-05 -4.26194e-05 -1.47275e-05 1
-0.00022574 0.000225979 0.000143692 2.59735e-05 -4.26194e-05 -1.47275e-05 1
-0.00022574 0.000225979 0.000143692 2.59735e-05 -4.26194e-05 -1.47275e-05 1
-0.00022574 0.000225979 0.000143692 2.59735e-05 -4.26194e-05 -1.47275e-05 1
-0.00022574 0.000225979 0.000143692 2.59735e-05 -4.26194e-05 -1.47275e-05 1
-0.00022574 0.000225979 0.000143692 2.59735e-05 -4.26194e-05 -1.47275e-05 1
0.000540994 -0.00047362 -0.000305957 -5.32854e-05 8.50967e-05 1.56065e-05 1
0.000540994 -0.00047362 -0.000305957 -5.32854e-05 8.50967e-05 1.56065e-05 1
0.000540994 -0.00047362 -0.000305957 -5.32854e-05 8.50967e-05 1.56065e-05 1
0.000540994 -0.00047362 -0.000305957 -5.32854e-05 8.50967e-05 1.56065e-05 1
0.000540994 -0.00047362 -0.000305957 -5.32854e-05 8.50967e-05 1.56065e-05 1
0.000540994 -0.00047362 -0.000305957 -5.32854e-05 8.50967e-05 1.56065e-05 1
0.00714095 -0.0023867 -0.00390506 -0.0013787 0.00187826 -0.000650889 0.999997
0.0136324 -0.0058322 -0.00293217 -0.000757231 0.00668765 -5.73682e-05 0.999977
0.0203938 -0.00638205 -0.00219691 -0.000416172 0.0142908 -7.6537e-05 0.999898
0.0271807 -0.00405394 0.000463221 0.000162431 0.0209141 0.000242832 0.999781
0.0398266 -0.00203076 -0.00176394 0.000214464 0.0282642 0.000468054 0.9996
0.0545312 0.000302378 -0.00478362 0.000110343 0.0365807 0.00141698 0.99933
0.0568221 0.00687701 -0.00372164 0.000355987 0.0415293 0.00101021 0.999137
0.0676523 0.0109971 -0.00306823 0.000861615 0.047118 -0.000287677 0.998889
0.0753021 0.0129466 -0.00265761 0.000792411 0.0534872 -0.00105514 0.998568
0.0893781 0.0114261 -0.00633798 0.000994316 0.0611159 -0.0010024 0.99813
0.0964048 0.0118024 0.000293573 0.00206304 0.0673006 -0.00184719 0.997729
0.10693 0.0198467 -0.00141239 0.00222382 0.0728391 -0.00146369 0.99734
0.113066 0.0131099 0.00231479 0.00307245 0.0822391 -0.00155671 0.996607
0.11485 0.0169202 0.00805872 0.00497158 0.0911399 -0.0017129 0.995824
0.124288 0.0172898 0.00886715 0.00538469 0.0989644 -0.00140462 0.995075
0.13233 0.0170627 0.00632163 0.00521133 0.106762 -0.000931563 0.99427
0.14346 0.0187494 0.0041451 0.00494114 0.11454 -0.000387665 0.993406
0.1494 0.0162822 0.00387631 0.00512288 0.122603 -0.000411162 0.992443
0.159058 0.0199189 0.00248252 0.00545603 0.129253 -0.000650177 0.991596
0.169323 0.0100524 0.00511897 0.00698342 0.138571 -8.19677e-06 0.990328
0.177677 0.0138319 0.00943731 0.00867021 0.145492 -0.00033305 0.989321
0.185011 0.0145468 0.00711667 0.00906802 0.153007 -0.000396499 0.988183
0.198685 0.0178805 0.00308064 0.008908 0.159406 -6.59568e-05 0.987173
0.207964 0.0209141 0.00138849 0.00917448 0.165528 0.000421143 0.986162
0.211351 0.0250286 0.00190976 0.00936519 0.171004 0.000125666 0.985226
0.214898 0.0288374 0.00464837 0.0107943 0.177959 7.25523e-05 0.983979
0.221383 0.0304057 0.00595898 0.0106455 0.186169 0.000364738 0.98246
0.229063 0.0371979 0.00390559 0.0108879 0.193745 0.000958639 0.980991
0.230073 0.0618432 0.00488293 0.0114858 0.198375 0.00105123 0.980058
0.236956 0.0686371 0.00797823 0.0124851 0.20707 0.000863656 0.978246
0.243092 0.0738025 0.0070522 0.0121257 0.214226 0.000170996 0.976709
0.248839 0.079527 0.00951347 0.0129547 0.220587 0.000620171 0.975281
0.254918 0.084131 0.0104767 0.0134179 0.227827 0.000831104 0.973609
0.26195 0.0948284 0.0150608 0.0143484 0.234638 -0.000183844 0.971977
0.269978 0.101096 0.0122859 0.0144711 0.241573 -0.000873051 0.970274
0.277907 0.10502 0.0166016 0.0155971 0.248939 -0.000805464 0.968393
0.29324 0.113477 0.0112139 0.0148171 0.260332 -0.000354599 0.965405
0.299079 0.116924 0.00987232 0.0155086 0.267592 -0.000476542 0.963407
0.305852 0.119326 0.0113415 0.0162204 0.274464 -9.48117e-05 0.961461
0.314219 0.127162 0.0104676 0.0158214 0.282028 2.32965e-05 0.959276
0.321818 0.127959 0.0107914 0.016167 0.291074 -1.62915e-05 0.956564
0.332795 0.130212 0.00894143 0.0158816 0.300285 0.000699249 0.953717
0.34473 0.133257 0.00581344 0.0155523 0.309334 0.00202006 0.950824
0.349969 0.13684 0.00938526 0.0163012 0.316464 0.00197887 0.948462
0.35728 0.141247 0.00861324 0.0163392 0.323095 0.00195238 0.946224
0.363357 0.145188 0.00936217 0.0165928 0.331367 0.00254067 0.943353
0.368556 0.148051 0.00792958 0.0164507 0.337898 0.00260932 0.941035
0.372627 0.15042 0.00716367 0.0163467 0.343722 0.00202481 0.938927
0.377008 0.15866 0.00606879 0.0160026 0.348852 0.00157542 0.93704
0.38164 0.166289 0.00707994 0.0164356 0.355133 0.00146861 0.93467
0.387832 0.176784 0.0026362 0.0145423 0.359919 0.00109336 0.93287
0.403607 0.187214 0.00112864 0.0145893 0.369693 0.000903499 0.929039
0.410174 0.199465 -0.00412484 0.0139454 0.376256 0.0022199 0.926408
0.41807 0.204965 -0.00433171 0.0148982 0.385197 0.00331207 0.922708
0.423169 0.210195 -0.00429837 0.0153721 0.391949 0.00369762 0.919851
0.427715 0.215081 -0.00318271 0.0159306 0.399159 0.00418227 0.916734
0.434526 0.222627 -0.00155352 0.0164355 0.406546 0.0041158 0.913473
0.437286 0.229039 -0.0007046 0.0174802 0.412481 0.00414718 0.910789
0.441503 0.232514 0.000329824 0.0177531 0.419818 0.00400732 0.907426
0.448611 0.238305 -0.00283159 0.0171601 0.426839 0.00409229 0.904155
0.451365 0.242973 0.00108604 0.018221 0.43341 0.00342723 0.901006
0.45677 0.252728 -0.00465477 0.0180222 0.440347 0.00473978 0.897634
0.461861 0.260325 -0.00704982 0.0183252 0.446354 0.00506111 0.894654
0.467056 0.267246 -0.00691334 0.0182763 0.452441 0.00509364 0.891593
0.472202 0.27656 -0.00998629 0.0175528 0.457639 0.00526085 0.888949
0.478266 0.285236 -0.00926406 0.0181546 0.463852 0.00540261 0.88571
0.483726 0.291319 -0.0106564 0.0188094 0.471442 0.00598031 0.881676
0.488701 0.29947 -0.01307 0.0191348 0.478394 0.00693496 0.87791
0.494447 0.307895 -0.0140375 0.0187046 0.486023 0.00658941 0.873721
0.498501 0.315545 -0.0140795 0.0190965 0.493864 0.00712333 0.8693
0.502676 0.322327 -0.014 0.0197445 0.500671 0.00783333 0.865377
0.505746 0.325319 -0.0087984 0.0207332 0.506583 0.00707631 0.861913
0.509903 0.334498 -0.0109917 0.0198146 0.512873 0.00744316 0.858204
0.51583 0.344333 -0.0141616 0.0195912 0.520007 0.00772763 0.853902
0.519585 0.350168 -0.0123348 0.0194835 0.526337 0.00730202 0.850021
0.522807 0.35589 -0.0110162 0.0196512 0.532591 0.00697962 0.846116
0.530261 0.372557 -0.0189193 0.0182787 0.539173 0.00782208 0.84196
0.531284 0.378705 -0.0139098 0.019792 0.545651 0.00666415 0.837752
0.535811 0.388134 -0.0152449 0.0194461 0.551453 0.00713382 0.833949
0.539277 0.392793 -0.0138191 0.0191663 0.557832 0.0070572 0.829703
0.542973 0.399515 -0.0124422 0.0197118 0.565896 0.00724358 0.824209
0.544861 0.409587 -0.0126858 0.0201297 0.573568 0.00762422 0.818875
0.548473 0.422601 -0.0143683 0.0196781 0.580255 0.00853584 0.814153
0.550805 0.430556 -0.0128782 0.0209033 0.587149 0.00921266 0.809157
0.554015 0.438354 -0.0127673 0.0206741 0.594228 0.00929163 0.803978
0.555541 0.440609 -0.013017 0.0207138 0.598075 0.00935612 0.801117
0.556976 0.449841 -0.0139408 0.0211511 0.605743 0.00979351 0.795319
0.559145 0.455543 -0.0132646 0.0223652 0.612036 0.00962167 0.790455
0.562631 0.469071 -0.0171192 0.0220361 0.618025 0.00977972 0.785789
0.566255 0.478984 -0.0181864 0.0223154 0.624366 0.010571 0.780741
0.569544 0.488694 -0.0207678 0.0215122 0.630801 0.0106156 0.775573
0.565485 0.498227 -0.0257845 0.0209315 0.635757 0.0113734 0.771521
0.566759 0.50974 -0.0296879 0.0202298 0.640968 0.0119972 0.767207
0.56692 0.523154 -0.0312829 0.0203569 0.649972 0.012244 0.759587
0.567901 0.532552 -0.0338839 0.0203096 0.656066 0.0122836 0.75433
0.570681 0.536728 -0.0331478 0.0212128 0.659093 0.0123045 0.751662
0.573352 0.547635 -0.0332454 0.0215793 0.667389 0.0122392 0.744296
0.576518 0.556995 -0.0335286 0.0220096 0.673806 0.0123407 0.738477
0.576841 0.569109 -0.0348377 0.0220571 0.6779 0.0119503 0.734726
0.576957 0.577364 -0.0348259 0.0221306 0.683233 0.0115785 0.729773
0.579665 0.589535 -0.0359389 0.0222774 0.688958 0.0110546 0.724374
0.580837 0.602116 -0.0393611 0.0223837 0.695461 0.0109764 0.718131
0.580769 0.610291 -0.0374676 0.022926 0.700288 0.0106055 0.713413
0.582841 0.619828 -0.0370211 0.0234578 0.705213 0.0106298 0.708528
0.583918 0.627256 -0.0354205 0.0238631 0.710105 0.00961044 0.703626
0.585419 0.637533 -0.0375533 0.0245727 0.716297 0.0103777 0.697286
0.584074 0.6474 -0.0368057 0.0240191 0.721443 0.0105421 0.691977
0.585538 0.653133 -0.035467 0.0245234 0.727697 0.0103562 0.685382
0.585763 0.657554 -0.0322839 0.0248478 0.733585 0.00964318 0.679074
0.585832 0.66689 -0.0306736 0.0255358 0.740058 0.00943307 0.671992
0.583242 0.674986 -0.0292697 0.0260974 0.745622 0.00897952 0.665798
0.580099 0.685336 -0.0300062 0.0263696 0.750009 0.00909981 0.660839
0.576457 0.692871 -0.0277539 0.0260257 0.754881 0.008375 0.655292
0.567743 0.697738 -0.0176937 0.0278415 0.759179 0.00724585 0.650246
0.566331 0.70879 -0.0218094 0.0267507 0.763946 0.00769278 0.644679
0.564334 0.718531 -0.023578 0.026682 0.768737 0.00787744 0.63896
0.563329 0.727762 -0.0230506 0.0266583 0.773586 0.00781806 0.633082
0.562571 0.736474 -0.0203514 0.0273038 0.778859 0.00735084 0.626561
0.561895 0.743353 -0.0154139 0.0280021 0.783169 0.00653755 0.621144
0.56129 0.75037 -0.0109421 0.0281844 0.787411 0.00562045 0.615759
0.560408 0.75861 -0.00993889 0.0280894 0.792158 0.00606561 0.60964
0.560577 0.766963 -0.0122583 0.0277721 0.797815 0.00693634 0.602222
0.556451 0.776838 -0.0126948 0.027907 0.80316 0.00717643 0.595066
0.552666 0.787941 -0.0149253 0.0283123 0.808541 0.00839764 0.587698
0.547998 0.796955 -0.016872 0.0269997 0.813307 0.00902172 0.581137
0.544096 0.807553 -0.0193535 0.0266269 0.818418 0.00990522 0.573921
0.540085 0.815687 -0.0194209 0.026113 0.823433 0.00999461 0.566725
0.536512 0.82431 -0.0199718 0.0251496 0.827463 0.00975278 0.560872
0.532724 0.836836 -0.0209349 0.0244951 0.833873 0.00927803 0.551334
0.52815 0.845336 -0.0213859 0.0241766 0.838376 0.00908727 0.54448
0.522642 0.850596 -0.0204931 0.0240486 0.841773 0.00901956 0.53922
0.51734 0.859365 -0.0167793 0.0249686 0.845024 0.00841564 0.534079
0.51095 0.869762 -0.0188892 0.0246171 0.848544 0.00846251 0.528484
0.505254 0.876094 -0.0163703 0.0253127 0.852348 0.00827972 0.522297
0.501506 0.882856 -0.0148027 0.0258312 0.85687 0.00738959 0.514832
0.505568 0.8933 -0.010059 0.0268373 0.861228 0.00671143 0.507466
0.497975 0.903774 -0.0125415 0.0257186 0.866433 0.00712567 0.498579
0.493112 0.915639 -0.0114989 0.0254704 0.870017 0.00686794 0.492316
0.48789 0.918503 -0.00974746 0.0257201 0.873029 0.00592483 0.486953
0.483276 0.919189 -0.00520875 0.0273268 0.876211 0.00558744 0.481119
0.478847 0.923517 -0.00339111 0.0276752 0.879329 0.00529251 0.47538
0.471769 0.932522 -0.00416853 0.0280497 0.882834 0.00518424 0.468818
0.465099 0.943588 -0.00911494 0.0282389 0.885848 0.00599759 0.463077
0.460779 0.949526 -0.00810079 0.028415 0.888601 0.00551964 0.457768
0.457704 0.953742 -0.00942181 0.0281574 0.891066 0.00563832 0.452965
0.451625 0.965149 -0.00719567 0.0287176 0.894649 0.00529169 0.445814
0.444955 0.975634 -0.00654843 0.0296706 0.900051 0.00592098 0.434734
0.436898 0.983928 -0.00898465 0.0296764 0.903618 0.00676396 0.427257
0.431445 0.989664 -0.00857127 0.029855 0.907366 0.00691893 0.419223
0.425855 0.998143 -0.00791578 0.0301643 0.910863 0.00672349 0.41155
0.420009 1.0012 -0.00744629 0.0299609 0.913173 0.00657509 0.406416
0.415366 1.00724 -0.00583956 0.029764 0.916209 0.00628288 0.399544
0.408844 1.01497 -0.00634765 0.0294123 0.919215 0.00649125 0.392602
0.399716 1.02511 -0.00883677 0.0294943 0.922268 0.0065071 0.385369
0.390397 1.0273 -0.0102645 0.0289984 0.924389 0.00671728 0.380287
0.384268 1.03375 -0.0071604 0.0296208 0.928271 0.00612654 0.370673
0.376027 1.04093 -0.00823899 0.0298956 0.931044 0.00630853 0.363626
0.365611 1.04249 -0.00647454 0.0301554 0.93292 0.00551396 0.358775
0.36038 1.05047 -0.00586863 0.0301508 0.935497 0.00551785 0.352002
0.351165 1.05827 -0.00903766 0.0299286 0.938142 0.00665385 0.344891
0.344826 1.06339 -0.00822038 0.0300359 0.940967 0.00664136 0.337098
0.337024 1.06731 -0.00822703 0.0294978 0.943404 0.00656715 0.330267
0.328874 1.07327 -0.00876361 0.0300372 0.94589 0.00676799 0.323023
0.321652 1.07521 -0.00745635 0.0298271 0.948296 0.00709858 0.315902
0.30863 1.08365 -0.0083129 0.0295853 0.950836 0.00729391 0.308194
0.29577 1.08818 -0.0117919 0.0285891 0.952914 0.0081132 0.301782
0.289529 1.09448 -0.0124365 0.0283985 0.955021 0.00770883 0.295073
0.283952 1.09926 -0.00953741 0.0280662 0.957212 0.00680285 0.287942
0.273563 1.10165 -0.00840425 0.0281803 0.959242 0.00697641 0.281092
0.262911 1.10372 -0.00929857 0.02738 0.960928 0.00722039 0.275348
0.25643 1.10693 -0.00635964 0.0275421 0.962679 0.00650943 0.269161
0.246136 1.11053 -0.0082878 0.0276279 0.964575 0.00701455 0.262265
0.242287 1.11604 -0.00717636 0.0278942 0.966986 0.00690807 0.253205
0.237107 1.11866 -0.00631271 0.0283111 0.969204 0.00619635 0.244549
0.226493 1.12692 -0.00730751 0.0282763 0.972157 0.00636469 0.232531
0.218012 1.13112 -0.00725895 0.0287739 0.974125 0.00623639 0.224084
0.210069 1.13465 -0.00545902 0.0285068 0.976154 0.00572888 0.215123
0.205217 1.13831 -0.00506728 0.0283104 0.977499 0.00570131 0.208956
0.193486 1.14261 -0.00805899 0.0289208 0.979096 0.00684576 0.201214
0.183054 1.14084 -0.00916813 0.0282111 0.980357 0.00708825 0.195073
0.175123 1.14096 -0.00612232 0.0280865 0.98179 0.00599967 0.187785
0.165551 1.14416 -0.00737424 0.0289055 0.982908 0.00580166 0.181722
0.157671 1.14442 -0.00391057 0.0287174 0.983791 0.00460988 0.176946
0.151936 1.14798 -0.00292873 0.029094 0.984872 0.0044592 0.170768
0.145714 1.15237 -0.000112945 0.0285242 0.986059 0.00337501 0.163896
0.132883 1.15177 0.000159482 0.0278871 0.986954 0.00333474 0.158535
0.133617 1.15428 0.00106994 0.028746 0.98766 0.00312045 0.153919
0.121243 1.15549 0.00183859 0.0291702 0.989265 0.00289877 0.14316
0.11556 1.15723 -8.5903e-05 0.0290051 0.989845 0.00341392 0.139119
0.106955 1.15843 -0.00221616 0.0294243 0.990829 0.00400127 0.131817
0.0971054 1.15922 -0.00196796 0.0296512 0.991638 0.0040348 0.125537
0.0906302 1.16156 -4.6177e-05 0.0290918 0.992558 0.00373729 0.118191
0.0841676 1.16313 0.00409533 0.0297132 0.993436 0.00320072 0.110418
0.0741743 1.16361 0.00371044 0.0284882 0.994177 0.00284435 0.103886
0.0635693 1.16397 0.000596707 0.0284137 0.994822 0.00374026 0.0975079
0.0496161 1.16454 -0.00497941 0.0280795 0.995444 0.00525292 0.0909734
0.0469809 1.16835 -0.00442455 0.027658 0.996147 0.00509287 0.0830727
0.033167 1.17206 -0.00730306 0.0281452 0.996777 0.00600105 0.0748783
0.030733 1.17316 -0.00738149 0.0278166 0.997035 0.00605731 0.0714887
0.0236107 1.17061 -0.00407898 0.0273549 0.99741 0.00554905 0.0662928
0.0140143 1.17192 -0.00661087 0.0262815 0.997879 0.00634026 0.0592195
0.00862889 1.17334 -0.0021904 0.0266518 0.998341 0.00576149 0.0507111
-0.00229642 1.17563 -0.00649019 0.0268775 0.998732 0.00699695 0.0419827
-0.0103376 1.17704 -0.00575365 0.0268186 0.999044 0.00714507 0.0337853
-0.0160457 1.17171 1.80144e-05 0.0259499 0.999271 0.0061706 0.0273281
-0.022979 1.17168 0.00380161 0.025032 0.999477 0.00560216 0.0196908
-0.0243914 1.17195 0.00664913 0.0260406 0.999544 0.00434118 0.0146429
-0.0346872 1.17718 0.00387153 0.0261667 0.99963 0.00520232 0.00531093
-0.0412391 1.17286 0.00517029 0.026378 0.999643 0.00427451 9.64596e-05
-0.0503268 1.16832 0.00378639 0.0267608 0.999614 0.00501537 -0.00559655
-0.0593927 1.16673 0.00304027 0.0257349 0.999576 0.00558632 -0.0124567
-0.064271 1.16747 0.00399244 0.0257312 0.999525 0.0055673 -0.0160235
-0.0766826 1.17342 -0.000610132 0.0288632 0.999238 0.00719034 -0.025253
-0.0883004 1.17358 0.00272777 0.0294781 0.999007 0.00628982 -0.0328185
-0.0970389 1.17383 0.00380743 0.0296873 0.998722 0.00573388 -0.0405046
-0.105419 1.17146 0.00265294 0.0290495 0.998587 0.00580599 -0.0441164
-0.115348 1.17003 -0.00251121 0.0295357 0.998149 0.00705897 -0.0526827
-0.123865 1.16671 -0.000960985 0.0295364 0.99774 0.00660188 -0.0599835
-0.130479 1.16597 0.00120693 0.0299086 0.997457 0.00661174 -0.0643455
-0.13962 1.16264 0.00104888 0.0286297 0.996996 0.00717807 -0.0716052
-0.149857 1.16201 0.00404526 0.0295307 0.996347 0.00568722 -0.0799239
-0.157208 1.16097 0.00604893 0.0293004 0.995743 0.00506832 -0.0872424
-0.161034 1.15999 0.00658403 0.0289392 0.995422 0.00498972 -0.090951
-0.169056 1.15518 0.00708447 0.0288838 0.994731 0.00504948 -0.0982332
-0.179138 1.15154 0.00848517 0.028955 0.993843 0.00440965 -0.106858
-0.180822 1.14712 0.0106207 0.0279849 0.993568 0.00393122 -0.109653
-0.188202 1.14407 0.0142149 0.027626 0.99284 0.00290881 -0.116181
-0.198221 1.14079 0.015003 0.026899 0.992098 0.00261096 -0.122522
-0.207833 1.13889 0.015298 0.0278277 0.991223 0.00240832 -0.129216
-0.214301 1.13802 0.0144243 0.028425 0.990552 0.00294423 -0.134129
-0.22322 1.13259 0.0166464 0.0285741 0.989523 0.00289296 -0.141489
-0.230468 1.12871 0.0164225 0.0281235 0.988438 0.00332825 -0.148956
-0.237907 1.12958 0.0129222 0.0289254 0.987691 0.00447518 -0.153653
-0.248536 1.12715 0.01381 0.0290274 0.986457 0.00453021 -0.161365
-0.258687 1.12459 0.0152995 0.0299106 0.984913 0.003057 -0.170416
-0.263005 1.12363 0.0134375 0.0309781 0.98415 0.00376455 -0.174571
-0.271835 1.12229 0.0152593 0.0313506 0.982866 0.00270444 -0.181613
-0.28402 1.11982 0.0129582 0.0312354 0.981386 0.00347582 -0.189458
-0.289233 1.11801 0.0111607 0.0310894 0.980729 0.00430722 -0.192834
-0.298647 1.11406 0.0103257 0.0305693 0.97942 0.00422459 -0.199459
-0.305827 1.11083 0.0137763 0.0297676 0.978112 0.00299623 -0.205917
-0.315403 1.10688 0.0118284 0.0296668 0.976729 0.00355874 -0.212384
-0.316549 1.10512 0.0116943 0.0293795 0.976115 0.00361898 -0.21523
-0.32482 1.09756 0.0115801 0.0288788 0.974759 0.00338906 -0.22136
-0.339594 1.0959 0.0143747 0.0297685 0.972838 0.00191896 -0.229557
-0.342366 1.09124 0.0127085 0.0298158 0.972176 0.00224337 -0.232334
-0.349839 1.09034 0.0138936 0.0306049 0.970418 0.00143376 -0.23948
-0.357179 1.08672 0.0145517 0.0305214 0.968622 0.00135756 -0.246653
-0.362192 1.08418 0.015304 0.0303298 0.967607 0.0013134 -0.25063
-0.371459 1.07897 0.0150522 0.0303222 0.965524 0.0013985 -0.258539
-0.37814 1.07288 0.0115074 0.0303495 0.963677 0.00284217 -0.265325
-0.376394 1.06885 0.0162398 0.0295834 0.962035 0.00209369 -0.271311
-0.380267 1.06392 0.017321 0.0285547 0.960079 0.00241953 -0.278257
-0.382443 1.06357 0.0198671 0.028368 0.958578 0.00126663 -0.28341
-0.392315 1.05891 0.0196404 0.0284058 0.95637 0.00136383 -0.290772
-0.405277 1.05471 0.023717 0.0284622 0.95419 -0.000435481 -0.297843
-0.411331 1.05393 0.0254941 0.028546 0.952952 -0.00104281 -0.301773
-0.422826 1.04856 0.0259809 0.0286002 0.95047 -0.00113384 -0.309495
-0.427426 1.04301 0.0273023 0.0282226 0.948242 -0.00116407 -0.31629
-0.430081 1.04059 0.0277901 0.0275247 0.947296 -0.000828022 -0.319175
-0.439191 1.03334 0.0264783 0.0274996 0.945241 -0.000625261 -0.325213
-0.447331 1.02593 0.0250901 0.0264075 0.942857 0.000605084 -0.33215
-0.455163 1.0196 0.0255078 0.0269002 0.940091 0.00082278 -0.339859
-0.45712 1.01637 0.0267831 0.0262297 0.938512 0.000334863 -0.344247
-0.463038 1.00836 0.0274914 0.0265653 0.935758 -5.95021e-05 -0.351642
-0.4675 1.00508 0.0283246 0.0263706 0.932954 0.00052125 -0.359027
-0.472352 1.00131 0.0310315 0.0269363 0.930078 -4.41609e-06 -0.366373
-0.470086 0.999482 0.0332448 0.0267372 0.928798 -0.000380673 -0.36962
-0.478104 0.991675 0.0327032 0.0260587 0.92641 -2.13619e-05 -0.375614
-0.485921 0.983854 0.0305527 0.0263087 0.923289 0.000257572 -0.383205
-0.493688 0.978258 0.0286937 0.0264243 0.920007 0.000400166 -0.391011
-0.493685 0.975093 0.0303229 0.0256651 0.918622 0.000562832 -0.394304
-0.498672 0.967576 0.0312854 0.0252776 0.91547 0.000540729 -0.401591
-0.506713 0.960529 0.0315768 0.0260133 0.912318 -0.000519393 -0.408656
-0.510035 0.95559 0.033441 0.0256386 0.909586 -0.000686079 -0.414723
-0.508126 0.954384 0.0370402 0.0254616 0.908347 -0.00131349 -0.417439
-0.514683 0.948228 0.0365555 0.0248275 0.905234 -0.00082239 -0.424187
-0.518747 0.944291 0.0397496 0.0247955 0.901766 -0.000979794 -0.431511
-0.514276 0.940502 0.0456288 0.0250311 0.898167 -0.00241299 -0.438935
-0.519999 0.9352 0.0466224 0.0246278 0.894163 -0.00230928 -0.447057
-0.525806 0.928237 0.0443235 0.0245381 0.890123 -0.00183051 -0.455055
-0.526465 0.921821 0.0453268 0.0241036 0.886333 -0.00177648 -0.462418
-0.529324 0.91877 0.0438913 0.0242173 0.884684 -0.00158717 -0.465558
-0.533426 0.902811 0.0387044 0.0248567 0.882087 -0.00109688 -0.47043
-0.53739 0.897659 0.0346606 0.0249833 0.878496 -0.000418321 -0.477097
-0.537403 0.892949 0.0349054 0.0244627 0.875458 -0.00014394 -0.482675
-0.542572 0.880056 0.0342945 0.0232337 0.872718 0.000450512 -0.487672
-0.544975 0.872296 0.0351489 0.0231746 0.869922 0.000290132 -0.492645
-0.551431 0.864281 0.0329847 0.0238503 0.866336 0.000236432 -0.498892
-0.550725 0.860716 0.0353292 -0.0235917 -0.864835 8.03562e-05 0.501502
-0.553401 0.851909 0.0370109 -0.0229914 -0.861557 0.000982621 0.507139
-0.55594 0.843375 0.0367162 -0.0233502 -0.858416 0.00176524 0.512419
-0.557394 0.839072 0.0375899 -0.0230623 -0.854978 0.00179884 0.518148
-0.561912 0.830118 0.0357826 -0.0231931 -0.851051 0.00138105 0.524568
-0.56559 0.82153 0.0350879 -0.0232246 -0.847106 0.00122914 0.530915
-0.570659 0.815312 0.0329411 -0.0234765 -0.84324 0.000915396 0.537024
-0.57448 0.8052 0.0330902 -0.023149 -0.839269 0.00107069 0.543222
-0.578527 0.796994 0.0341648 -0.0227939 -0.834793 0.00102904 0.550091
-0.583383 0.790184 0.0282122 -0.0248173 -0.829645 0.00118134 0.557738
-0.586097 0.780719 0.0286252 -0.0255673 -0.825616 0.00230445 0.563649
-0.589022 0.771296 0.028137 -0.0257222 -0.822052 0.00269582 0.568824
-0.590883 0.769433 0.0297781 -0.0254339 -0.820007 0.00277367 0.571782
-0.592655 0.758947 0.0295705 -0.0256236 -0.81598 0.00287496 0.577505
-0.59501 0.756283 0.0334895 -0.0244772 -0.812036 0.00339032 0.583084
-0.595553 0.749547 0.036384 -0.0239926 -0.808523 0.00406857 0.587961
-0.598129 0.737364 0.0338919 -0.0242775 -0.804652 0.00356742 0.59324
-0.600305 0.730521 0.0348164 -0.0240903 -0.800304 0.00380642 0.599099
-0.602786 0.723328 0.0327005 -0.0241927 -0.795289 0.00401409 0.605734
-0.604936 0.71601 0.0340641 -0.0237199 -0.790851 0.00396166 0.611536
-0.605354 0.707778 0.036118 -0.0235633 -0.78646 0.00449362 0.617175
-0.609361 0.698561 0.0356851 -0.0240422 -0.781176 0.00403028 0.623835
-0.611876 0.688973 0.0356245 -0.0232635 -0.776735 0.00385294 0.629387
-0.612648 0.679343 0.0360574 -0.0227951 -0.772451 0.00348199 0.634655
-0.61453 0.66698 0.0345833 -0.0232291 -0.767628 0.00322068 0.640467
-0.615198 0.657196 0.034457 -0.022554 -0.763061 0.00245714 0.645929
-0.613786 0.648324 0.0366693 -0.021805 -0.758215 0.00342939 0.651631
-0.610937 0.639598 0.0393368 -0.0214051 -0.75485 0.00433488 0.655534
-0.612318 0.630214 0.0389796 -0.021307 -0.750735 0.00398834 0.660248
-0.612065 0.622433 0.0405157 -0.020729 -0.746368 0.00374731 0.6652
-0.617545 0.612957 0.0395026 -0.0215409 -0.740717 0.00343994 0.671463
-0.618761 0.600916 0.038531 -0.0219077 -0.734592 0.00349993 0.678146
-0.618257 0.591229 0.0392578 -0.0216984 -0.728837 0.00329944 0.684335
-0.618739 0.581906 0.03932 -0.0218092 -0.722883 0.00228372 0.690622
-0.619931 0.573136 0.0411096 -0.0215302 -0.716681 0.0026357 0.697064
-0.616253 0.564811 0.0410266 -0.0217467 -0.712196 0.00320085 0.701637
-0.616261 0.557582 0.0417415 -0.0216939 -0.706825 0.00390173 0.707045
-0.616874 0.549625 0.0430751 -0.0212116 -0.701103 0.00403064 0.712733
-0.615227 0.542192 0.0446834 -0.0198952 -0.695807 0.0037122 0.717943
-0.616115 0.531812 0.0463451 -0.0196156 -0.690396 0.00321579 0.723159
-0.614451 0.522102 0.0449227 -0.0200526 -0.685513 0.0036292 0.727775
-0.614944 0.513245 0.0438849 -0.0204045 -0.680274 0.00400015 0.732663
-0.613757 0.502793 0.0443055 -0.0200775 -0.67528 0.00420103 0.737276
-0.6122 0.493591 0.0445183 -0.0201429 -0.670744 0.00454556 0.741402
-0.610748 0.483358 0.0424038 -0.0207978 -0.66565 0.0039525 0.745963
-0.609889 0.477749 0.0451548 -0.0204749 -0.660064 0.00440306 0.750917
-0.607849 0.46741 0.0435223 -0.0206566 -0.653991 0.0043747 0.756208
-0.605553 0.457962 0.0444021 -0.0207989 -0.64905 0.0040559 0.760451
-0.602387 0.451666 0.044187 -0.0210261 -0.643872 0.00452879 0.764831
-0.600121 0.439794 0.0431938 -0.0211971 -0.638535 0.00470405 0.769286
-0.595512 0.430933 0.0441746 -0.0204996 -0.632443 0.00467332 0.774322
-0.591426 0.425492 0.0469659 -0.0193752 -0.628581 0.00478282 0.777488
-0.588658 0.41532 0.0479162 -0.0186782 -0.62382 0.00500647 0.781328
-0.584174 0.410294 0.0502475 -0.0181247 -0.619544 0.00490793 0.784738
-0.582788 0.401438 0.0488112 -0.0182203 -0.614102 0.00444654 0.789004
-0.579183 0.396832 0.0523962 -0.017581 -0.609514 0.00501794 0.792564
-0.57485 0.383341 0.0517479 -0.0172746 -0.600981 0.0049079 0.799061
-0.570679 0.376786 0.0525545 -0.0173244 -0.59514 0.00556439 0.803416
-0.568709 0.36629 0.0529566 -0.016929 -0.587968 0.00516798 0.808691
-0.563414 0.359128 0.0513292 -0.0170531 -0.582906 0.00469304 0.812347
-0.56204 0.349812 0.0504159 -0.0176885 -0.576464 0.00441719 0.816919
-0.557009 0.343085 0.0527521 -0.01716 -0.570709 0.00426446 0.820962
-0.553995 0.335203 0.054211 -0.016565 -0.564736 0.00460488 0.825092
-0.551516 0.327115 0.0537578 -0.0165352 -0.5586 0.00406704 0.829263
-0.547582 0.317297 0.0503999 -0.0168586 -0.552978 0.00309632 0.83302
-0.546311 0.3102 0.0519949 -0.01622 -0.546484 0.00349987 0.837305
-0.541853 0.299353 0.0506438 -0.0159635 -0.539533 0.00348125 0.841806
-0.538541 0.290194 0.0508866 -0.0158079 -0.53357 0.00367563 0.8456
-0.533522 0.285158 0.0513686 -0.0154787 -0.528802 0.0032204 0.848598
-0.527608 0.270797 0.0509051 -0.015168 -0.519565 0.00293023 0.854292
-0.522529 0.257227 0.0485348 -0.015929 -0.512274 0.00244367 0.858671
-0.517774 0.251005 0.0513945 -0.0151466 -0.505453 0.00244472 0.862718
-0.5132 0.247491 0.0535668 -0.0145382 -0.498802 0.0024187 0.86659
-0.507274 0.240208 0.0544526 -0.0145727 -0.491268 0.00251996 0.870883
-0.501182 0.231108 0.0537619 -0.0152825 -0.48328 0.00323022 0.875327
-0.495844 0.225115 0.0547587 -0.0144377 -0.47756 0.00362141 0.878473
-0.488818 0.210113 0.0530661 -0.0145914 -0.466806 0.00285488 0.884235
-0.482924 0.200899 0.052969 -0.014197 -0.459873 0.00277589 0.887867
-0.476011 0.193384 0.0529115 -0.0140278 -0.453598 0.00203134 0.891094
-0.468928 0.184326 0.0513096 -0.0139969 -0.44744 0.00206065 0.894202
-0.462685 0.174885 0.0504276 -0.014151 -0.440239 0.00133286 0.897768
-0.45684 0.166076 0.050339 -0.0138639 -0.433315 0.0015694 0.901134
-0.450239 0.159259 0.0492809 -0.0140147 -0.42665 0.002027 0.904306
-0.443967 0.151983 0.0485014 -0.0141162 -0.419944 0.0018698 0.907438
-0.436062 0.143197 0.0456272 -0.0143839 -0.412328 0.000359548 0.910922
-0.43241 0.135423 0.0458137 -0.0141371 -0.403186 0.000453599 0.915009
-0.425523 0.128878 0.0480921 -0.0136651 -0.395763 0.000488056 0.918251
-0.416822 0.121144 0.0491059 -0.0134464 -0.38469 0.000419733 0.922948
-0.411588 0.114494 0.0504825 -0.0131504 -0.376336 0.000600218 0.92639
-0.402521 0.107169 0.0501353 -0.0130575 -0.368172 0.00113481 0.929665
-0.397375 0.102282 0.0521548 -0.0126917 -0.362394 0.00142021 0.931937
-0.395134 0.0978281 0.0572831 -0.0117056 -0.355784 0.00163797 0.934494
-0.389688 0.0934271 0.0602994 -0.0111418 -0.350009 0.00183724 0.936678
-0.381801 0.0863297 0.0613685 -0.0107921 -0.343477 0.00213163 0.939097
-0.371707 0.0795946 0.0624604 -0.0106863 -0.337858 0.0021911 0.941134
-0.365602 0.0759777 0.0630505 -0.010356 -0.332174 0.00197804 0.943159
-0.361215 0.0705104 0.0638169 -0.0101318 -0.325479 0.00187681 0.945493
-0.352798 0.066788 0.0630059 -0.00946317 -0.3178 0.00200625 0.948109
-0.347306 0.0695177 0.0629774 -0.00965584 -0.311361 0.00336985 0.950237
-0.342568 0.0639574 0.0649196 -0.00988853 -0.30395 0.00411092 0.952628
-0.335252 0.0566407 0.063917 -0.0102138 -0.296503 0.0038655 0.954969
-0.330538 0.0525587 0.0637154 -0.0100952 -0.290472 0.00403071 0.956822
-0.326116 0.050195 0.0679718 -0.00931678 -0.283297 0.00444128 0.958977
-0.318148 0.0456324 0.0633488 -0.0101072 -0.276449 0.00415399 0.960966
-0.312239 0.0441146 0.0647666 -0.00977704 -0.27009 0.0043753 0.962776
-0.303182 0.0373001 0.0613177 -0.0101967 -0.262593 0.00459131 0.964842
-0.297483 0.0345316 0.0579905 -0.0106406 -0.259216 0.00453764 0.96575
-0.28961 0.0324627 0.0609656 -0.00965823 -0.253257 0.00555963 0.967335
-0.280598 0.0295142 0.0607054 -0.00964055 -0.247786 0.00464095 0.968756
-0.271462 0.0255728 0.061311 -0.0100409 -0.240558 0.00472723 0.970571
-0.262589 0.0256975 0.0618327 -0.00985868 -0.234297 0.00463349 0.972104
-0.25512 0.0232696 0.0598988 -0.00990574 -0.226603 0.00447797 0.973927
-0.247833 0.018656 0.0599809 -0.00973956 -0.218504 0.00426523 0.975778
-0.244825 0.0185367 0.0609059 -0.00951862 -0.214611 0.00424912 0.976644
-0.232322 0.0101346 0.0602247 -0.00910877 -0.20467 0.00472637 0.978777
-0.222876 0.00699635 0.0608537 -0.0093155 -0.197649 0.00493858 0.980216
-0.213081 0.00206101 0.0578973 -0.00983614 -0.190081 0.00456821 0.981709
-0.204957 -0.0022517 0.0546269 -0.0108402 -0.182447 0.00446893 0.983146
-0.197066 -0.00612416 0.055049 -0.0104792 -0.174239 0.00492106 0.984635
-0.194486 -0.00727833 0.055061 -0.0103951 -0.170987 0.00437634 0.985209
-0.185294 -0.0106837 0.0521457 -0.0113471 -0.164477 0.00388665 0.986308
-0.175888 -0.0140901 0.0522178 -0.011399 -0.157391 0.00369641 0.987464
-0.168978 -0.0215523 0.0520529 -0.0111518 -0.148938 0.00466427 0.988773
-0.160797 -0.0262377 0.0552076 -0.0101575 -0.141028 0.00533921 0.989939
-0.150256 -0.0211154 0.0538337 -0.0102822 -0.136076 0.00529753 0.990631
-0.143295 -0.0237967 0.0504889 -0.0107757 -0.132356 0.00563949 0.991128
-0.136226 -0.0281305 0.0518878 -0.0104021 -0.123867 0.00536665 0.99223
-0.125555 -0.0274947 0.0508464 -0.0108204 -0.115269 0.00521227 0.993262
-0.117776 -0.0349818 0.0495115 -0.0113966 -0.106004 0.00609024 0.994282
-0.111537 -0.0319686 0.0572477 -0.0101191 -0.0985115 0.00745865 0.995057
-0.104517 -0.0400955 0.046727 -0.0122471 -0.0891223 0.00772802 0.995915
-0.102018 -0.0345551 0.0483395 -0.0119402 -0.0860298 0.00745141 0.996193
-0.0960061 -0.0414317 0.051277 -0.0113059 -0.0765914 0.00821557 0.996965
-0.0884539 -0.0478866 0.0499766 -0.0112298 -0.0686561 0.00867166 0.997539
-0.0829183 -0.0485265 0.0487552 -0.0113629 -0.0613252 0.00804245 0.998021
-0.0715412 -0.0495385 0.0470112 -0.0113141 -0.0538565 0.00867925 0.998447
-0.0589419 -0.05089 0.0476899 -0.0111653 -0.0466817 0.00930591 0.998804
-0.057818 -0.0515666 0.0471689 -0.0112014 -0.0438784 0.00921272 0.998932
-0.0472059 -0.0498151 0.0464579 -0.0108538 -0.0386364 0.00959259 0.999148
-0.0459397 -0.0408343 0.0540938 -0.0095794 -0.0341345 0.00889498 0.999332
-0.0417755 -0.039897 0.0505511 -0.00883601 -0.030438 0.00883651 0.999459
-0.0397333 -0.0402086 0.0492719 -0.0104103 -0.0310051 0.00898718 0.999425
-0.0403219 -0.0401173 0.0495528 -0.0103752 -0.0316875 0.0090117 0.999403
-0.0403219 -0.0401173 0.0495528 -0.0103752 -0.0316875 0.0090117 0.999403
-0.0403219 -0.0401173 0.0495528 -0.0103752 -0.0316875 0.0090117 0.999403
-0.0403219 -0.0401173 0.0495528 -0.0103752 -0.0316875 0.0090117 0.999403
-0.0403219 -0.0401173 0.0495528 -0.0103752 -0.0316875 0.0090117 0.999403
-0.0403219 -0.0401173 0.0495528 -0.0103752 -0.0316875 0.0090117 0.999403
-0.0403219 -0.0401173 0.0495528 -0.0103752 -0.0316875 0.0090117 0.999403
-0.0403219 -0.0401173 0.0495528 -0.0103752 -0.0316875 0.0090117 0.999403
-0.0403219 -0.0401173 0.0495528 -0.0103752 -0.0316875 0.0090117 0.999403
-0.0403219 -0.0401173 0.0495528 -0.0103752 -0.0316875 0.0090117 0.999403
-0.0403219 -0.0401173 0.0495528 -0.0103752 -0.0316875 0.0090117 0.999403
-0.0399728 -0.0402922 0.0492762 -0.0104267 -0.0316579 0.00901722 0.999404
-0.0399728 -0.0402922 0.0492762 -0.0104267 -0.0316579 0.00901722 0.999404
-0.0399728 -0.0402922 0.0492762 -0.0104267 -0.0316579 0.00901722 0.999404
-0.0399728 -0.0402922 0.0492762 -0.0104267 -0.0316579 0.00901722 0.999404
-0.0399728 -0.0402922 0.0492762 -0.0104267 -0.0316579 0.00901722 0.999404
-0.0399728 -0.0402922 0.0492762 -0.0104267 -0.0316579 0.00901722 0.999404
-0.0399728 -0.0402922 0.0492762 -0.0104267 -0.0316579 0.00901722 0.999404
-0.0399728 -0.0402922 0.0492762 -0.0104267 -0.0316579 0.00901722 0.999404
-0.0399728 -0.0402922 0.0492762 -0.0104267 -0.0316579 0.00901722 0.999404
-0.0399728 -0.0402922 0.0492762 -0.0104267 -0.0316579 0.00901722 0.999404
-0.0399728 -0.0402922 0.0492762 -0.0104267 -0.0316579 0.00901722 0.999404
-0.0399728 -0.0402922 0.0492762 -0.0104267 -0.0316579 0.00901722 0.999404
-0.0399728 -0.0402922 0.0492762 -0.0104267 -0.0316579 0.00901722 0.999404
-0.0399728 -0.0402922 0.0492762 -0.0104267 -0.0316579 0.00901722 0.999404
-0.0399728 -0.0402922 0.0492762 -0.0104267 -0.0316579 0.00901722 0.999404
-0.0399728 -0.0402922 0.0492762 -0.0104267 -0.0316579 0.00901722 0.999404
-0.0399728 -0.0402922 0.0492762 -0.0104267 -0.0316579 0.00901722 0.999404
-0.0403681 -0.039662 0.0495632 -0.0103739 -0.0317578 0.00902044 0.999401
-0.0403681 -0.039662 0.0495632 -0.0103739 -0.0317578 0.00902044 0.999401
-0.0401455 -0.039803 0.0494029 -0.0104035 -0.031732 0.0090309 0.999401
-0.0401455 -0.039803 0.0494029 -0.0104035 -0.031732 0.0090309 0.999401
-0.0401455 -0.039803 0.0494029 -0.0104035 -0.031732 0.0090309 0.999401
-0.0401455 -0.039803 0.0494029 -0.0104035 -0.031732 0.0090309 0.999401
-0.0401455 -0.039803 0.0494029 -0.0104035 -0.031732 0.0090309 0.999401
-0.0401455 -0.039803 0.0494029 -0.0104035 -0.031732 0.0090309 0.999401
-0.0401455 -0.039803 0.0494029 -0.0104035 -0.031732 0.0090309 0.999401
-0.0401455 -0.039803 0.0494029 -0.0104035 -0.031732 0.0090309 0.999401
-0.0401455 -0.039803 0.0494029 -0.0104035 -0.031732 0.0090309 0.999401
-0.0401455 -0.039803 0.0494029 -0.0104035 -0.031732 0.0090309 0.999401
-0.0401455 -0.039803 0.0494029 -0.0104035 -0.031732 0.0090309 0.999401
-0.0401455 -0.039803 0.0494029 -0.0104035 -0.031732 0.0090309 0.999401
-0.0401455 -0.039803 0.0494029 -0.0104035 -0.031732 0.0090309 0.999401
-0.0401455 -0.039803 0.0494029 -0.0104035 -0.031732 0.0090309 0.999401
-0.0401455 -0.039803 0.0494029 -0.0104035 -0.031732 0.0090309 0.999401
-0.0404175 -0.0396527 0.0496052 -0.0103662 -0.0317608 0.00901554 0.999401
-0.0404175 -0.0396527 0.0496052 -0.0103662 -0.0317608 0.00901554 0.999401
-0.0404175 -0.0396527 0.0496052 -0.0103662 -0.0317608 0.00901554 0.999401
-0.0404175 -0.0396527 0.0496052 -0.0103662 -0.0317608 0.00901554 0.999401
-0.0404175 -0.0396527 0.0496052 -0.0103662 -0.0317608 0.00901554 0.999401
-0.0404175 -0.0396527 0.0496052 -0.0103662 -0.0317608 0.00901554 0.999401
-0.0404175 -0.0396527 0.0496052 -0.0103662 -0.0317608 0.00901554 0.999401
-0.0407324 -0.0393246 0.049839 -0.0103241 -0.0318178 0.00899765 0.9994
-0.0407324 -0.0393246 0.049839 -0.0103241 -0.0318178 0.00899765 0.9994
