-0.00129279 -0.752097 2.47501 0.716195 -0.697696 0.0127389 0.011063
-0.00130996 -0.752228 2.47553 0.71613 -0.697769 0.0128095 0.0106167
-0.00127396 -0.752344 2.47584 0.716358 -0.697539 0.0120785 0.0111585
-0.00132696 -0.752128 2.47507 0.716215 -0.697672 0.012856 0.0111827
-0.00132835 -0.752329 2.47586 0.716227 -0.697667 0.0126572 0.0108889
-0.00130849 -0.752512 2.47637 0.716119 -0.697784 0.0125746 0.0106197
-0.0013532 -0.752325 2.47586 0.716081 -0.697818 0.0131887 0.0101968
-0.00128773 -0.752216 2.47536 0.71611 -0.697782 0.0130397 0.0108345
-0.00128711 -0.752303 2.47563 0.716191 -0.697709 0.0126687 0.0105865
-0.00130438 -0.752281 2.47563 0.716194 -0.6977 0.0126315 0.0109752
-0.00131526 -0.752423 2.47614 0.716282 -0.697614 0.0124961 0.010921
-0.00129449 -0.752141 2.47511 0.716133 -0.697754 0.0129746 0.011161
-0.0013006 -0.752349 2.47584 0.71625 -0.697653 0.0125909 0.0103257
-0.00131614 -0.752296 2.47569 0.716314 -0.697582 0.0124916 0.0108504
-0.00131672 -0.752213 2.47534 0.7162 -0.697681 0.0130575 0.0113616
-0.0013557 -0.752012 2.4748 0.715989 -0.697899 0.0136971 0.0104585
-0.00128737 -0.752314 2.47569 0.716195 -0.697698 0.0128925 0.010766
-0.00130621 -0.75213 2.47517 0.716288 -0.697591 0.0131118 0.0112557
-0.0012898 -0.752466 2.4761 0.716203 -0.697699 0.0126843 0.0104474
-0.00126582 -0.752507 2.47638 0.716355 -0.697544 0.0121991 0.0109718
-0.00129524 -0.752173 2.47525 0.716198 -0.697688 0.0129494 0.0111147
-0.00127606 -0.75229 2.47571 0.716405 -0.69748 0.0120608 0.01189
-0.00132461 -0.752288 2.47539 0.716289 -0.697603 0.0119604 0.011693
-0.00129964 -0.752389 2.47565 0.716158 -0.697719 0.0137739 0.0107881
-0.00131464 -0.752309 2.4755 0.716272 -0.697603 0.0125264 0.0121189
-0.00131023 -0.75223 2.47552 0.71627 -0.697617 0.012589 0.0113629
-0.00131315 -0.752297 2.47588 0.716291 -0.697608 0.0123616 0.0108235
-0.00136503 -0.75223 2.47538 0.716203 -0.697687 0.0128957 0.0109616
-0.00136343 -0.752501 2.47613 0.716151 -0.69774 0.0132116 0.0105545
-0.00132208 -0.752482 2.47627 0.716193 -0.697708 0.0126789 0.010524
-0.00133131 -0.752149 2.4753 0.716254 -0.697638 0.012881 0.0107718
-0.00130915 -0.752054 2.47501 0.716427 -0.697453 0.0126539 0.0114942
-0.00132119 -0.752359 2.47593 0.716206 -0.697691 0.0127925 0.0106458
-0.00132309 -0.752434 2.47606 0.716273 -0.697621 0.0123811 0.0111633
-0.00127206 -0.752362 2.47585 0.716353 -0.697536 0.0122234 0.0115023
-0.00130445 -0.752218 2.47546 0.716249 -0.697647 0.0125535 0.0108278
-0.00126851 -0.752247 2.47548 0.716273 -0.697621 0.0125011 0.0110182
-0.00133552 -0.752378 2.47594 0.716177 -0.697715 0.0130439 0.0107012
-0.0013297 -0.752085 2.4749 0.716089 -0.697786 0.0138417 0.0109788
-0.0013081 -0.752236 2.47559 0.716084 -0.69781 0.0133801 0.0102878
-0.00132586 -0.752254 2.47559 0.716325 -0.697574 0.0123562 0.0108123
-0.00126359 -0.752315 2.4756 0.716291 -0.697592 0.0130442 0.0110972
-0.00129728 -0.752274 2.47561 0.716201 -0.697695 0.0127622 0.0107066
-0.00128254 -0.752312 2.47578 0.716209 -0.697692 0.0124751 0.0107027
-0.0012968 -0.752168 2.47533 0.716191 -0.697703 0.0128218 0.0107836
-0.00135668 -0.752261 2.47569 0.71635 -0.697544 0.0127866 0.0105626
8.50838e-05 -0.75268 2.4762 0.71645 -0.69745 0.0109407 0.0119486
0.0021687 -0.75383 2.47821 0.715671 -0.698268 0.0114924 0.0102128
0.00455399 -0.753793 2.47745 0.714529 -0.699442 0.0104725 0.0109304
0.00829042 -0.754672 2.48001 0.712836 -0.701211 0.010339 0.0078568
0.0118446 -0.753396 2.47597 0.711955 -0.701936 0.0096243 0.0177288
0.015519 -0.753424 2.47599 0.709548 -0.704338 0.0129476 0.0167964
0.0200585 -0.756426 2.48676 0.707447 -0.706672 0.00802946 0.00830474
0.0221112 -0.753315 2.47816 -0.705054 0.708996 -0.0145875 -0.00330532
0.0250481 -0.754212 2.48252 -0.705833 0.708308 -0.00579247 -0.00813338
0.027927 -0.752786 2.47893 -0.702448 0.71161 -0.0123706 -0.00499298
0.0313706 -0.75351 2.48042 -0.701492 0.712533 -0.0106047 -0.0096172
0.0341916 -0.752635 2.47698 -0.699563 0.714372 -0.0118788 -0.0119809
0.037388 -0.752796 2.47787 -0.697574 0.716324 -0.0110054 -0.0121776
0.0404146 -0.752225 2.47651 -0.695862 0.717993 -0.0113243 -0.0115552
0.0436658 -0.752335 2.47707 -0.693811 0.719954 -0.010414 -0.0135728
0.046793 -0.752286 2.47753 -0.691257 0.722409 -0.0133112 -0.0105274
0.0499671 -0.751709 2.47624 -0.689915 0.723689 -0.0118227 -0.0122847
0.0532715 -0.751698 2.47696 -0.687129 0.72634 -0.0124211 -0.0114231
0.0568691 -0.751373 2.4769 -0.685058 0.728276 -0.0127669 -0.0121238
0.0600714 -0.750856 2.4767 -0.682783 0.730399 -0.013349 -0.0120565
0.0631431 -0.750764 2.47703 -0.680825 0.732208 -0.0139408 -0.0124105
0.0661696 -0.750624 2.47751 -0.679017 0.733895 -0.0137059 -0.0120692
0.0693308 -0.750674 2.47814 -0.677385 0.735401 -0.0147109 -0.0109302
0.0723108 -0.750564 2.47808 -0.675578 0.737051 -0.01466 -0.0116475
0.0753978 -0.750174 2.47775 -0.674034 0.738471 -0.0132601 -0.0127782
0.0785735 -0.749859 2.47802 -0.672075 0.740268 -0.0141835 -0.0107823
0.0817057 -0.749379 2.47736 -0.670119 0.742021 -0.015419 -0.0104009
0.0846746 -0.749018 2.47697 -0.668488 0.743482 -0.0155295 -0.0107933
0.087645 -0.748498 2.47586 -0.666064 0.74562 -0.0171489 -0.010761
0.0907487 -0.748445 2.47681 -0.664568 0.746981 -0.0150722 -0.0118547
0.0938559 -0.748062 2.47684 -0.662415 0.7489 -0.0153388 -0.0109314
0.0967782 -0.7475 2.47619 -0.660771 0.750351 -0.015274 -0.0110462
0.0998209 -0.747314 2.47686 -0.658977 0.751949 -0.0145582 -0.0105327
0.10305 -0.746831 2.47657 -0.656928 0.75372 -0.0152358 -0.010925
0.106478 -0.746225 2.47572 -0.654637 0.755688 -0.0158875 -0.0115442
0.109992 -0.745774 2.47592 -0.653096 0.757027 -0.0149899 -0.012275
0.113151 -0.745428 2.47638 -0.651061 0.75879 -0.0152617 -0.0111653
0.116391 -0.745084 2.47715 -0.649193 0.760408 -0.0148678 -0.0103567
0.11939 -0.744228 2.4765 -0.647612 0.76175 -0.0141619 -0.011637
0.12262 -0.74371 2.47643 -0.645577 0.763459 -0.0148295 -0.0118224
0.125754 -0.742819 2.4756 -0.643953 0.76484 -0.0142714 -0.0118229
0.129121 -0.74229 2.47594 -0.641631 0.766769 -0.0161973 -0.0106098
0.132619 -0.741407 2.47542 -0.639723 0.768376 -0.0150148 -0.0113258
0.135971 -0.7408 2.47576 -0.638062 0.769749 -0.0153509 -0.0112774
0.139013 -0.739867 2.47556 -0.636284 0.771224 -0.0156453 -0.0105711
0.142095 -0.738834 2.47504 -0.634549 0.772619 -0.016749 -0.0112501
0.145532 -0.738174 2.47536 -0.633024 0.773874 -0.0162409 -0.0116367
0.149046 -0.737561 2.47491 -0.631791 0.774871 -0.0158642 -0.0127857
0.152183 -0.73728 2.47579 -0.629988 0.776343 -0.0163963 -0.0117338
0.15512 -0.736738 2.47588 -0.627874 0.778077 -0.015853 -0.0109155
0.157944 -0.736041 2.47518 -0.625907 0.779625 -0.0172458 -0.0113228
0.160749 -0.735258 2.47483 -0.624207 0.780998 -0.0163602 -0.011824
0.163501 -0.734613 2.47471 -0.622005 0.782751 -0.0169168 -0.0111528
0.166453 -0.734118 2.47565 -0.619643 0.784651 -0.0163833 -0.00979066
0.169456 -0.733148 2.47456 -0.617022 0.786687 -0.0170232 -0.0108823
0.172852 -0.732712 2.47525 -0.614623 0.788573 -0.0170123 -0.0100888
0.175665 -0.731813 2.47459 -0.612866 0.789929 -0.0173404 -0.010389
0.17846 -0.730929 2.47422 -0.610805 0.79151 -0.0175131 -0.0110671
0.181424 -0.730474 2.47561 -0.608205 0.793518 -0.017972 -0.00959595
0.184555 -0.729291 2.47474 -0.606094 0.795143 -0.0170067 -0.0103966
0.187716 -0.728559 2.47466 -0.603781 0.796882 -0.0180786 -0.010065
0.191038 -0.728045 2.47545 -0.601694 0.798483 -0.016769 -0.0103773
0.194149 -0.727033 2.47513 -0.599315 0.800256 -0.0178287 -0.00973913
0.197314 -0.726091 2.47551 -0.597265 0.801794 -0.0171046 -0.0104435
0.200386 -0.725085 2.47513 -0.594661 0.803713 -0.0186067 -0.00874905
0.203589 -0.723887 2.47412 -0.592445 0.805325 -0.0185649 -0.0107745
0.207413 -0.723034 2.47492 -0.589701 0.80735 -0.0178198 -0.0110085
0.210793 -0.722254 2.47552 -0.586772 0.80949 -0.0178576 -0.0102454
0.213767 -0.721383 2.47458 -0.584126 0.811357 -0.0199353 -0.00992942
0.216582 -0.720605 2.47453 -0.582165 0.812783 -0.019373 -0.00959489
0.222381 -0.719085 2.47496 -0.577781 0.815913 -0.0191088 -0.00949766
0.225366 -0.718004 2.47447 -0.575879 0.817255 -0.0188788 -0.0100614
0.228516 -0.717136 2.47521 -0.573802 0.818727 -0.018708 -0.00933274
0.231486 -0.715756 2.4744 -0.571984 0.820003 -0.0187452 -0.0088834
0.23474 -0.71489 2.47556 -0.569957 0.821442 -0.0176122 -0.00847346
0.237715 -0.713385 2.4747 -0.56747 0.823145 -0.0182655 -0.00872241
0.240709 -0.712266 2.47486 -0.565404 0.824569 -0.0181345 -0.00867486
0.243845 -0.71082 2.47339 -0.562811 0.826319 -0.0187822 -0.00933559
0.247484 -0.71031 2.47549 -0.560347 0.828 -0.0196202 -0.00651365
0.250328 -0.708741 2.47394 -0.558726 0.829091 -0.0188328 -0.00883031
0.252924 -0.707626 2.47446 -0.556736 0.830463 -0.0174398 -0.00854277
0.258725 -0.705066 2.47428 -0.552556 0.833231 -0.0183091 -0.00846021
0.26494 -0.702512 2.47412 -0.548203 0.836081 -0.019715 -0.00729941
0.268156 -0.70156 2.47532 -0.546318 0.837346 -0.0180559 -0.00785363
0.283731 -0.69505 2.47364 -0.533469 0.84554 -0.0203263 -0.00769791
0.28939 -0.692305 2.47378 -0.529056 0.848309 -0.0204125 -0.00749294
0.294555 -0.689239 2.47223 -0.524376 0.851188 -0.0208955 -0.00844555
0.297347 -0.688 2.47267 -0.522273 0.852476 -0.0218145 -0.00636038
0.302764 -0.6855 2.47251 -0.517892 0.855138 -0.0218894 -0.00688077
0.307928 -0.682547 2.47252 -0.513694 0.857676 -0.0217339 -0.00608296
0.310487 -0.681027 2.47284 -0.511674 0.858874 -0.021927 -0.00667495
0.31316 -0.679379 2.47274 -0.509521 0.860174 -0.0210939 -0.00667172
0.320512 -0.67422 2.4713 -0.503349 0.863774 -0.0223346 -0.00601411
0.323207 -0.672406 2.47082 -0.501468 0.864857 -0.0226667 -0.0061807
0.326274 -0.670617 2.47118 -0.499954 0.865733 -0.0225339 -0.00674268
0.329312 -0.668428 2.47044 -0.498467 0.866573 -0.0229057 -0.0076109
0.334611 -0.665146 2.47047 -0.494041 0.869126 -0.0223605 -0.00663622
0.337103 -0.663554 2.47028 -0.49168 0.870473 -0.0220666 -0.00633188
0.339798 -0.661847 2.47041 -0.489818 0.8715 -0.0231716 -0.00529983
0.342605 -0.659912 2.47057 -0.487714 0.872701 -0.0222739 -0.00562008
0.345434 -0.657848 2.47034 -0.485758 0.873801 -0.0219119 -0.00552506
0.348287 -0.655632 2.47003 -0.483734 0.874925 -0.0217664 -0.00582198
0.350995 -0.653619 2.47024 -0.481487 0.876171 -0.0216338 -0.0051782
0.353499 -0.651582 2.4699 -0.479564 0.877237 -0.021199 -0.0048654
0.355794 -0.649384 2.46929 -0.477976 0.878084 -0.0219657 -0.00497082
0.358406 -0.647417 2.46976 -0.476271 0.87902 -0.0215132 -0.00521676
0.361031 -0.645565 2.47003 -0.474638 0.879911 -0.0212877 -0.00472496
0.363489 -0.643718 2.46971 -0.472802 0.880901 -0.0210853 -0.00516996
0.365926 -0.641733 2.46887 -0.470905 0.881902 -0.0219485 -0.00392697
0.368464 -0.639884 2.46866 -0.468568 0.883122 -0.0229502 -0.00348912
0.371072 -0.638233 2.46905 -0.466875 0.884057 -0.0213011 -0.00410995
0.373808 -0.63652 2.47001 -0.46501 0.88504 -0.0214369 -0.00319014
0.376264 -0.633992 2.46844 -0.463115 0.886004 -0.0225665 -0.00344804
0.379312 -0.631711 2.46832 -0.46123 0.887004 -0.0218435 -0.00367335
0.381782 -0.629609 2.46841 -0.459197 0.888042 -0.022635 -0.00274538
0.384076 -0.628066 2.46946 -0.457552 0.888916 -0.0216473 -0.00245123
0.385969 -0.625621 2.46754 -0.455339 0.890019 -0.0228747 -0.00308643
0.388497 -0.62411 2.46905 -0.453484 0.891004 -0.0213903 -0.00241847
0.390746 -0.622107 2.46848 -0.451069 0.892164 -0.0240359 -0.00133501
0.392964 -0.620042 2.46745 -0.448902 0.893301 -0.0222234 -0.00241586
0.395555 -0.618724 2.46896 -0.446316 0.89462 -0.0213057 -0.0019064
0.397771 -0.616668 2.46699 -0.443084 0.896159 -0.0238961 -0.00205518
0.400279 -0.614801 2.4667 -0.440105 0.897589 -0.0252817 -0.00168231
0.402553 -0.612599 2.46613 -0.437682 0.898784 -0.0249021 -0.00117562
0.405069 -0.610662 2.46686 -0.435525 0.899886 -0.022818 -0.00158042
0.40779 -0.608542 2.4666 -0.431954 0.901583 -0.0237264 -0.000993653
0.410334 -0.606325 2.46709 -0.429054 0.902962 -0.023911 -0.000231264
0.412679 -0.604362 2.46703 -0.427111 0.903885 -0.023816 -0.000487524
0.414505 -0.602141 2.46643 -0.424836 0.904954 -0.0239068 -0.00037566
0.416612 -0.60021 2.46612 -0.422603 0.905989 -0.0243134 -0.000326598
0.41893 -0.598327 2.46562 -0.42017 0.907152 -0.0230844 -0.000304033
0.421406 -0.596608 2.46625 -0.418142 0.908076 -0.0235417 -0.000428398
0.423419 -0.594319 2.4654 -0.416126 0.908957 -0.0252059 0.000373257
0.425677 -0.591955 2.46471 -0.413936 0.909946 -0.0255974 -7.51607e-05
0.428038 -0.590024 2.4653 -0.411627 0.910994 -0.0255674 0.000316452
0.430299 -0.588127 2.46535 -0.409163 0.912144 -0.0240627 0.000899526
0.432684 -0.586432 2.46607 -0.407107 0.913116 -0.0219667 0.000592622
0.43491 -0.584406 2.46573 -0.404578 0.914179 -0.0243467 0.000775078
0.437155 -0.581774 2.46416 -0.40139 0.915561 -0.0251535 0.000885655
0.439518 -0.579668 2.46507 -0.399569 0.916405 -0.0233242 0.00135353
0.441437 -0.577313 2.46403 -0.39713 0.917384 -0.0263049 0.00141489
0.443638 -0.57525 2.46517 -0.395232 0.918295 -0.0228331 0.00230838
0.445742 -0.572894 2.4654 -0.393394 0.919079 -0.0229291 0.00320438
0.448021 -0.570529 2.46599 -0.391514 0.919898 -0.0222756 0.00298038
0.450044 -0.567956 2.46475 -0.389217 0.920828 -0.0240764 0.00263861
0.452097 -0.565372 2.46419 -0.386947 0.921789 -0.0236797 0.00415999
0.454538 -0.563271 2.46509 -0.3847 0.922757 -0.0227091 0.00323836
0.456113 -0.560363 2.46122 -0.383001 0.923427 -0.0243265 0.00108529
0.458536 -0.558361 2.46201 -0.380591 0.924354 -0.0266514 0.00312069
0.462006 -0.556588 2.46774 -0.378341 0.925431 -0.0208603 -0.000727126
0.463737 -0.552814 2.46292 -0.375242 0.926632 -0.0233559 0.000518532
0.466266 -0.550421 2.46391 -0.372719 0.927672 -0.0222804 0.00317218
0.468504 -0.548048 2.46402 -0.371015 0.928341 -0.0228316 0.00307075
0.470827 -0.54568 2.46432 -0.36901 0.929159 -0.022134 0.0021661
0.473041 -0.542976 2.46323 -0.367091 0.92989 -0.0233479 0.00182984
0.475403 -0.540672 2.46337 -0.36541 0.930555 -0.0232075 0.00194734
0.477589 -0.538626 2.46423 -0.36322 0.931438 -0.0220627 0.00271817
0.479663 -0.536598 2.46478 -0.36085 0.932336 -0.0228987 0.00356742
0.481235 -0.533903 2.46257 -0.358471 0.93321 -0.02474 0.00234962
0.483525 -0.532001 2.46359 -0.356566 0.934009 -0.0220184 0.00171691
0.485303 -0.529636 2.46336 -0.354299 0.934862 -0.0222656 0.00304742
0.487158 -0.527171 2.46259 -0.351277 0.93596 -0.0240006 0.00278481
0.489204 -0.524873 2.46294 -0.348691 0.936993 -0.0213408 0.00207174
0.49111 -0.52266 2.46291 -0.346093 0.937914 -0.0229875 0.00302608
0.493037 -0.520517 2.46301 -0.343827 0.938778 -0.0217134 0.0027798
0.494887 -0.518283 2.46316 -0.341336 0.939665 -0.0226399 0.00254492
0.496985 -0.51586 2.46364 -0.338702 0.940608 -0.022986 0.00315443
0.499191 -0.513304 2.46321 -0.336072 0.941581 -0.0218173 0.0021785
0.501084 -0.510886 2.46217 -0.333405 0.942472 -0.0241083 0.00260752
0.503155 -0.50867 2.46281 -0.331045 0.943315 -0.0236072 0.00282764
0.505166 -0.506397 2.46392 -0.328357 0.944286 -0.0223431 0.00255936
0.506979 -0.503851 2.46353 -0.326085 0.945093 -0.021508 0.00231573
0.508581 -0.501159 2.46215 -0.323386 0.945981 -0.0231474 0.00234035
0.510392 -0.498421 2.46137 -0.320474 0.946963 -0.0235686 0.00147057
0.51279 -0.495848 2.46237 -0.318056 0.947803 -0.0225214 0.00180608
0.514792 -0.493152 2.46213 -0.315281 0.948709 -0.0233692 0.0019991
0.516676 -0.490638 2.46234 -0.312632 0.949574 -0.0237661 0.00221016
0.518572 -0.488124 2.46249 -0.310199 0.950405 -0.0224401 0.00172418
0.520676 -0.485743 2.46249 -0.307614 0.95122 -0.0234752 0.00167732
0.522615 -0.483373 2.46219 -0.30572 0.951823 -0.0237818 0.00123801
0.524404 -0.480918 2.46188 -0.303014 0.952679 -0.0241145 0.00187815
0.526267 -0.478415 2.46221 -0.300919 0.953377 -0.0227053 0.00222119
0.52786 -0.47556 2.46169 -0.298632 0.95408 -0.0233347 0.00224903
0.529878 -0.472954 2.46247 -0.296618 0.954746 -0.0217593 0.00234544
0.531435 -0.470151 2.46155 -0.294231 0.955475 -0.0221575 0.00214363
0.533027 -0.467411 2.46107 -0.291482 0.956293 -0.0231797 0.00226516
0.534964 -0.464538 2.46041 -0.288926 0.957094 -0.0221766 0.000927412
0.536974 -0.461605 2.46002 -0.286827 0.957741 -0.0214505 0.00163914
0.538908 -0.459378 2.46116 -0.284005 0.958524 -0.0237269 0.0032077
0.540862 -0.457179 2.46264 -0.281264 0.959381 -0.0216273 0.00327695
0.542437 -0.454403 2.46216 -0.278934 0.96003 -0.0229254 0.00340843
0.544198 -0.451547 2.46207 -0.276901 0.960623 -0.0228047 0.00298749
0.545714 -0.448657 2.46144 -0.274722 0.96128 -0.0213852 0.00331206
0.547264 -0.445938 2.46058 -0.271949 0.962017 -0.0235641 0.00332167
0.549503 -0.443499 2.46186 -0.269661 0.962682 -0.0227305 0.00310351
0.551237 -0.440831 2.46229 -0.266864 0.963445 -0.0233317 0.00375095
0.552687 -0.437847 2.46119 -0.264986 0.963968 -0.0231425 0.00350344
0.554254 -0.434924 2.46132 -0.262263 0.964721 -0.0226814 0.00408395
0.556124 -0.431819 2.46134 -0.259459 0.965464 -0.0234342 0.0034839
0.557693 -0.428701 2.46098 -0.256585 0.966238 -0.0231056 0.00374007
0.559412 -0.426296 2.46118 -0.253905 0.96689 -0.0253801 0.0034242
0.561241 -0.423931 2.46276 -0.251301 0.967625 -0.0230322 0.00450794
0.56228 -0.421075 2.46052 -0.248555 0.968319 -0.0238238 0.00339301
0.564312 -0.418842 2.46217 -0.24572 0.969078 -0.0221278 0.00447936
0.565698 -0.416156 2.4611 -0.242694 0.969763 -0.0252627 0.00457566
0.56717 -0.413502 2.46106 -0.239972 0.970478 -0.0238505 0.00417279
0.568815 -0.411019 2.46163 -0.237279 0.971139 -0.0236509 0.00524707
0.570239 -0.408483 2.46205 -0.234744 0.971776 -0.0229109 0.00471767
0.571523 -0.405861 2.46129 -0.231897 0.972402 -0.0252565 0.00447924
0.573355 -0.403329 2.46322 -0.22863 0.973208 -0.0234412 0.00673005
0.573982 -0.399898 2.45895 -0.225787 0.97389 -0.0234151 0.00311467
0.575984 -0.39746 2.46103 -0.222287 0.974696 -0.0233457 0.00347448
0.577201 -0.394724 2.46082 -0.219719 0.97527 -0.0235178 0.00433857
0.578952 -0.389232 2.45954 -0.215469 0.976139 -0.0266194 0.0040942
0.580506 -0.386361 2.46097 -0.213322 0.976695 -0.0232598 0.00435592
0.581661 -0.383027 2.4602 -0.211456 0.977057 -0.0248837 0.00511599
0.583196 -0.380159 2.46043 -0.208758 0.977649 -0.0244454 0.00508579
0.584332 -0.37735 2.46011 -0.206081 0.978204 -0.0248297 0.00564917
0.585498 -0.374653 2.46012 -0.203201 0.978808 -0.024858 0.00509286
0.586902 -0.371945 2.46061 -0.200921 0.979306 -0.0236937 0.00546406
0.587985 -0.368955 2.45973 -0.198383 0.979787 -0.0250714 0.00573867
0.589339 -0.365977 2.45981 -0.19603 0.980276 -0.0245937 0.00507523
0.590484 -0.362719 2.45978 -0.193372 0.980774 -0.0256667 0.00555399
0.591512 -0.359129 2.45977 -0.190742 0.98131 -0.0247281 0.0061352
0.592471 -0.356075 2.45996 -0.188722 0.981703 -0.0247367 0.00567443
0.593363 -0.353055 2.45963 -0.186702 0.982125 -0.023339 0.00531568
0.59421 -0.350106 2.45911 -0.185157 0.98236 -0.0255183 0.00587207
0.595253 -0.347198 2.45916 -0.183192 0.982769 -0.0240876 0.00503185
0.596584 -0.344539 2.46017 -0.180958 0.983185 -0.0238424 0.00575662
0.597676 -0.341648 2.46006 -0.178492 0.983651 -0.0233172 0.00534583
0.598334 -0.33849 2.45865 -0.176424 0.98395 -0.0260395 0.00626107
0.599663 -0.335848 2.46043 -0.174784 0.984312 -0.0231743 0.00654444
0.600081 -0.332723 2.45912 -0.173115 0.984622 -0.0225235 0.00665276
0.600639 -0.32964 2.45855 -0.1706 0.985026 -0.0240223 0.00646309
0.601598 -0.326436 2.45914 -0.168598 0.985342 -0.0248242 0.00771135
0.602208 -0.323017 2.45778 -0.166901 0.985584 -0.0268062 0.00706393
0.603137 -0.320047 2.45864 -0.165466 0.985892 -0.0240875 0.00757401
0.603829 -0.317209 2.45863 -0.162983 0.986287 -0.024682 0.00807431
0.604894 -0.314249 2.45863 -0.160873 0.986646 -0.0244815 0.00710171
0.606216 -0.311425 2.45956 -0.158158 0.987115 -0.023298 0.00692102
0.606861 -0.30861 2.45822 -0.15508 0.987513 -0.0265554 0.00795071
0.607945 -0.305886 2.45843 -0.152167 0.98799 -0.0258208 0.00731995
0.608755 -0.302982 2.45742 -0.149694 0.988381 -0.0256683 0.00602275
0.609712 -0.300049 2.45805 -0.14686 0.988828 -0.0245973 0.00685329
0.610514 -0.29691 2.45827 -0.14453 0.98918 -0.0241588 0.00702941
0.611544 -0.293964 2.45928 -0.141733 0.989586 -0.0239231 0.00769823
0.611818 -0.290498 2.45767 -0.138955 0.989951 -0.0252038 0.00727486
0.612548 -0.287369 2.45766 -0.136413 0.990273 -0.0261367 0.00817123
0.613379 -0.284402 2.45809 -0.134248 0.990629 -0.0239355 0.00763726
0.613845 -0.281245 2.4576 -0.131747 0.990937 -0.0249933 0.00780722
0.614379 -0.278049 2.45689 -0.129537 0.991228 -0.0254494 0.00635241
0.615615 -0.275046 2.45827 -0.127128 0.991562 -0.0242304 0.00746717
0.616675 -0.272112 2.45881 -0.125102 0.991825 -0.0240359 0.00742175
0.617887 -0.268946 2.45931 -0.12298 0.992131 -0.0221914 0.00768675
0.618295 -0.265526 2.45713 -0.120521 0.992435 -0.0226815 0.0057325
0.61935 -0.262704 2.45869 -0.118464 0.992649 -0.0234142 0.00814717
0.619919 -0.260037 2.45905 -0.115525 0.992966 -0.0243344 0.00897757
0.620306 -0.257075 2.45851 -0.112984 0.993268 -0.0235163 0.0099996
0.620734 -0.25381 2.45706 -0.109666 0.993652 -0.0238091 0.00788013
0.621552 -0.250612 2.45768 -0.107193 0.993903 -0.0242345 0.00885978
0.622008 -0.24769 2.45741 -0.105056 0.994114 -0.0247508 0.00943008
0.622649 -0.244671 2.45825 -0.102716 0.994322 -0.025802 0.0103418
0.623285 -0.241498 2.45926 -0.101045 0.994556 -0.0231774 0.0105079
0.623436 -0.237853 2.45782 -0.0985039 0.99483 -0.0223813 0.0104668
0.623707 -0.234518 2.45723 -0.0961611 0.995054 -0.0225214 0.0106497
0.624178 -0.231382 2.45715 -0.0936004 0.995247 -0.0243174 0.0114803
0.624846 -0.228253 2.45823 -0.0912912 0.995435 -0.0251486 0.011949
0.625228 -0.224807 2.4579 -0.0892802 0.995674 -0.0228475 0.0118101
0.625538 -0.221404 2.45719 -0.0871434 0.99588 -0.0225233 0.0110195
0.625892 -0.218017 2.45652 -0.0844021 0.996123 -0.0223854 0.0106414
0.626509 -0.214334 2.45649 -0.0807601 0.996389 -0.023889 0.0107914
0.62726 -0.210768 2.45828 -0.0783015 0.996587 -0.0226842 0.0130167
0.627758 -0.207213 2.45736 -0.0759641 0.996803 -0.0218267 0.0116579
0.628009 -0.203811 2.45662 -0.0736155 0.996979 -0.0220061 0.0113648
0.628698 -0.200531 2.45748 -0.0713231 0.997137 -0.0220747 0.0119844
0.629154 -0.197122 2.45734 -0.069609 0.997261 -0.0217537 0.0123209
0.629522 -0.193951 2.45714 -0.0673148 0.997418 -0.0218031 0.0122463
0.63006 -0.190817 2.45772 -0.0649542 0.997561 -0.0219879 0.0129883
0.630084 -0.187707 2.45619 -0.0626077 0.997694 -0.0232209 0.0121303
0.630488 -0.184797 2.4573 -0.0607529 0.997867 -0.0198698 0.0132922
0.630877 -0.181904 2.45783 -0.0578716 0.998023 -0.0200737 0.0140553
0.631464 -0.179134 2.4589 -0.0557451 0.998168 -0.0186346 0.014327
0.631424 -0.176106 2.45779 -0.0526404 0.998281 -0.0214466 0.0143005
0.631741 -0.173019 2.45803 -0.050161 0.998456 -0.0188943 0.0146052
0.631711 -0.169481 2.45747 -0.0474407 0.99862 -0.0175928 0.0140897
0.63131 -0.166385 2.45699 -0.0450754 0.998706 -0.0189938 0.0139337
0.631116 -0.16353 2.45691 -0.0429247 0.998784 -0.0200452 0.0136782
0.630994 -0.160528 2.45725 -0.040641 0.998898 -0.0186867 0.0142086
0.63102 -0.157318 2.45718 -0.0381924 0.99901 -0.0179242 0.0141282
0.630636 -0.153907 2.45538 -0.0358509 0.99908 -0.0196372 0.0129504
0.630962 -0.150724 2.45715 -0.0337716 0.999159 -0.0175889 0.0152299
0.630454 -0.14763 2.45549 -0.0314287 0.999243 -0.0182921 0.0138044
0.630604 -0.144715 2.45702 -0.0294161 0.999326 -0.0156019 0.0154647
0.630124 -0.141423 2.45538 -0.0263615 0.999379 -0.018155 0.0147355
0.630481 -0.138183 2.45632 -0.0241492 0.999428 -0.0181285 0.0152173
0.630404 -0.134613 2.45501 -0.0211952 0.999522 -0.0181278 0.0133078
0.630419 -0.130954 2.45587 -0.0191149 0.999569 -0.0167837 0.0146715
0.630482 -0.127577 2.45628 -0.0171472 0.999594 -0.016904 0.0152567
0.63092 -0.124431 2.45736 -0.0144722 0.999644 -0.0163165 0.0153849
0.630713 -0.121263 2.45561 -0.0122838 0.999729 -0.0145008 0.0134355
0.630993 -0.118436 2.45656 -0.00999085 0.999736 -0.0155514 0.0136798
0.630633 -0.115546 2.45481 -0.00720913 0.999798 -0.0120392 0.0144093
0.631496 -0.112632 2.45729 -0.00457292 0.99974 -0.0147002 0.0168042
0.629145 -0.109112 2.44736 -0.00178698 0.999792 -0.0192007 0.00661447
0.633517 -0.106008 2.4652 0.000695364 0.999702 -0.0157455 0.0186193
0.634275 -0.103418 2.46872 0.00208955 0.999643 -0.00505699 0.026161
0.630685 -0.0994866 2.45557 0.00583711 0.99966 -0.0141445 0.0211352
0.630796 -0.0964544 2.45641 0.00812837 0.999688 -0.0148952 0.0183136
0.630312 -0.0932828 2.45529 0.00906461 0.999737 -0.0125007 0.0169635
0.629964 -0.0901812 2.45526 0.0126322 0.999564 -0.0198694 0.0178398
0.629126 -0.0870278 2.45273 0.0141527 0.999582 -0.0190163 0.0165742
0.629299 -0.0836322 2.4538 0.0165993 0.999633 -0.0129686 0.0170296
0.629156 -0.0801225 2.45344 0.0190704 0.999624 -0.0121443 0.0155457
0.629162 -0.0769064 2.45446 0.0202601 0.999592 -0.00998543 0.0174772
0.628632 -0.0735995 2.45302 0.0232024 0.999542 -0.0125731 0.0148376
0.628104 -0.0703586 2.45208 0.025453 0.999474 -0.0137062 0.0146643
0.628186 -0.0671253 2.45259 0.0281769 0.999357 -0.0159467 0.015415
0.628284 -0.0636946 2.45313 0.0306569 0.999354 -0.0104561 0.015596
0.628126 -0.0604857 2.45287 0.0331275 0.999266 -0.0111577 0.0156674
0.627724 -0.0570445 2.45239 0.0364581 0.999142 -0.0130806 0.0146633
0.627399 -0.0538093 2.45235 0.03888 0.999045 -0.0129123 0.0151678
0.627421 -0.0507027 2.45288 0.0411724 0.998964 -0.0103346 0.0163892
0.626924 -0.0476949 2.45219 0.0438421 0.998868 -0.0103024 0.0152838
0.626602 -0.0445957 2.45176 0.0464804 0.998741 -0.0115837 0.0149258
0.626443 -0.0414589 2.4519 0.0489619 0.998621 -0.0111609 0.0153163
0.626128 -0.0384353 2.45187 0.0516105 0.998483 -0.0115054 0.0153228
0.6257 -0.035487 2.45158 0.0548296 0.998289 -0.0135299 0.0151837
0.625227 -0.0326131 2.45149 0.0573463 0.998148 -0.0117503 0.0165769
0.624742 -0.0297003 2.45095 0.0598036 0.998025 -0.0111883 0.0156269
0.624147 -0.0267481 2.4501 0.0624835 0.99786 -0.0115203 0.0154724
0.623886 -0.0236299 2.45042 0.0655042 0.997662 -0.0113186 0.0158326
0.623283 -0.0202489 2.44889 0.0692299 0.997425 -0.0126013 0.0138401
0.62307 -0.0169836 2.44975 0.0716103 0.997265 -0.0101038 0.0152624
0.62236 -0.0141939 2.44886 0.074782 0.996992 -0.0134835 0.015235
0.621928 -0.0114661 2.44959 0.0769951 0.996837 -0.0118382 0.0157578
0.621149 -0.00845615 2.44882 0.0798571 0.996613 -0.0126822 0.0150158
0.620406 -0.00510111 2.44807 0.0821071 0.996464 -0.0101256 0.0147048
0.619558 -0.00184358 2.44727 0.0841254 0.996295 -0.0113538 0.0137671
0.619205 0.00145082 2.44775 0.087422 0.995986 -0.0121589 0.0148602
0.618831 0.00462401 2.44795 0.0904144 0.995724 -0.0105027 0.0157791
0.618344 0.00767169 2.44799 0.0932147 0.995468 -0.0103029 0.0157576
0.617502 0.0106056 2.44669 0.0962589 0.995172 -0.0115766 0.0152394
0.617025 0.0135768 2.44683 0.0993362 0.994871 -0.0117895 0.0150295
0.616311 0.0168156 2.44582 0.102888 0.994517 -0.012599 0.0138012
0.615507 0.0205484 2.44543 0.106086 0.994175 -0.0125612 0.0142862
0.615084 0.0240369 2.44712 0.108391 0.993946 -0.00852879 0.0157853
0.614282 0.0270796 2.44661 0.111279 0.9936 -0.0108379 0.0160632
0.613433 0.0298516 2.44575 0.113766 0.993311 -0.012121 0.015639
0.612885 0.0325489 2.44541 0.115911 0.993083 -0.0100746 0.0158062
0.61224 0.0353162 2.44542 0.118323 0.992813 -0.00884069 0.015642
0.611272 0.0380915 2.44411 0.121334 0.992416 -0.0127503 0.0150504
0.610901 0.041268 2.44545 0.123143 0.992202 -0.0100016 0.0164331
0.609662 0.0442897 2.44334 0.126063 0.99181 -0.0138278 0.0151687
0.608855 0.0472469 2.44362 0.128936 0.991447 -0.0126574 0.0157433
0.60769 0.0500472 2.44228 0.131201 0.991153 -0.0131575 0.0151004
0.607298 0.053075 2.44315 0.133895 0.990793 -0.0120111 0.0160384
0.60657 0.0563748 2.44324 0.136894 0.990366 -0.0119477 0.0170751
0.605633 0.0595866 2.44217 0.139563 0.990007 -0.0132539 0.0152717
0.604484 0.0625138 2.4409 0.141633 0.989722 -0.0131742 0.0147454
0.603984 0.0653553 2.4426 0.144184 0.989328 -0.012434 0.0169253
0.602877 0.0681849 2.4417 0.146904 0.98893 -0.0131824 0.0162427
0.602397 0.0712401 2.44236 0.149653 0.988512 -0.0134433 0.0163441
0.601882 0.0741388 2.44299 0.152289 0.98813 -0.0108239 0.0170575
0.601029 0.0767038 2.44211 0.155691 0.987585 -0.0129423 0.0164132
0.599808 0.0791882 2.4402 0.159007 0.987077 -0.013487 0.0146023
0.599155 0.0819678 2.44156 0.161906 0.986577 -0.0130514 0.0167883
0.597958 0.0847727 2.44019 0.165033 0.986045 -0.015815 0.0151621
0.597137 0.0877703 2.44126 0.167628 0.985625 -0.0129286 0.0166741
0.595748 0.0907362 2.44014 0.170999 0.985063 -0.0133262 0.015269
0.594404 0.0939736 2.44047 0.174005 0.984552 -0.0124096 0.0150312
0.59311 0.0968204 2.44128 0.176108 0.98416 -0.0120501 0.0164268
0.591599 0.0995171 2.44062 0.178682 0.983685 -0.0132636 0.0161562
0.590349 0.102055 2.4403 0.180636 0.983334 -0.013213 0.0158383
0.589387 0.104636 2.44063 0.182589 0.982955 -0.0138678 0.0163922
0.588125 0.107354 2.44033 0.185328 0.982449 -0.0131755 0.0165158
0.5871 0.110177 2.44 0.187449 0.982062 -0.0125409 0.0161459
0.585806 0.112956 2.43974 0.190082 0.981533 -0.0148277 0.0155817
0.584449 0.115719 2.44006 0.191359 0.981301 -0.0124741 0.0165907
0.583094 0.118531 2.43974 0.193983 0.980758 -0.0145331 0.0165343
0.581812 0.121317 2.43974 0.196236 0.980339 -0.0117153 0.0170087
0.580443 0.124071 2.43974 0.198645 0.97982 -0.0145527 0.0167724
0.579188 0.126846 2.43972 0.200703 0.979435 -0.012743 0.0162263
0.577791 0.129559 2.43914 0.203472 0.978838 -0.0135012 0.0170858
0.576528 0.132285 2.4388 0.205946 0.978332 -0.0136421 0.0163144
0.575471 0.135314 2.43948 0.207898 0.977929 -0.0121226 0.0169442
0.573738 0.138452 2.43831 0.21018 0.977447 -0.0129602 0.0159084
0.572366 0.141655 2.4394 0.21254 0.976889 -0.0141879 0.0176771
0.570622 0.144594 2.43836 0.214623 0.97649 -0.0118663 0.0162414
0.56931 0.14743 2.43965 0.216632 0.976008 -0.0118752 0.018361
0.567552 0.15007 2.43861 0.219358 0.975407 -0.0128336 0.017294
0.566104 0.152961 2.43836 0.221539 0.974924 -0.0124968 0.0169587
0.564746 0.156074 2.43913 0.223824 0.974392 -0.0102506 0.0189391
0.562975 0.159172 2.43872 0.226784 0.973685 -0.0110603 0.0196072
0.561669 0.16242 2.44011 0.228597 0.973292 -0.00953034 0.0188284
0.559533 0.16478 2.43732 0.231505 0.972574 -0.013903 0.0176737
0.557999 0.167803 2.43885 0.233241 0.972204 -0.00837454 0.0186679
0.556202 0.170706 2.43761 0.235573 0.97166 -0.0117293 0.01566
0.554714 0.17378 2.43831 0.237449 0.971192 -0.010839 0.0169147
0.553078 0.176599 2.43791 0.239216 0.970721 -0.00962282 0.0195901
0.551455 0.179275 2.43674 0.241432 0.970192 -0.0112078 0.0176511
0.550236 0.182015 2.43777 0.243639 0.969613 -0.0103597 0.0195993
0.549045 0.184824 2.43804 0.245936 0.969035 -0.0112914 0.0189468
0.547351 0.187432 2.43764 0.248131 0.968456 -0.011094 0.020032
0.545607 0.189989 2.43632 0.250626 0.967837 -0.0126621 0.0178129
0.543978 0.192684 2.43606 0.253008 0.967207 -0.0119369 0.0188597
0.542616 0.195782 2.43756 0.255845 0.966475 -0.00945666 0.0194802
0.540816 0.198429 2.43726 0.258124 0.965857 -0.00823986 0.0205972
0.53938 0.200883 2.43754 0.260562 0.965142 -0.0113828 0.0218973
0.537532 0.203206 2.43629 0.262844 0.96459 -0.00865194 0.0201118
0.535719 0.205757 2.4356 0.265718 0.963802 -0.00970063 0.0196534
0.534147 0.208448 2.436 0.268249 0.963104 -0.00997478 0.0193407
0.532415 0.2111 2.43567 0.271034 0.962311 -0.00945361 0.0202396
0.530745 0.213607 2.43516 0.273769 0.961555 -0.00951194 0.0192762
0.529069 0.216212 2.4356 0.276514 0.96074 -0.0103339 0.02028
0.527257 0.218732 2.43526 0.278961 0.960046 -0.00979515 0.0199176
0.525309 0.221329 2.4348 0.281609 0.959289 -0.00900024 0.0194967
0.523601 0.22437 2.43518 0.285096 0.958262 -0.00703426 0.020125
0.521344 0.227353 2.43367 0.288061 0.957429 -0.00840596 0.0167368
0.519183 0.229979 2.4334 0.29102 0.956495 -0.0101666 0.0179105
0.517296 0.232696 2.43317 0.292368 0.956083 -0.00737758 0.0192605
0.515685 0.235147 2.4346 0.294228 0.95545 -0.00593573 0.0225889
0.51397 0.237487 2.43458 0.296601 0.954749 -0.0077581 0.0205439
0.51217 0.239884 2.4343 0.29866 0.954103 -0.00564159 0.0213724
0.510336 0.242319 2.43349 0.30123 0.953301 -0.0077264 0.0204375
0.508652 0.244918 2.43284 0.303857 0.952485 -0.00740889 0.0197176
0.506962 0.247482 2.43304 0.306414 0.951655 -0.00696404 0.0203722
0.505158 0.249903 2.4328 0.308348 0.950999 -0.00730996 0.0216757
0.502904 0.252184 2.43216 0.310435 0.950362 -0.00477596 0.0204883
0.501003 0.254721 2.43308 0.312639 0.949591 -0.00277557 0.0229348
0.498708 0.257217 2.43141 0.315722 0.948625 -0.00342052 0.0204398
0.496765 0.259969 2.43241 0.317906 0.947858 -0.00301786 0.0221578
0.494806 0.262148 2.43214 0.319932 0.947175 -0.00338107 0.0221702
0.492851 0.264169 2.43181 0.322551 0.946295 -0.00597625 0.0212291
0.49077 0.266341 2.43175 0.324692 0.945543 -0.00511752 0.0223062
0.488433 0.268677 2.43038 0.32711 0.944756 -0.00436179 0.020413
0.486519 0.271104 2.43114 0.329109 0.944046 -0.00450905 0.021068
0.484255 0.273211 2.42956 0.33169 0.943148 -0.00545767 0.020586
0.482322 0.275836 2.431 0.333543 0.942467 -0.00362243 0.0221667
0.480081 0.27827 2.42983 0.335909 0.941643 -0.00429434 0.0213159
0.477677 0.280637 2.42917 0.337827 0.94096 -0.00447106 0.0211494
0.47526 0.282975 2.42841 0.339897 0.940226 -0.0013736 0.021062
0.47308 0.285536 2.42874 0.342725 0.939215 -0.00207777 0.0202508
0.470463 0.288155 2.42778 0.345471 0.938236 -0.00242308 0.0189013
0.468366 0.29091 2.429 0.347493 0.937408 -0.00239725 0.0225552
0.46625 0.293217 2.42802 0.350121 0.936498 -0.00363922 0.0193169
0.464141 0.295544 2.42785 0.352187 0.935724 -0.00428132 0.0191216
0.462131 0.298034 2.42841 0.353961 0.93502 -0.00080951 0.0211743
0.460141 0.300168 2.4282 0.356489 0.934064 -0.00178392 0.0209023
0.458014 0.30214 2.42732 0.358668 0.93325 0.000554583 0.0200258
0.456088 0.304094 2.42772 0.361607 0.932122 -0.00270077 0.0195295
0.453781 0.305945 2.42613 0.363676 0.931342 -0.0021904 0.01838
0.451555 0.308074 2.42518 0.366854 0.930099 -0.00242943 0.0181258
0.449604 0.310384 2.42687 0.368814 0.929287 -0.00116978 0.020037
0.447341 0.312482 2.42618 0.371219 0.92831 0.00031525 0.0208923
0.445229 0.314393 2.42523 0.374033 0.927226 -0.00217137 0.0186277
0.443349 0.316583 2.42608 0.376016 0.926419 -0.000441655 0.0189772
0.441317 0.318889 2.42732 0.377247 0.925813 0.00122472 0.0235484
0.438782 0.320349 2.42365 0.381207 0.924306 -0.000647559 0.0184412
0.436149 0.323201 2.42492 0.383224 0.923503 0.00392042 0.0163227
0.433895 0.325747 2.42589 0.385487 0.92257 -0.00518364 0.0154117
0.430676 0.327674 2.42209 0.386995 0.921954 -0.0064148 0.0139244
0.428563 0.330444 2.42276 0.389508 0.920849 0.00187278 0.0177802
0.42647 0.332357 2.42349 0.392614 0.919559 -0.00293505 0.0160382
0.424543 0.334712 2.42451 0.395506 0.918301 -0.000579306 0.0172657
0.422435 0.337152 2.4245 0.398157 0.917168 -0.000953599 0.0165031
0.419996 0.339644 2.42293 0.401799 0.915605 -0.00239816 0.0147844
0.417468 0.342032 2.42324 0.403876 0.91467 0.00166091 0.0160993
0.414935 0.343874 2.42312 0.406495 0.913524 -0.00126505 0.0152821
0.412619 0.345847 2.42376 0.408619 0.912571 -0.00158869 0.0155738
0.410136 0.347938 2.42352 0.410717 0.91161 -0.000944047 0.0166509
0.407847 0.350166 2.42278 0.413225 0.910511 -0.00178867 0.0145622
0.405552 0.352328 2.42311 0.415074 0.90964 0.000683819 0.0163625
0.403396 0.354713 2.42383 0.417323 0.908585 -0.00016255 0.0177333
0.4011 0.357023 2.42375 0.419946 0.907414 -0.00153376 0.0156087
0.398833 0.359012 2.42341 0.421647 0.90662 -0.000531325 0.0159297
0.396696 0.360616 2.42421 0.423598 0.905676 -0.00115326 0.0176946
0.394221 0.362125 2.42338 0.425763 0.904676 -7.56108e-06 0.016929
0.391606 0.363621 2.42184 0.428411 0.903449 -0.00199156 0.0155293
0.389078 0.366092 2.42261 0.430883 0.902274 -0.00323203 0.015174
0.386183 0.367938 2.42182 0.432864 0.901342 -0.0040194 0.0139598
0.383779 0.370094 2.42297 0.434574 0.900473 -0.00177945 0.0170403
0.381255 0.371812 2.42226 0.436594 0.899508 0.000164811 0.0164579
0.378944 0.373554 2.42316 0.438652 0.898502 -0.00264441 0.0164549
0.376397 0.375446 2.42248 0.440976 0.897382 -0.00166797 0.0155763
0.374 0.377117 2.42176 0.443351 0.896216 -0.00134522 0.0153109
0.371787 0.378872 2.42176 0.446404 0.894692 -0.00306326 0.0154709
0.369566 0.38075 2.42216 0.449568 0.893106 -0.00459408 0.0151326
0.367154 0.382738 2.42169 0.45219 0.891776 -0.00143743 0.0160529
0.364567 0.384645 2.42155 0.45448 0.89063 -0.000817078 0.0150053
0.362029 0.386392 2.42182 0.457393 0.889133 -0.00353688 0.0148972
0.359031 0.388136 2.42145 0.460312 0.887653 -0.00187577 0.013441
0.355846 0.389713 2.42111 0.462637 0.886439 -0.000213657 0.0139178
0.353323 0.391358 2.42163 0.464697 0.885345 -0.00219195 0.0146853
0.350641 0.392625 2.42118 0.466156 0.884597 -0.00201806 0.0135045
0.348307 0.39408 2.42168 0.4687 0.883246 -0.00312141 0.0136786
0.346177 0.395755 2.42335 0.470244 0.882394 -0.00414412 0.0152951
0.343348 0.397145 2.42242 0.471711 0.88161 0.00214341 0.0157575
0.340717 0.398428 2.42082 0.47425 0.880304 -0.00190554 0.0122153
0.338138 0.399929 2.42115 0.476065 0.8793 -0.00219365 0.0137599
0.335404 0.401252 2.42082 0.477832 0.878337 -0.00298224 0.0138327
0.332416 0.402659 2.42062 0.479859 0.877238 -0.00255718 0.013519
0.329677 0.404359 2.42091 0.48186 0.876141 -0.00138357 0.013644
0.327026 0.406057 2.42122 0.484733 0.874548 -0.00413433 0.0135007
0.324164 0.407705 2.42078 0.486986 0.873314 -0.00151727 0.0128426
0.32164 0.409223 2.42146 0.488623 0.872366 -1.4655e-05 0.0150365
0.319131 0.410298 2.42094 0.490426 0.871396 -0.00111982 0.0122506
0.31641 0.411376 2.42101 0.492293 0.870324 -0.00260183 0.0132959
0.313488 0.41273 2.42068 0.494378 0.869155 -0.00294752 0.0122827
0.310383 0.414086 2.41977 0.496035 0.868224 -0.00217745 0.01152
0.307444 0.415628 2.42062 0.498055 0.867036 -0.00407024 0.0131595
0.304391 0.417053 2.42038 0.499856 0.866 2.4776e-05 0.0137187
0.301522 0.418325 2.41996 0.502031 0.864743 -0.00167664 0.013477
0.298828 0.420007 2.42105 0.504191 0.863465 -0.00291135 0.0145267
0.295855 0.421453 2.42078 0.505943 0.862457 -0.000558261 0.013753
0.292691 0.422933 2.42044 0.508558 0.860926 -0.00241148 0.0130115
0.289332 0.424598 2.42001 0.510666 0.859703 -0.00147643 0.0113779
0.286192 0.425916 2.421 0.51243 0.858627 -0.00435085 0.0124522
0.283055 0.427094 2.42042 0.514162 0.857594 -0.00261944 0.0127808
0.279914 0.428589 2.42102 0.515499 0.856775 0.00115853 0.0139804
0.2769 0.430209 2.42075 0.51778 0.855426 -0.00351202 0.0117539
0.273959 0.431805 2.42064 0.51891 0.854744 -0.00226661 0.0118641
0.271016 0.43323 2.42083 0.520237 0.853911 -0.000247124 0.0137519
0.26806 0.43432 2.41956 0.52298 0.852281 -0.00102626 0.0103881
0.265532 0.435841 2.42154 0.525289 0.850807 -0.00661881 0.0124581
0.262481 0.43726 2.42064 0.525899 0.85046 0.000316179 0.0121867
0.259629 0.43852 2.42071 0.528181 0.849032 -0.00155558 0.0129324
0.256736 0.439831 2.42063 0.530286 0.847728 -0.00147085 0.0123458
0.253795 0.441037 2.42103 0.53181 0.84675 0.000584894 0.0138756
0.251035 0.442245 2.42113 0.534147 0.845299 -0.00209381 0.0123223
0.248195 0.443152 2.42066 0.536309 0.843905 -0.00252277 0.0137684
0.245404 0.444196 2.42102 0.53868 0.842402 -0.00452271 0.0127553
0.242432 0.44556 2.42114 0.540634 0.841152 -0.00330877 0.0129695
0.239408 0.446898 2.4213 0.542257 0.840099 -0.000338806 0.0138168
0.236276 0.448225 2.42205 0.544087 0.838881 0.000808933 0.0157304
0.233394 0.449097 2.42089 0.546743 0.837199 -0.0037033 0.0124588
0.230401 0.450131 2.42051 0.548563 0.836012 -0.00069952 0.0127697
0.227437 0.45137 2.42073 0.550893 0.834485 -0.000694069 0.0122887
0.224491 0.452653 2.42104 0.553117 0.833009 -0.00242136 0.0123032
0.221422 0.454042 2.42057 0.555744 0.831254 0.000122704 0.0128508
0.218099 0.455149 2.41926 0.558168 0.829655 -0.000160602 0.0109921
0.215122 0.456276 2.41939 0.560214 0.828262 -9.04961e-05 0.0119319
0.212121 0.45758 2.41977 0.562163 0.826974 -0.00192653 0.00913829
0.209156 0.458611 2.41951 0.564022 0.825697 0.000532401 0.0102319
0.206229 0.459921 2.42069 0.565853 0.824417 -0.000871487 0.0120861
0.203376 0.460939 2.42019 0.567552 0.823266 2.8453e-05 0.0108848
0.200471 0.462047 2.41962 0.569638 0.821814 0.00177324 0.0114462
0.197688 0.463209 2.41959 0.571932 0.820191 0.000852416 0.0134111
0.194785 0.464221 2.41927 0.573551 0.819085 0.000726105 0.0117789
0.191804 0.465218 2.4196 0.575546 0.817702 -0.000102201 0.0104821
0.188545 0.466051 2.41905 0.577134 0.816564 0.0021807 0.0116163
0.185463 0.466966 2.41872 0.579626 0.814819 -0.000213598 0.0101637
0.182351 0.468299 2.4193 0.582091 0.813049 -0.00131074 0.0109278
0.179248 0.469315 2.41983 0.583886 0.811773 -0.00267306 0.00974986
0.176203 0.469499 2.41791 0.585609 0.810548 -0.000248124 0.00856072
0.17338 0.470229 2.41817 0.587153 0.80942 -0.000342459 0.00949132
0.170274 0.471001 2.41766 0.588931 0.808116 0.00258484 0.0101079
0.167056 0.471663 2.417 0.590551 0.806948 0.000166114 0.00923125
0.163908 0.472411 2.41648 0.592729 0.805361 0.000298145 0.00812315
0.160832 0.47348 2.41723 0.594592 0.803984 8.15271e-06 0.00843341
0.157575 0.474323 2.41678 0.596136 0.802815 0.00261725 0.0101184
0.154314 0.475191 2.4163 0.597936 0.8015 0.000974282 0.00828945
0.151005 0.475994 2.41617 0.599976 0.799977 5.18342e-05 0.00810301
0.147801 0.476976 2.4165 0.602539 0.798041 -0.00272888 0.00833601
0.144132 0.477883 2.41611 0.604725 0.7964 0.00138013 0.00724712
0.140625 0.478609 2.41556 0.606472 0.795062 0.00235998 0.00791168
0.137682 0.479647 2.41636 0.608087 0.793827 0.00226407 0.00795552
0.134682 0.480153 2.416 0.609865 0.792465 0.00163933 0.00785668
0.131782 0.480762 2.41582 0.611591 0.79113 0.00262671 0.00788305
0.12889 0.481437 2.41625 0.61363 0.789563 -0.000785016 0.00689441
0.125948 0.482004 2.41664 0.615715 0.787936 -2.52524e-05 0.00719037
0.122957 0.482414 2.41591 0.617652 0.786406 0.00136122 0.00837881
0.120124 0.483045 2.41585 0.61973 0.784763 0.00123694 0.00895072
0.11738 0.483615 2.41612 0.621951 0.783018 -0.00121213 0.00768098
0.114575 0.484383 2.41711 0.624323 0.781119 -0.00259317 0.00816178
0.1116 0.484796 2.41694 0.626343 0.779511 -0.00336285 0.00673828
0.108457 0.485176 2.4159 0.628528 0.777754 0.000748227 0.00715746
0.105355 0.486018 2.4166 0.631155 0.775627 -0.00148264 0.00665606
0.102347 0.486527 2.41747 0.632853 0.774225 -0.00175326 0.00829743
0.0996523 0.486862 2.41772 0.634665 0.772737 -0.00193546 0.00859255
0.0968472 0.487253 2.41822 0.636472 0.771253 -0.000896043 0.00843597
0.0938148 0.487673 2.41887 0.638333 0.769717 -0.00333401 0.00752814
0.0905939 0.487979 2.4182 0.639988 0.768348 -0.0020671 0.00717559
0.0871994 0.488262 2.41849 0.641542 0.767037 -0.00526387 0.0070499
0.0837595 0.488652 2.41772 0.64315 0.765688 -0.00254899 0.00856492
0.0807617 0.48912 2.41862 0.644997 0.764142 -0.00305527 0.00757298
0.0778112 0.489824 2.4192 0.647417 0.762075 -0.00513829 0.00810596
0.0749696 0.490609 2.41926 0.649469 0.760336 -0.00407047 0.00794493
0.0718645 0.491234 2.41921 0.65175 0.758388 -0.00517022 0.00655873
0.068384 0.491853 2.42004 0.654215 0.756246 -0.00613768 0.00755409
0.0647658 0.492116 2.41938 0.65598 0.754743 -0.0036378 0.00633101
0.0615317 0.492577 2.42063 0.657594 0.753316 -0.00466944 0.00797022
0.0585094 0.492999 2.42113 0.659352 0.751774 -0.00369709 0.00880385
0.0555471 0.493289 2.42155 0.660648 0.750609 -0.0055628 0.00992846
0.052577 0.49333 2.42058 0.662167 0.749285 -0.00357126 0.00971695
0.0495615 0.493693 2.42129 0.663936 0.74771 -0.00512678 0.0095682
0.0463611 0.493952 2.42068 0.665656 0.74621 -0.00316284 0.00798232
0.0432103 0.49441 2.42139 0.667398 0.744636 -0.00458217 0.0087777
0.040053 0.494621 2.42116 0.669305 0.742898 -0.00609366 0.00981447
0.0369206 0.494885 2.42098 0.670945 0.741413 -0.004544 0.0108896
0.0337876 0.495233 2.42156 0.673128 0.73944 -0.00702104 0.008794
0.0304886 0.495385 2.42132 0.674379 0.738316 -0.00354586 0.00947716
0.0271928 0.495508 2.42083 0.675815 0.737001 -0.0031893 0.00967472
0.023877 0.495866 2.42195 0.677315 0.735598 -0.00532035 0.0105875
0.0207192 0.495949 2.42128 0.679599 0.733494 -0.00680109 0.00929186
0.0172291 0.496353 2.42194 0.681416 0.731799 -0.00661322 0.00989864
0.0138617 0.496684 2.42213 0.682366 0.730921 -0.00351291 0.0109454
0.0105735 0.496933 2.42132 0.684074 0.72931 -0.00324382 0.0117846
0.007592 0.497072 2.42061 0.686247 0.727292 -0.00308375 0.0100395
0.00474703 0.497243 2.42006 0.68897 0.724708 -0.00440406 0.0099734
0.00185931 0.497582 2.41952 0.69099 0.722801 -0.00313015 0.00902892
-0.00116969 0.497991 2.41958 0.692917 0.720928 -0.000551275 0.011345
-0.00423045 0.498345 2.42083 0.695825 0.718136 -0.00600439 0.00848919
-0.00757811 0.498258 2.41968 0.697833 0.716153 -0.00102207 0.0123853
-0.0106778 0.49822 2.42013 0.700097 0.714011 -0.00497208 0.00519152
-0.013762 0.498091 2.41989 0.70055 0.7135 0.00444599 0.0112816
-0.0163431 0.498381 2.4233 0.70517 0.708865 -0.0132138 0.00844079
-0.0193397 0.498606 2.42308 0.70509 0.708843 -0.00421709 0.0192809
-0.0224595 0.495943 2.40902 0.706894 0.707304 -0.00243154 0.00407753
-0.0259514 0.498543 2.42291 0.708512 0.705524 -0.013649 0.00780184
-0.0283419 0.498314 2.42012 0.711777 0.702347 -0.00900628 0.000643328
-0.0313786 0.498057 2.41758 0.713692 0.700438 -0.00284177 0.00473044
-0.0344849 0.497976 2.41779 0.714604 0.699494 -0.00452998 0.00536615
-0.0376657 0.498188 2.41903 0.717051 0.696982 -0.00703264 0.00202195
-0.0407182 0.497973 2.41823 0.719143 0.69483 -0.00580298 0.00325904
-0.0438464 0.498 2.41768 0.721488 0.692384 -0.00694178 0.0032331
-0.0470988 0.498198 2.4188 0.723341 0.690458 -0.00565313 0.00371317
-0.0500076 0.498004 2.41744 0.724664 0.689084 -0.00167891 0.00467768
-0.0529138 0.498038 2.41784 0.726725 0.686905 -0.00402897 0.00404658
-0.055909 0.49799 2.41808 0.728458 0.685068 -0.00349541 0.00427619
-0.0591303 0.49792 2.41863 0.730463 0.682921 -0.00580441 0.00307994
-0.0622784 0.497422 2.41788 0.731953 0.68132 -0.00481595 0.00496409
-0.0655626 0.497264 2.41918 0.733854 0.679276 -0.00431342 0.00480489
-0.0685837 0.497042 2.41961 0.735864 0.677083 -0.0077251 0.00183523
-0.0717321 0.496643 2.41888 0.737028 0.675829 -0.0053393 0.00403746
-0.074903 0.49636 2.41944 0.738854 0.673823 -0.00622768 0.00430168
-0.0780337 0.495911 2.41963 0.740616 0.671881 -0.00660854 0.00456263
-0.0814776 0.495729 2.42088 0.742744 0.669505 -0.00899767 0.00368078
-0.0852023 0.495189 2.42021 0.744591 0.66747 -0.00774282 0.00290715
-0.0886193 0.494669 2.42015 0.745827 0.666082 -0.00724985 0.00485556
-0.091697 0.494209 2.42003 0.747156 0.664605 -0.00657225 0.00380848
-0.09465 0.493491 2.42004 0.748434 0.663147 -0.00802365 0.00437692
-0.0976392 0.493127 2.42052 0.750006 0.661358 -0.00934252 0.00314439
-0.10072 0.492761 2.42112 0.75116 0.660048 -0.00909402 0.00343151
-0.10399 0.492354 2.42148 0.752359 0.658673 -0.00953365 0.0038161
-0.107231 0.49192 2.42167 0.753451 0.657418 -0.00723765 0.00778759
-0.110312 0.491528 2.42188 0.755272 0.655307 -0.0100097 0.00614763
-0.113392 0.491223 2.42226 0.756839 0.6535 -0.00987513 0.00589858
-0.116306 0.491111 2.42341 0.758418 0.651659 -0.0103759 0.00592566
-0.119109 0.490352 2.42241 0.759819 0.650025 -0.0102305 0.00615003
-0.122144 0.489825 2.42279 0.761694 0.647831 -0.0091582 0.0073159
-0.125307 0.489143 2.42325 0.763716 0.645435 -0.0113611 0.00471341
-0.128045 0.488057 2.42261 0.764881 0.644049 -0.0108276 0.0063275
-0.130696 0.487354 2.42343 0.766336 0.642293 -0.0122601 0.00612945
-0.133596 0.486452 2.42405 0.768003 0.640288 -0.0129888 0.00585872
-0.13662 0.4855 2.42369 0.769384 0.638626 -0.0127238 0.00658604
-0.139707 0.484961 2.42434 0.770929 0.636759 -0.0130738 0.00591006
-0.142719 0.484009 2.42382 0.772199 0.635241 -0.0115411 0.00661434
-0.145804 0.483268 2.42455 0.773918 0.633112 -0.0126355 0.00783301
-0.148778 0.482184 2.42331 0.77552 0.631196 -0.0114766 0.00536594
-0.151804 0.481649 2.4249 0.776913 0.629417 -0.0138391 0.00694484
-0.154861 0.48068 2.42429 0.778643 0.627302 -0.0124081 0.00738071
-0.158237 0.480072 2.42495 0.780425 0.62508 -0.012489 0.0074248
-0.161685 0.478715 2.42392 0.781838 0.623322 -0.0115026 0.00809318
-0.164979 0.477852 2.42454 0.783196 0.621597 -0.0126249 0.00782504
-0.168106 0.477146 2.42461 0.784605 0.619824 -0.01214 0.00810785
-0.17128 0.476548 2.42534 0.786171 0.617828 -0.0126229 0.0079708
-0.174408 0.475642 2.4239 0.787151 0.616604 -0.00948868 0.0101552
-0.17725 0.474858 2.42348 0.788671 0.614659 -0.0101818 0.00939749
-0.180273 0.474468 2.42503 0.790238 0.612621 -0.0110063 0.00990669
-0.183203 0.473452 2.42441 0.791706 0.610736 -0.0119513 0.00778098
-0.186373 0.472546 2.42487 0.792796 0.609324 -0.011119 0.00862902
-0.18936 0.47124 2.42357 0.794179 0.607543 -0.0109441 0.0071861
-0.192619 0.470113 2.42395 0.795652 0.605591 -0.0114813 0.00815333
-0.195782 0.468832 2.42367 0.79696 0.603881 -0.00939774 0.00968674
-0.198618 0.467741 2.42415 0.798388 0.601952 -0.0125953 0.00844612
-0.201473 0.466677 2.42374 0.79952 0.600471 -0.0124161 0.00690977
-0.204318 0.465337 2.42301 0.800817 0.598768 -0.0101722 0.00807762
-0.207478 0.464281 2.42343 0.802235 0.596832 -0.0113232 0.00905696
-0.210796 0.463214 2.42362 0.803601 0.595 -0.011445 0.0082601
-0.214015 0.461995 2.42325 0.80472 0.593495 -0.0103076 0.00911207
-0.217067 0.461036 2.4235 0.806107 0.591596 -0.0106745 0.0095788
-0.220105 0.460081 2.42373 0.807831 0.589233 -0.0119489 0.00837747
-0.2233 0.459007 2.42357 0.809127 0.587464 -0.0119073 0.0075503
-0.226594 0.45808 2.42374 0.810889 0.585013 -0.0135684 0.00595329
-0.23005 0.457273 2.4246 0.81214 0.583264 -0.0120206 0.00935151
-0.233242 0.455987 2.42382 0.814124 0.580517 -0.0124849 0.00676871
-0.236255 0.454654 2.42337 0.815158 0.579079 -0.0119875 0.00641047
-0.239262 0.453675 2.42456 0.816481 0.577145 -0.0144623 0.007317
-0.242191 0.452373 2.42386 0.817649 0.575554 -0.0106008 0.00868542
-0.245155 0.451183 2.4238 0.818986 0.573641 -0.0103361 0.00948622
-0.248177 0.450146 2.4238 0.820475 0.571517 -0.0104884 0.00888436
-0.251154 0.449422 2.42418 0.821963 0.569375 -0.0103109 0.00903247
-0.254285 0.448808 2.42549 0.823803 0.56668 -0.0117805 0.00919045
-0.25716 0.447729 2.42472 0.82532 0.564509 -0.0107557 0.00780792
-0.260033 0.446554 2.42453 0.826404 0.562873 -0.010888 0.0106184
-0.262665 0.445551 2.42585 0.827977 0.56056 -0.0126208 0.00826645
-0.264997 0.443918 2.42462 0.829176 0.558818 -0.0105879 0.00880645
-0.267958 0.442852 2.42633 0.830857 0.556252 -0.0140496 0.00789153
-0.271092 0.441536 2.42674 0.83253 0.55371 -0.0151922 0.00826319
-0.274011 0.440094 2.42659 0.833647 0.552062 -0.012683 0.0100071
-0.276621 0.438873 2.42737 0.834728 0.550404 -0.0126967 0.0111407
-0.279108 0.437345 2.42698 0.836198 0.548186 -0.0132457 0.00945877
-0.281932 0.435958 2.42698 0.837434 0.546289 -0.0126763 0.0105853
-0.284907 0.434714 2.42845 0.838765 0.544181 -0.0154756 0.00998735
-0.28808 0.433008 2.42843 0.839563 0.542947 -0.0147032 0.0112899
-0.291254 0.431722 2.42881 0.84089 0.540897 -0.0141001 0.0116702
-0.293929 0.430186 2.42853 0.84196 0.539193 -0.014688 0.0125869
-0.296564 0.428706 2.42822 0.843237 0.537189 -0.0146899 0.0127814
-0.29923 0.427053 2.42855 0.844536 0.535146 -0.0143713 0.0131138
-0.30213 0.425624 2.42952 0.846108 0.532638 -0.0155848 0.0124259
-0.305368 0.424177 2.42994 0.847736 0.53009 -0.0140426 0.0122662
-0.308401 0.422167 2.4293 0.848544 0.528671 -0.0158298 0.0151424
-0.311145 0.420473 2.42911 0.849567 0.52701 -0.0158779 0.0156289
-0.313445 0.418154 2.42582 0.851163 0.524577 -0.0145109 0.0114084
-0.316637 0.417107 2.43014 0.851652 0.523469 -0.0158503 0.0204464
-0.319394 0.415793 2.43072 0.853116 0.521305 -0.0165482 0.012689
-0.322095 0.414617 2.43117 0.854218 0.519555 -0.0137374 0.013645
-0.324637 0.413248 2.43066 0.855531 0.517391 -0.015793 0.011123
-0.327223 0.411647 2.43007 0.856036 0.516422 -0.0137255 0.0179503
-0.329607 0.409241 2.42881 0.857221 0.514413 -0.0154342 0.0177054
-0.33254 0.407657 2.43072 0.858261 0.512698 -0.0155323 0.0169746
-0.335333 0.406354 2.43078 0.859613 0.51051 -0.0147072 0.0151673
-0.338298 0.405256 2.43128 0.861226 0.507788 -0.0148093 0.014894
-0.34132 0.403766 2.43131 0.862488 0.505601 -0.0169939 0.0139059
-0.343698 0.401223 2.42936 0.863207 0.504292 -0.0160436 0.0174943
-0.346418 0.399516 2.43005 0.864305 0.502458 -0.0153755 0.0166383
-0.34917 0.398093 2.43167 0.865541 0.500315 -0.0168585 0.015469
-0.351829 0.396582 2.43251 0.866695 0.498321 -0.0181273 0.0136853
-0.354236 0.394866 2.43053 0.867532 0.496859 -0.0157752 0.0164255
-0.356942 0.393088 2.43073 0.868642 0.494788 -0.0172064 0.0187119
-0.35928 0.390946 2.4282 0.869961 0.49252 -0.0122248 0.0210366
-0.362084 0.389591 2.42988 0.871856 0.489251 -0.015396 0.0162652
-0.364915 0.388628 2.43143 0.873459 0.486393 -0.0153905 0.0159416
-0.367352 0.387111 2.43041 0.874891 0.483813 -0.0151973 0.0161093
-0.369917 0.385131 2.42937 0.876218 0.481388 -0.0146071 0.0171678
-0.372858 0.383031 2.42965 0.878092 0.477939 -0.0128467 0.0190986
-0.375342 0.380844 2.42838 0.879403 0.475586 -0.0125012 0.0176586
-0.378049 0.379667 2.42992 0.88081 0.472966 -0.0125735 0.0178308
-0.380499 0.377711 2.42811 0.882213 0.470376 -0.0122034 0.0172525
-0.383503 0.37634 2.43078 0.883386 0.468116 -0.014237 0.0171637
-0.386122 0.375181 2.43139 0.884644 0.465798 -0.0148415 0.0147403
-0.38852 0.373894 2.43115 0.886026 0.463256 -0.0141507 0.0122762
-0.390882 0.372062 2.4308 0.887212 0.460936 -0.0142774 0.0137704
-0.393113 0.369752 2.42974 0.888072 0.459156 -0.0143641 0.0172714
-0.395746 0.367756 2.43051 0.889182 0.457003 -0.015882 0.0158352
-0.398487 0.366095 2.43074 0.890538 0.454471 -0.0148436 0.0133698
-0.401107 0.364493 2.43082 0.891864 0.451857 -0.015284 0.0130414
-0.403532 0.362673 2.43039 0.892882 0.449786 -0.0134109 0.0165866
-0.405856 0.360849 2.42954 0.894138 0.447293 -0.0143676 0.0154844
-0.408383 0.35921 2.42971 0.895418 0.444791 -0.0139332 0.0138876
-0.41116 0.357629 2.43163 0.896561 0.442404 -0.0158328 0.0143459
-0.413824 0.355722 2.43199 0.897859 0.43983 -0.0158429 0.0121628
-0.416559 0.35388 2.4323 0.898912 0.437713 -0.0153193 0.0114316
-0.418922 0.351609 2.43096 0.899826 0.435722 -0.0152882 0.0150336
-0.421223 0.349408 2.4307 0.900968 0.433465 -0.0133698 0.013604
-0.424033 0.347632 2.43308 0.902201 0.430733 -0.0175854 0.0139025
-0.426459 0.345615 2.43253 0.90318 0.4287 -0.0157618 0.0152986
-0.429119 0.343755 2.43298 0.904269 0.426353 -0.0171795 0.015033
-0.431604 0.341515 2.4325 0.905578 0.423648 -0.0157854 0.0142144
-0.434292 0.339016 2.43233 0.906669 0.42127 -0.0155657 0.0154902
-0.436573 0.336716 2.43145 0.907661 0.419154 -0.0141127 0.0162047
-0.439133 0.334647 2.43195 0.908645 0.417 -0.0143931 0.0164005
-0.441758 0.332568 2.43337 0.909563 0.414916 -0.01568 0.0171422
-0.443971 0.330277 2.43229 0.910568 0.412804 -0.0138579 0.0163593
-0.446686 0.328276 2.43348 0.911287 0.411107 -0.0158457 0.0171863
-0.449102 0.326358 2.43252 0.912227 0.40912 -0.0131624 0.0170237
-0.451559 0.324462 2.43256 0.913306 0.406641 -0.0148709 0.0171342
-0.45397 0.322595 2.4329 0.91445 0.404064 -0.0154247 0.0166316
-0.456443 0.321001 2.4336 0.91547 0.401742 -0.0160694 0.016141
-0.45846 0.319143 2.43301 0.916647 0.399129 -0.0156522 0.0144459
-0.460633 0.317159 2.43289 0.917804 0.396463 -0.0151272 0.0149894
-0.462972 0.315128 2.43247 0.91885 0.394001 -0.0143387 0.0164808
-0.46577 0.313384 2.43528 0.920194 0.390807 -0.0172345 0.0146907
-0.467374 0.311189 2.4339 0.92139 0.388276 -0.0114268 0.0123336
-0.4693 0.30933 2.43427 0.922619 0.385107 -0.0157299 0.0147938
-0.471132 0.307333 2.43439 0.923319 0.383297 -0.0140367 0.019182
-0.473656 0.305281 2.43553 0.924339 0.380878 -0.0141642 0.0181188
-0.475543 0.302998 2.43471 0.925594 0.377727 -0.0172896 0.0172985
-0.477641 0.300751 2.43439 0.926628 0.375229 -0.0164665 0.0171022
-0.479851 0.298544 2.43471 0.92788 0.372161 -0.0169283 0.0157794
-0.482398 0.296899 2.4375 0.929162 0.36878 -0.0213803 0.0142097
-0.484473 0.294758 2.43713 0.930238 0.366199 -0.0192013 0.0136629
-0.486359 0.292364 2.43623 0.93125 0.363564 -0.0181894 0.0162147
-0.488886 0.290094 2.43709 0.932653 0.360103 -0.0170695 0.0138631
-0.491699 0.287728 2.43921 0.933892 0.356766 -0.0204555 0.0120838
-0.493443 0.284953 2.43698 0.934478 0.355264 -0.0168776 0.0159107
-0.495848 0.282786 2.43847 0.935451 0.352682 -0.0189276 0.013734
-0.497605 0.280301 2.4379 0.936387 0.350293 -0.0169599 0.0136561
-0.499416 0.277995 2.43766 0.937204 0.348113 -0.0167038 0.0136523
-0.501364 0.275945 2.43834 0.937894 0.346253 -0.0174066 0.0126835
-0.502993 0.273543 2.43776 0.938522 0.344509 -0.0166903 0.0145619
-0.504894 0.271199 2.43858 0.939287 0.342376 -0.0180475 0.0139283
-0.506723 0.268624 2.43857 0.940004 0.340414 -0.0178635 0.013876
-0.508776 0.265919 2.43831 0.940664 0.338589 -0.017118 0.014692
-0.510842 0.26316 2.43895 0.941236 0.336919 -0.0167043 0.0167977
-0.513093 0.260714 2.44027 0.942261 0.333998 -0.0181207 0.0161301
-0.515198 0.257912 2.44119 0.942988 0.331892 -0.0195034 0.0155538
-0.516289 0.254711 2.43823 0.943507 0.330502 -0.0158731 0.0176138
-0.518106 0.252434 2.43992 0.944125 0.328712 -0.0173743 0.016592
-0.519446 0.249841 2.4404 0.944781 0.326807 -0.0172649 0.0169581
-0.521121 0.247306 2.4417 0.945594 0.324416 -0.0201318 0.0141991
-0.522837 0.244345 2.44044 0.946186 0.322666 -0.0179202 0.0172261
-0.525055 0.241631 2.44201 0.946946 0.320417 -0.0190587 0.0162302
-0.526986 0.238918 2.44181 0.947625 0.318375 -0.0188 0.0170406
-0.528962 0.236281 2.44322 0.948212 0.316589 -0.0210606 0.0148997
-0.530552 0.233271 2.44201 0.948827 0.314752 -0.0184181 0.0178787
-0.53243 0.230427 2.44178 0.949531 0.312581 -0.0179156 0.0190443
-0.534385 0.22764 2.44192 0.950405 0.310004 -0.0169765 0.0184335
-0.536827 0.224757 2.44344 0.951327 0.307111 -0.0188948 0.017389
-0.53898 0.221787 2.44412 0.952001 0.304901 -0.0195876 0.0186005
-0.540938 0.219213 2.44426 0.952739 0.30267 -0.0187188 0.0181556
-0.542718 0.216674 2.44415 0.953435 0.300538 -0.0184512 0.0172901
-0.544326 0.213872 2.44385 0.954004 0.298703 -0.0168237 0.0192147
-0.545954 0.211099 2.44345 0.954705 0.296434 -0.0160047 0.0202256
-0.547537 0.208478 2.4427 0.955273 0.294515 -0.0142015 0.0226269
-0.549409 0.206203 2.44414 0.956305 0.291397 -0.0151303 0.0184149
-0.550656 0.203711 2.44263 0.957172 0.288673 -0.0150922 0.0161541
-0.552427 0.201057 2.44276 0.957618 0.286929 -0.0146334 0.0206012
-0.554192 0.198583 2.44397 0.95842 0.284352 -0.0157136 0.0180937
-0.555982 0.19601 2.44538 0.959161 0.281732 -0.0173479 0.0183421
-0.557458 0.193278 2.44539 0.959802 0.27957 -0.0167331 0.0184468
-0.558644 0.190575 2.44434 0.960413 0.277408 -0.0155418 0.0202763
-0.560326 0.187948 2.4456 0.961082 0.275004 -0.0173865 0.0198123
-0.561926 0.185258 2.44607 0.961832 0.272524 -0.016128 0.0186892
-0.563567 0.182408 2.44615 0.962436 0.270419 -0.0155339 0.0186928
-0.565118 0.179183 2.44542 0.962972 0.268381 -0.0146542 0.0210372
-0.566964 0.176168 2.44616 0.963389 0.266865 -0.0147322 0.0211474
-0.569088 0.173227 2.44716 0.964076 0.264394 -0.0168974 0.0191636
-0.570574 0.17049 2.44718 0.964749 0.261957 -0.017181 0.0185048
-0.571946 0.167694 2.44693 0.965521 0.258985 -0.016475 0.0206085
-0.573066 0.164936 2.44481 0.966301 0.256197 -0.0140985 0.0206378
-0.57537 0.162347 2.44773 0.966905 0.253829 -0.0162491 0.0200317
-0.577264 0.159496 2.44877 0.967581 0.251283 -0.0167582 0.0190653
-0.578752 0.156244 2.44838 0.968018 0.249293 -0.0163217 0.022963
-0.580375 0.153402 2.44952 0.968721 0.24675 -0.0172209 0.0199579
-0.581336 0.150158 2.44821 0.969263 0.244546 -0.0156721 0.0219236
-0.582594 0.147131 2.44801 0.969739 0.242741 -0.0143389 0.0218571
-0.584397 0.144266 2.44871 0.970331 0.240336 -0.0155145 0.0213683
-0.586048 0.141628 2.44935 0.970771 0.238492 -0.0170393 0.0208302
-0.587056 0.138606 2.44757 0.971218 0.236363 -0.0151752 0.0252612
-0.588588 0.135985 2.44864 0.971896 0.234 -0.0133019 0.0220155
-0.589787 0.133277 2.44854 0.972576 0.231423 -0.0129186 0.0193159
-0.591431 0.130369 2.45026 0.97263 0.230419 -0.0157029 0.0255089
-0.592585 0.127393 2.44952 0.973421 0.227577 -0.0148738 0.0209554
-0.59438 0.124559 2.45068 0.974083 0.224651 -0.015393 0.0213623
-0.595648 0.121395 2.45006 0.97449 0.222879 -0.0141025 0.0222443
-0.596672 0.118326 2.44939 0.974826 0.221274 -0.014266 0.0234129
-0.5981 0.115245 2.45014 0.975394 0.218837 -0.0151058 0.0221115
-0.599227 0.112327 2.45041 0.975881 0.216616 -0.0159743 0.0218631
-0.600562 0.109491 2.45084 0.976379 0.214407 -0.0147654 0.0222808
-0.601991 0.106779 2.45193 0.976838 0.212199 -0.01578 0.0225777
-0.602969 0.104045 2.45033 0.977413 0.20973 -0.0137595 0.0220994
-0.603936 0.101161 2.44961 0.978021 0.206932 -0.0138693 0.0215084
-0.605287 0.0983329 2.45015 0.978574 0.204174 -0.0143413 0.0223531
-0.607033 0.0956758 2.45186 0.979357 0.200511 -0.0150995 0.0206662
-0.608052 0.0929047 2.45126 0.979886 0.197944 -0.0145122 0.0207624
-0.609142 0.0899763 2.45066 0.980527 0.194678 -0.0138061 0.0218427
-0.610789 0.0865444 2.45204 0.981264 0.190921 -0.0138902 0.021826
-0.611439 0.0831446 2.44977 0.981854 0.187987 -0.0108409 0.0224959
-0.613001 0.080306 2.45164 0.982291 0.185667 -0.0133528 0.0213157
-0.614218 0.077613 2.45284 0.982725 0.18334 -0.013014 0.0216605
-0.615071 0.074879 2.45196 0.983161 0.181094 -0.0114745 0.0216161
-0.616174 0.0720951 2.45243 0.983645 0.178521 -0.011949 0.0207121
-0.616772 0.0691929 2.45109 0.984004 0.176395 -0.0104593 0.0226359
-0.617502 0.0662485 2.45041 0.984455 0.173844 -0.0100615 0.0229226
-0.618914 0.0633042 2.45249 0.984824 0.171634 -0.0123434 0.0225939
-0.620261 0.0603489 2.45381 0.98519 0.169453 -0.0123448 0.0231022
-0.621099 0.0572269 2.45279 0.985673 0.166747 -0.0124706 0.0221256
-0.621894 0.0544193 2.45197 0.986156 0.163994 -0.0116754 0.0215785
-0.622919 0.0512827 2.45258 0.986638 0.161058 -0.0108812 0.0220716
-0.623802 0.0483694 2.45337 0.986998 0.158572 -0.0124557 0.023126
-0.624658 0.0457186 2.45331 0.987465 0.156003 -0.0109837 0.0213437
-0.62546 0.0430105 2.45377 0.987866 0.1535 -0.0118396 0.0204309
-0.626388 0.0399914 2.45338 0.988226 0.150961 -0.0108354 0.0224346
-0.627422 0.0367634 2.4543 0.988519 0.148955 -0.0123402 0.0221584
-0.628723 0.0336006 2.45575 0.988908 0.146297 -0.0146044 0.021111
-0.629024 0.0303961 2.45384 0.989214 0.144097 -0.0116633 0.0235553
-0.630131 0.0273183 2.45524 0.989661 0.141214 -0.012327 0.0218674
-0.630695 0.0241008 2.45435 0.989928 0.139247 -0.0112455 0.0229416
-0.631477 0.0209732 2.455 0.990236 0.137121 -0.0113572 0.0224091
-0.632333 0.0178439 2.45548 0.990659 0.134007 -0.012077 0.0221641
-0.633348 0.0143123 2.45616 0.991052 0.131104 -0.0109209 0.0225598
-0.633871 0.0107782 2.45582 0.991249 0.129254 -0.011074 0.0244052
-0.634741 0.00756891 2.45666 0.991661 0.126364 -0.012523 0.0220169
-0.635576 0.0043926 2.45653 0.991925 0.12445 -0.0109421 0.0218634
-0.636683 0.00124218 2.45808 0.992146 0.122509 -0.0122561 0.0220956
-0.637062 -0.00197226 2.45677 0.992394 0.12046 -0.0120691 0.0223213
-0.637924 -0.00525563 2.45671 0.99261 0.118544 -0.0111472 0.0234304
-0.63876 -0.00843398 2.45706 0.992857 0.116467 -0.0109439 0.0234652
-0.639316 -0.0112776 2.45649 0.993144 0.114001 -0.0101343 0.0238086
-0.640422 -0.0141068 2.45774 0.993441 0.111367 -0.0110239 0.023459
-0.640958 -0.0170095 2.45662 0.993792 0.108374 -0.0102874 0.0229293
-0.64225 -0.0199787 2.45762 0.994116 0.105263 -0.0108639 0.0231318
-0.643368 -0.0230882 2.45838 0.994345 0.102812 -0.0123014 0.0236048
-0.643892 -0.0260145 2.45832 0.994701 0.0998029 -0.0112257 0.022006
-0.64415 -0.0288316 2.45748 0.99495 0.0970173 -0.0113318 0.0230937
-0.644406 -0.0316502 2.45635 0.99524 0.0939779 -0.0103213 0.0236431
-0.645882 -0.0346517 2.45896 0.995535 0.0909929 -0.0116559 0.0222348
-0.646431 -0.0379054 2.45782 0.995696 0.0883818 -0.01019 0.0259549
-0.647572 -0.0409406 2.45946 0.995989 0.0856452 -0.0111217 0.0234061
-0.647789 -0.043891 2.45815 0.996225 0.0828148 -0.00877057 0.0245
-0.648161 -0.0467921 2.4582 0.996473 0.0799448 -0.00926484 0.023749
-0.648553 -0.0498202 2.45829 0.996669 0.0771095 -0.00960332 0.0247662
-0.649248 -0.0529663 2.45921 0.996892 0.0742272 -0.00998042 0.0244407
-0.649883 -0.0560373 2.45987 0.997171 0.0710693 -0.0098836 0.022376
-0.650537 -0.0592071 2.46025 0.997373 0.0678608 -0.0100425 0.0232422
-0.651017 -0.0623672 2.46026 0.997561 0.0652386 -0.00942592 0.0229423
-0.651404 -0.0655936 2.46014 0.997698 0.0627099 -0.00962111 0.0239696
-0.651732 -0.0687287 2.46009 0.997904 0.0600575 -0.00872663 0.0224626
-0.652033 -0.0718041 2.45945 0.997979 0.0573753 -0.00895978 0.025808
-0.652806 -0.0747254 2.45996 0.998208 0.0545473 -0.00814056 0.0232397
-0.653251 -0.0774642 2.4592 0.998301 0.0521068 -0.00753202 0.0249709
-0.65436 -0.0803589 2.46099 0.998452 0.0493432 -0.00864331 0.024165
-0.654449 -0.0833438 2.45983 0.99858 0.0469949 -0.00781731 0.023842
-0.655033 -0.0865471 2.46117 0.998625 0.0451039 -0.00878382 0.0252503
-0.655306 -0.0895661 2.46145 0.998749 0.0427911 -0.00882099 0.0243019
-0.655151 -0.0926519 2.46127 0.998755 0.0410418 -0.0103642 0.0263931
-0.655194 -0.0957822 2.46173 0.998927 0.0384426 -0.009941 0.0238479
-0.655556 -0.0991428 2.46281 0.999008 0.0361867 -0.0103268 0.0238037
-0.655528 -0.102481 2.46304 0.999128 0.0338024 -0.0106605 0.0220476
-0.65497 -0.105469 2.46172 0.999112 0.0324812 -0.0107978 0.0245764
-0.654915 -0.108411 2.46182 0.999162 0.0301385 -0.0104123 0.0256432
-0.654654 -0.111475 2.46142 0.999181 0.0284238 -0.0103148 0.0268769
-0.65415 -0.114629 2.46035 0.999253 0.026402 -0.00951833 0.0265773
-0.654369 -0.117978 2.46157 0.999311 0.024461 -0.0098668 0.0261281
-0.654413 -0.121039 2.46205 0.999387 0.0220932 -0.0103785 0.0251014
-0.654507 -0.124246 2.46257 0.999387 0.0204722 -0.0105069 0.0263744
-0.654 -0.127637 2.46171 0.999434 0.0185559 -0.0121497 0.0252758
-0.654112 -0.131102 2.46266 0.999538 0.0165153 -0.0110118 0.0230024
-0.653662 -0.134467 2.46178 0.999453 0.0139596 -0.00847229 0.0287439
-0.652101 -0.137924 2.45636 0.999347 0.0110338 -0.00842224 0.0333684
-0.653447 -0.141597 2.46117 0.999351 0.00916719 -0.0133406 0.0321677
-0.652582 -0.144457 2.45756 0.999496 0.00731489 -0.0103304 0.0291235
-0.653381 -0.147888 2.46179 0.999403 0.00520835 -0.00816966 0.0331697
-0.653304 -0.150865 2.46239 0.999716 0.0010758 -0.0101087 0.0215451
-0.652626 -0.153279 2.45991 0.999648 0.000563043 -0.00789854 0.0253234
-0.653351 -0.156511 2.46199 0.999505 -0.00276183 -0.00670783 0.0306278
-0.652377 -0.159483 2.45881 0.999585 -0.00598815 -0.00606048 0.0275128
-0.653134 -0.162765 2.46325 0.999504 -0.007684 -0.00896285 0.0291821
-0.652036 -0.165678 2.46008 0.999526 -0.00971817 -0.00640931 0.0285071
-0.651932 -0.168626 2.46144 0.999554 -0.0121512 -0.00757347 0.0262012
-0.651422 -0.171528 2.46088 0.999529 -0.0147402 -0.00655624 0.0260888
-0.651087 -0.174694 2.46087 0.999427 -0.0172722 -0.00547118 0.0285931
-0.65048 -0.1781 2.45993 0.99941 -0.0203403 -0.00533413 0.0271453
-0.650367 -0.181347 2.46213 0.99938 -0.0223954 -0.00734039 0.0261623
-0.649942 -0.183934 2.46301 0.999378 -0.0243877 -0.00813699 0.0241342
-0.648933 -0.186699 2.46209 0.999283 -0.0263022 -0.00777342 0.0260907
-0.648936 -0.190019 2.46413 0.999249 -0.0290409 -0.00908544 0.0240052
-0.647586 -0.193332 2.46048 0.999159 -0.0305699 -0.00606981 0.0266607
-0.647716 -0.19697 2.46201 0.999076 -0.0328044 -0.00701715 0.0268503
-0.647654 -0.200245 2.46282 0.999028 -0.0355624 -0.00718837 0.0250531
-0.647001 -0.20309 2.46177 0.99892 -0.0379437 -0.0066731 0.0259666
-0.646612 -0.20617 2.46157 0.998833 -0.0410114 -0.00691648 0.0245538
-0.646322 -0.209387 2.46254 0.998716 -0.0428452 -0.00816175 0.0257597
-0.645721 -0.212749 2.46212 0.998614 -0.0453023 -0.00723024 0.0258017
-0.645665 -0.21659 2.46349 0.998455 -0.0481975 -0.00723797 0.0266857
-0.644821 -0.220219 2.46297 0.998316 -0.0507787 -0.00733079 0.0270614
-0.644112 -0.223401 2.46226 0.998232 -0.0531435 -0.00658629 0.0257917
-0.643893 -0.226866 2.46356 0.99812 -0.0554716 -0.00683784 0.0251701
-0.643198 -0.230234 2.46383 0.998006 -0.0573618 -0.00648802 0.0255409
-0.642621 -0.233332 2.46311 0.997885 -0.0589089 -0.00633798 0.02675
-0.641909 -0.236234 2.46234 0.997716 -0.0606762 -0.00605172 0.0290684
-0.641699 -0.239337 2.46325 0.997602 -0.0634737 -0.0064753 0.0268156
-0.640923 -0.242376 2.46213 0.997435 -0.0659286 -0.00612148 0.0271787
-0.640794 -0.245628 2.46351 0.997318 -0.0682107 -0.00713237 0.0255624
-0.640127 -0.248717 2.46329 0.997133 -0.0704517 -0.0072751 0.026645
-0.639176 -0.251798 2.46215 0.996949 -0.0727068 -0.00711753 0.0274903
-0.638612 -0.255009 2.46311 0.996802 -0.075295 -0.00656428 0.025938
-0.63766 -0.258347 2.46224 0.996661 -0.0768833 -0.00722798 0.0265297
-0.636983 -0.261536 2.46248 0.996476 -0.0791279 -0.00761691 0.0267469
-0.636468 -0.264628 2.46368 0.996329 -0.0813467 -0.00801366 0.0254491
-0.635679 -0.267702 2.46304 0.996127 -0.0834942 -0.00674105 0.0267371
-0.634733 -0.270713 2.46131 0.995896 -0.0860759 -0.00595136 0.0273433
-0.634699 -0.27385 2.46197 0.995687 -0.088828 -0.00487569 0.0263246
-0.634107 -0.276672 2.46167 0.995396 -0.0921517 -0.00470721 0.0259312
-0.634187 -0.279783 2.4638 0.995132 -0.0948192 -0.00631039 0.026099
-0.63359 -0.282657 2.46363 0.994869 -0.0975837 -0.00613608 0.025978
-0.632583 -0.285642 2.46289 0.994618 -0.100213 -0.00581796 0.0256685
-0.631993 -0.288832 2.46383 0.994325 -0.103146 -0.00627787 0.0252997
-0.630869 -0.291912 2.46282 0.994002 -0.106047 -0.00587346 0.0260863
-0.630052 -0.294986 2.46352 0.993712 -0.108529 -0.006847 0.0266648
-0.629034 -0.29777 2.46318 0.993461 -0.111234 -0.00619108 0.0249888
-0.627972 -0.300612 2.46283 0.993202 -0.113243 -0.00601664 0.0262768
-0.627219 -0.30354 2.46326 0.992934 -0.115568 -0.00567991 0.0263482
-0.626381 -0.306288 2.46244 0.992617 -0.118075 -0.00573029 0.0271573
-0.626081 -0.309288 2.46397 0.992373 -0.120397 -0.00603769 0.0257633
-0.625637 -0.312429 2.46544 0.992078 -0.12322 -0.00589316 0.0237379
-0.624261 -0.315206 2.46413 0.991819 -0.124943 -0.00682149 0.0252354
-0.623004 -0.318092 2.46352 0.991562 -0.126906 -0.00578823 0.0258218
-0.621857 -0.320905 2.46325 0.991256 -0.12892 -0.00675182 0.0273025
-0.620678 -0.323597 2.46279 0.990915 -0.13193 -0.00568345 0.0254927
-0.619986 -0.326708 2.46357 0.990553 -0.134494 -0.00566967 0.0261523
-0.618658 -0.329642 2.46246 0.990231 -0.136886 -0.00566045 0.0259323
-0.617662 -0.332503 2.4627 0.989955 -0.138949 -0.00642269 0.0253157
-0.616872 -0.335213 2.46342 0.989615 -0.141446 -0.00611303 0.0248391
-0.615933 -0.338068 2.46415 0.989291 -0.143484 -0.00712744 0.0257656
-0.614536 -0.340894 2.4634 0.988946 -0.146006 -0.00653002 0.0250015
-0.613288 -0.343919 2.4634 0.988639 -0.147718 -0.00616457 0.0270931
-0.611948 -0.346941 2.46331 0.988237 -0.150568 -0.00775912 0.0256217
-0.610927 -0.349845 2.46389 0.987881 -0.152875 -0.00693959 0.0259225
-0.609571 -0.352566 2.46313 0.987493 -0.154995 -0.00852561 0.0275989
-0.609046 -0.355889 2.46569 0.987166 -0.157467 -0.00905374 0.0250056
-0.607193 -0.358573 2.46303 0.98677 -0.15962 -0.00738619 0.0274373
-0.606129 -0.361858 2.46354 0.98632 -0.162603 -0.00725337 0.0261052
-0.604966 -0.365686 2.46526 0.985823 -0.165424 -0.0089889 0.0265753
-0.603085 -0.368493 2.46399 0.985496 -0.167356 -0.00863681 0.0267251
-0.601834 -0.371354 2.46434 0.985166 -0.169464 -0.00840977 0.0256667
-0.600663 -0.374143 2.46534 0.98485 -0.171356 -0.00893862 0.0250516
-0.599305 -0.376843 2.46455 0.984544 -0.172982 -0.00885521 0.0259263
-0.598246 -0.379755 2.4651 0.984215 -0.17473 -0.00938656 0.0265114
-0.59718 -0.382752 2.46602 0.983833 -0.17693 -0.00962919 0.0259818
-0.595588 -0.385377 2.46436 0.98346 -0.178995 -0.00816481 0.0264721
-0.59471 -0.388399 2.46589 0.982997 -0.181559 -0.0104448 0.0253862
-0.593543 -0.391214 2.46534 0.982579 -0.183872 -0.00929647 0.0253737
-0.592579 -0.394078 2.46532 0.982107 -0.186334 -0.00852451 0.0259432
-0.59149 -0.396967 2.46605 0.981624 -0.188942 -0.00976916 0.0249054
-0.590552 -0.400017 2.46745 0.981001 -0.192173 -0.0096792 0.0247356
-0.588605 -0.402563 2.46501 0.98043 -0.195042 -0.0084096 0.0254041
-0.587889 -0.405437 2.46699 0.97988 -0.198063 -0.00972006 0.0226307
-0.586552 -0.407927 2.46701 0.979399 -0.200452 -0.00936198 0.0225577
-0.585164 -0.410595 2.46722 0.978844 -0.202816 -0.0103505 0.0249756
-0.583905 -0.41341 2.46752 0.97824 -0.205924 -0.00995345 0.0232946
-0.582355 -0.416153 2.4671 0.977676 -0.208627 -0.00949731 0.0231278
-0.580889 -0.418904 2.46604 0.977103 -0.211063 -0.00913928 0.0252782
-0.579467 -0.421561 2.46605 0.976525 -0.213771 -0.00932252 0.0247899
-0.578273 -0.424333 2.46675 0.975955 -0.216538 -0.00869334 0.0233984
-0.576931 -0.427183 2.46754 0.975367 -0.219128 -0.00944567 0.0235275
-0.575516 -0.430079 2.4678 0.974692 -0.22211 -0.00970826 0.0234069
-0.573805 -0.433259 2.46698 0.974048 -0.224838 -0.00852989 0.0246258
-0.571674 -0.436502 2.46565 0.973411 -0.227276 -0.0100234 0.0267443
-0.570831 -0.439823 2.46827 0.972815 -0.23017 -0.00932893 0.0237801
-0.569116 -0.442459 2.46751 0.972206 -0.232654 -0.00954628 0.0244116
-0.56735 -0.444838 2.46593 0.971587 -0.235186 -0.00753862 0.0254716
-0.56614 -0.447582 2.46621 0.971048 -0.237422 -0.00819582 0.0250863
-0.564766 -0.450094 2.46507 0.970386 -0.239991 -0.00685788 0.0266087
-0.563964 -0.452907 2.46592 0.969693 -0.242904 -0.00764579 0.0252072
-0.562818 -0.455696 2.46651 0.96905 -0.245545 -0.00785105 0.0242467
-0.561439 -0.458605 2.4678 0.968518 -0.247728 -0.00913864 0.0228239
-0.559348 -0.461159 2.467 0.967883 -0.249886 -0.00935515 0.025919
-0.557268 -0.463596 2.46543 0.967324 -0.252083 -0.00849774 0.0258105
-0.5556 -0.466511 2.46638 0.966744 -0.254408 -0.00942131 0.0243503
-0.553943 -0.468956 2.46637 0.966216 -0.256434 -0.00940968 0.0240778
-0.552097 -0.471319 2.46548 0.965578 -0.258697 -0.00861917 0.0256923
-0.550642 -0.474001 2.46662 0.964925 -0.261263 -0.00962529 0.0238661
-0.549008 -0.476873 2.4665 0.964248 -0.263682 -0.00930746 0.0247312
-0.547499 -0.479967 2.46667 0.963519 -0.266277 -0.00925944 0.0253527
-0.545975 -0.48302 2.46678 0.962925 -0.268545 -0.00812915 0.0243414
-0.544363 -0.48599 2.46685 0.962244 -0.271015 -0.00874414 0.0236897
-0.542413 -0.488619 2.46643 0.961538 -0.273464 -0.00852541 0.0242785
-0.540608 -0.491393 2.46653 0.96101 -0.275213 -0.0085843 0.0253918
-0.538834 -0.494222 2.46692 0.960204 -0.278127 -0.00945789 0.0237411
-0.537119 -0.496874 2.46677 0.959468 -0.280568 -0.00841047 0.0251563
-0.535024 -0.499489 2.46551 0.958634 -0.283216 -0.00801403 0.0272986
-0.533244 -0.502246 2.46527 0.957973 -0.285583 -0.008787 0.0255361
-0.531901 -0.505367 2.4668 0.957068 -0.288716 -0.00893114 0.0241611
-0.530185 -0.507908 2.46684 0.956369 -0.291048 -0.00733642 0.0243967
-0.528206 -0.510372 2.46639 0.95582 -0.292682 -0.00855261 0.0259172
-0.526401 -0.512779 2.46619 0.954969 -0.295469 -0.00835492 0.025726
-0.524936 -0.515324 2.4672 0.954182 -0.298153 -0.00835237 0.0238977
-0.52302 -0.517506 2.46565 0.95327 -0.301003 -0.00741482 0.024887
-0.521592 -0.520028 2.46612 0.952376 -0.303811 -0.00780648 0.0248545
-0.520248 -0.522577 2.4669 0.951556 -0.306364 -0.00861544 0.0246729
-0.518476 -0.524714 2.46646 0.950693 -0.308979 -0.00786321 0.025573
-0.516765 -0.527123 2.46672 0.949828 -0.311777 -0.00842627 0.0234845
-0.514513 -0.529162 2.46486 0.948948 -0.31442 -0.00708399 0.0242271
-0.512885 -0.532067 2.46674 0.948105 -0.316951 -0.0083642 0.0238513
-0.510512 -0.533981 2.46545 0.947263 -0.319483 -0.00677713 0.0240115
-0.508676 -0.536085 2.46573 0.946693 -0.32114 -0.00694669 0.0243564
-0.506712 -0.538438 2.467 0.946094 -0.323011 -0.00754017 0.0226548
-0.50441 -0.540702 2.46687 0.945293 -0.32531 -0.00742264 0.0232173
-0.501808 -0.542799 2.46559 0.944825 -0.326538 -0.00722677 0.0250293
-0.499519 -0.545382 2.46621 0.944264 -0.328221 -0.00770447 0.0240336
-0.497414 -0.547876 2.4666 0.943484 -0.330555 -0.00775624 0.0226121
-0.495256 -0.550007 2.46676 0.942557 -0.333215 -0.00798616 0.0221475
-0.492942 -0.552001 2.46571 0.941628 -0.335867 -0.00711304 0.0218934
-0.49094 -0.554364 2.46583 0.941001 -0.337522 -0.00672402 0.0234866
-0.488706 -0.556685 2.46543 0.940043 -0.340151 -0.00710224 0.0238104
-0.486227 -0.559396 2.46522 0.939214 -0.342359 -0.00663979 0.0249536
-0.483582 -0.562125 2.46611 0.938364 -0.344711 -0.00809587 0.0240989
-0.481062 -0.564218 2.46515 0.937748 -0.346373 -0.00712207 0.0245611
-0.478674 -0.566188 2.46478 0.937002 -0.348532 -0.00622933 0.0226689
-0.476523 -0.568291 2.46568 0.936341 -0.350269 -0.00677678 0.0230427
-0.474409 -0.570316 2.4657 0.935679 -0.352143 -0.0063778 0.0214278
-0.472199 -0.572568 2.46634 0.934918 -0.354065 -0.00763879 0.0225392
-0.469725 -0.574661 2.46537 0.934198 -0.355951 -0.00767924 0.0226776
-0.467565 -0.577158 2.46625 0.933669 -0.357386 -0.00734196 0.0220116
-0.465141 -0.579266 2.46563 0.932806 -0.359581 -0.00801707 0.0225934
-0.462482 -0.581261 2.46465 0.932035 -0.36145 -0.00745068 0.0246781
-0.460371 -0.5837 2.46579 0.931211 -0.36378 -0.00684895 0.021505
-0.457362 -0.585853 2.4643 0.930356 -0.365639 -0.00854961 0.0259388
-0.454912 -0.588404 2.46561 0.929757 -0.367259 -0.00854347 0.0245015
-0.452089 -0.590191 2.46474 0.929034 -0.369076 -0.00724397 0.0250163
-0.450112 -0.592093 2.46592 0.928303 -0.371121 -0.00794635 0.0214412
-0.44722 -0.593651 2.46428 0.92742 -0.373054 -0.00888916 0.0253714
-0.444956 -0.595929 2.46441 0.926558 -0.375268 -0.00715064 0.0247686
-0.443243 -0.599141 2.46747 0.925975 -0.376598 -0.0105895 0.0251528
-0.440787 -0.600745 2.46542 0.924463 -0.380671 -0.00447236 0.020897
-0.437442 -0.601906 2.46117 0.923981 -0.381564 -0.00385488 0.0255616
-0.435928 -0.604653 2.46503 0.922532 -0.385228 -0.00696269 0.0220397
-0.433871 -0.607008 2.46655 0.921401 -0.387849 -0.00911181 0.0225852
-0.430872 -0.608394 2.46309 0.920349 -0.390245 -0.00571913 0.0251911
-0.428755 -0.611013 2.46558 0.919295 -0.392715 -0.00761409 0.0247818
-0.425908 -0.613331 2.46575 0.918126 -0.395445 -0.00733298 0.0247958
-0.423152 -0.615129 2.4648 0.91704 -0.398049 -0.00617036 0.0236068
-0.420962 -0.617145 2.4656 0.916092 -0.400179 -0.00600357 0.0243988
-0.418294 -0.618945 2.46468 0.915385 -0.401697 -0.00510248 0.0261456
-0.416312 -0.621317 2.46593 0.914347 -0.404183 -0.00558412 0.0239576
-0.414239 -0.623363 2.46666 0.913269 -0.40666 -0.00586343 0.0230815
-0.411624 -0.62482 2.46438 0.912244 -0.408849 -0.0038911 0.0252851
-0.409596 -0.627079 2.46587 0.911217 -0.411167 -0.00507425 0.0244978
-0.407563 -0.629434 2.4673 0.910132 -0.413629 -0.0054423 0.0232734
-0.404836 -0.631165 2.46549 0.909178 -0.415605 -0.00486842 0.0253666
-0.402852 -0.633575 2.46761 0.907958 -0.418466 -0.00558429 0.0216099
-0.400047 -0.634985 2.46603 0.907086 -0.420208 -0.00561313 0.0242416
-0.397706 -0.636728 2.46592 0.906039 -0.422534 -0.00419558 0.0232454
-0.395649 -0.638879 2.46725 0.905047 -0.424685 -0.00564023 0.0223679
-0.393135 -0.640601 2.4666 0.903988 -0.426877 -0.00460603 0.023655
-0.390864 -0.64299 2.46794 0.903135 -0.428608 -0.0057224 0.0246927
-0.388031 -0.644989 2.46729 0.90208 -0.430749 -0.00575143 0.0259429
-0.385391 -0.646942 2.46736 0.901096 -0.432959 -0.00446496 0.0234936
-0.382722 -0.648964 2.46793 0.900069 -0.435094 -0.00461614 0.0234084
-0.379931 -0.650595 2.46735 0.898993 -0.437272 -0.00477237 0.0241258
-0.377268 -0.652203 2.467 0.897907 -0.439579 -0.0040545 0.0227469
-0.374736 -0.654094 2.46744 0.896983 -0.44137 -0.00427086 0.0244121
-0.372145 -0.656012 2.46767 0.895999 -0.443354 -0.00453708 0.0245411
-0.36956 -0.658325 2.46868 0.894683 -0.446115 -0.0047396 0.0223786
-0.366796 -0.66044 2.46942 0.893463 -0.448574 -0.00414253 0.0220984
-0.363708 -0.661755 2.46798 0.89269 -0.44999 -0.00469361 0.0243075
-0.361022 -0.663588 2.46882 0.891468 -0.452515 -0.00401551 0.0223347
-0.358087 -0.665056 2.46755 0.890477 -0.454349 -0.00378523 0.0245786
-0.355539 -0.667231 2.46854 0.889583 -0.456154 -0.0042323 0.023426
-0.352952 -0.669176 2.46865 0.889032 -0.457176 -0.00453131 0.0243388
-0.350304 -0.671038 2.46882 0.88805 -0.459084 -0.00427511 0.0243126
-0.347789 -0.672775 2.46931 0.88682 -0.461491 -0.00385566 0.0237111
-0.345291 -0.674321 2.46935 0.886033 -0.463073 -0.00324068 0.0223172
-0.342608 -0.675667 2.46896 0.88512 -0.464728 -0.00431477 0.0239095
-0.339786 -0.676947 2.46813 0.883982 -0.466876 -0.00376142 0.0242715
-0.337427 -0.679099 2.46997 0.883011 -0.468787 -0.00329636 0.0227754
-0.334545 -0.680321 2.4683 0.881653 -0.471319 -0.00223796 0.0232392
-0.331851 -0.681968 2.469 0.880467 -0.473523 -0.00320972 0.0232978
-0.329223 -0.683165 2.46891 0.879246 -0.475849 -0.00344014 0.0219811
-0.326626 -0.684398 2.46884 0.878188 -0.477788 -0.00363627 0.0221548
-0.324047 -0.685918 2.469 0.876855 -0.480253 -0.00263124 0.0218024
-0.32137 -0.687381 2.46945 0.875824 -0.482076 -0.00382206 0.0228098
-0.318526 -0.688645 2.46865 0.874509 -0.484392 -0.00302469 0.0242619
-0.315975 -0.690324 2.4697 0.873128 -0.487025 -0.00281107 0.0211258
-0.313429 -0.692203 2.47111 0.871853 -0.489317 -0.00322699 0.0207306
-0.310481 -0.693324 2.46915 0.87075 -0.491169 -0.00271263 0.0232336
-0.307904 -0.69478 2.46951 0.869262 -0.493756 -0.0017264 0.0242028
-0.305445 -0.696564 2.47044 0.867634 -0.496727 -0.00131134 0.0217337
-0.302565 -0.698425 2.47066 0.865924 -0.499695 -0.00200998 0.0218077
-0.299469 -0.699923 2.47034 0.864536 -0.502072 -0.00222512 0.0222785
-0.296562 -0.701291 2.46985 0.863299 -0.504199 -0.000673917 0.0222991
-0.293879 -0.703034 2.47092 0.862157 -0.506176 -0.000109431 0.0217019
-0.291374 -0.704393 2.47133 0.861031 -0.508112 -0.000851013 0.0211667
-0.288882 -0.705898 2.47124 0.859613 -0.510512 -0.000365612 0.0210385
-0.286321 -0.707361 2.47115 0.858472 -0.512394 -0.000196733 0.0218508
-0.283881 -0.709069 2.4722 0.857237 -0.514566 7.22042e-05 0.0191423
-0.281037 -0.710158 2.47135 0.855943 -0.516593 -0.000870495 0.0222083
-0.278446 -0.711777 2.47214 0.85456 -0.519029 0.00094347 0.018328
-0.275483 -0.713064 2.47194 0.853214 -0.521221 0.000286809 0.0188348
-0.27259 -0.714866 2.4732 0.852077 -0.523096 0.000137341 0.0183212
-0.269436 -0.715697 2.47129 0.850597 -0.525371 -0.00147338 0.0216436
-0.26652 -0.717702 2.4734 0.849062 -0.527975 0.000267659 0.0183273
-0.263468 -0.71892 2.47302 0.847739 -0.530119 0.00044246 0.0176706
-0.260807 -0.720088 2.47332 0.846632 -0.531844 0.000356728 0.01885
-0.257812 -0.720915 2.4731 0.845606 -0.533463 -0.000133978 0.0191872
-0.25489 -0.722036 2.47358 0.844332 -0.535508 0.000263654 0.0182896
-0.251926 -0.723184 2.47342 0.84307 -0.537483 0.000338489 0.0185542
-0.249024 -0.724611 2.47344 0.841587 -0.539839 0.00181695 0.0173873
-0.245885 -0.726221 2.47374 0.840362 -0.541725 0.000215401 0.0180358
-0.24291 -0.727586 2.47365 0.839004 -0.543794 0.000372533 0.0189887
-0.239957 -0.729211 2.47482 0.837791 -0.545713 0.000209778 0.0174123
-0.236581 -0.730211 2.47392 0.836389 -0.547865 0.0012933 0.0171955
-0.233314 -0.73169 2.47444 0.834872 -0.55012 6.25471e-05 0.0189033
-0.229772 -0.732924 2.47382 0.833292 -0.552473 0.000554908 0.0199241
-0.226624 -0.734255 2.47387 0.832102 -0.554228 0.000407187 0.0209209
-0.223712 -0.735908 2.47466 0.830509 -0.556644 0.000943646 0.0200114
-0.220544 -0.737182 2.47438 0.829149 -0.558546 -5.56711e-05 0.0232213
