-0.000209502 -7.57864e-05 0.000166511 3.12085e-05 1.20918e-05 3.21459e-06 1
-0.000209502 -7.57864e-05 0.000166511 3.12085e-05 1.20918e-05 3.21459e-06 1
-0.000165966 -6.89139e-05 0.000133703 2.51925e-05 1.05466e-05 1.22913e-06 1
-0.000165966 -6.89139e-05 0.000133703 2.51925e-05 1.05466e-05 1.22913e-06 1
5.13347e-05 -0.0001653 -9.37869e-06 -7.03898e-07 2.95856e-05 8.69396e-06 1
5.13347e-05 -0.0001653 -9.37869e-06 -7.03898e-07 2.95856e-05 8.69396e-06 1
5.13347e-05 -0.0001653 -9.37869e-06 -7.03898e-07 2.95856e-05 8.69396e-06 1
5.13347e-05 -0.0001653 -9.37869e-06 -7.03898e-07 2.95856e-05 8.69396e-06 1
0.000712671 -0.000250455 -0.000309847 -0.000696462 0.000733032 3.40297e-06 0.999999
0.00435077 -0.00139884 -0.0015154 -0.000807523 0.00446463 0.000316803 0.99999
0.0100305 0.00478867 0.00594584 0.00137096 0.0137401 0.000473421 0.999905
0.0173044 0.00394176 0.00725793 0.00188398 0.0207624 0.000795233 0.999782
0.0291348 0.00212328 0.00950538 0.00268095 0.0331216 0.00120931 0.999447
0.0383385 0.0074488 0.012258 0.00347641 0.0466711 0.00102451 0.998904
0.0461536 0.0112314 0.0140086 0.00380348 0.0535275 0.00103103 0.998559
0.0579401 0.0123408 0.0147567 0.00371082 0.0649693 0.00202705 0.997878
0.060314 0.0126124 0.0323961 0.0072755 0.0723197 0.00163116 0.997354
0.0684438 0.01678 0.0349446 0.00792008 0.0834423 0.000952026 0.996481
0.0821513 0.0194277 0.0383216 0.00948951 0.0943566 0.000882537 0.995493
0.0936435 0.0217984 0.0408174 0.0103279 0.102688 0.00139565 0.994659
0.10951 0.0291179 0.037186 0.0110545 0.113071 0.00139803 0.993524
0.121909 0.0289007 0.0368117 0.0114823 0.120328 0.00211661 0.992666
0.135992 0.0338128 0.0378024 0.0114423 0.132663 0.00174867 0.991094
0.146506 0.0371621 0.0337572 0.010625 0.141191 0.00282583 0.989921
0.159754 0.0436771 0.0336518 0.0115918 0.153825 0.00365301 0.988023
0.170967 0.0496904 0.0339299 0.0121243 0.167252 0.00488687 0.985828
0.187887 0.0487804 0.0238899 0.010892 0.176478 0.0050596 0.984231
0.201079 0.0522564 0.0219725 0.0112727 0.188142 0.00576564 0.98206
0.210042 0.0555355 0.0210163 0.0113841 0.194922 0.00524814 0.980739
0.222263 0.0608561 0.0204003 0.0118655 0.205589 0.00505589 0.978554
0.228773 0.0623682 0.0238279 0.0127192 0.211885 0.00517164 0.977198
0.239958 0.0652196 0.0275768 0.0135764 0.221566 0.00495005 0.975038
0.250462 0.0715986 0.0306442 0.0151508 0.232074 0.00503468 0.972567
0.260947 0.0766963 0.0261486 0.0144456 0.23918 0.0063852 0.970847
0.271297 0.0842303 0.0254901 0.0147031 0.249661 0.00665861 0.968199
0.278423 0.0893125 0.0252968 0.0150819 0.257428 0.00712899 0.966154
0.283839 0.0953097 0.0280254 0.0152683 0.26693 0.00747728 0.963566
0.288119 0.100688 0.0297942 0.0159181 0.273204 0.00805804 0.961791
0.301608 0.1092 0.0297199 0.0164523 0.285786 0.00834783 0.958116
0.314454 0.118709 0.0300965 0.0176335 0.295327 0.00750909 0.955204
0.324978 0.126397 0.0285858 0.0169897 0.305084 0.0074567 0.952145
0.330838 0.132187 0.0277147 0.0164399 0.311433 0.00782256 0.950094
0.339918 0.137486 0.0292511 0.0168767 0.321361 0.00752344 0.946777
0.353822 0.145818 0.0295352 0.0169551 0.332758 0.00765698 0.942829
0.355326 0.148149 0.031614 0.0173649 0.340954 0.00733193 0.939891
0.361592 0.155053 0.0340641 0.0182858 0.351787 0.00783505 0.935869
0.371166 0.163452 0.0347944 0.0181607 0.361892 0.00754241 0.932013
0.377339 0.170107 0.0382315 0.0183954 0.368391 0.00642846 0.929467
0.3856 0.176774 0.0385651 0.018829 0.379418 0.00687034 0.925008
0.392658 0.185101 0.0421531 0.0195148 0.389039 0.00531923 0.920999
0.402844 0.197382 0.0389998 0.0201227 0.400362 0.00624527 0.916115
0.405213 0.205833 0.0405951 0.0209472 0.405691 0.00672954 0.913745
0.414684 0.216322 0.037466 0.0209852 0.414529 0.00770154 0.909761
0.422126 0.227722 0.0383026 0.0216053 0.426038 0.00854506 0.904407
0.427143 0.231137 0.0406269 0.0214409 0.434217 0.00836401 0.900514
0.43503 0.241518 0.0400478 0.0217491 0.44673 0.0090443 0.894359
0.442348 0.253553 0.0401087 0.0226738 0.459265 0.00964062 0.887958
0.446847 0.260973 0.0408182 0.0238616 0.466142 0.00991774 0.884332
0.454103 0.273691 0.0371599 0.0235402 0.476505 0.0113161 0.878784
0.459276 0.284556 0.0343885 0.0228224 0.482901 0.011263 0.875305
0.465055 0.2951 0.0323379 0.0227554 0.493027 0.0115955 0.869639
0.468732 0.299454 0.0330947 0.0234205 0.49945 0.0120445 0.865942
0.472615 0.314635 0.030719 0.0229312 0.507618 0.011933 0.861194
0.47563 0.323658 0.0282132 0.0229134 0.513659 0.0122219 0.857601
0.4806 0.336299 0.0283875 0.0231056 0.522775 0.0125763 0.852065
0.484625 0.341198 0.0297933 0.0232878 0.529265 0.0123439 0.848047
0.490531 0.351868 0.0287919 0.0234625 0.539043 0.0135616 0.841842
0.493622 0.360942 0.0272651 0.0232342 0.544672 0.0144781 0.838202
0.497985 0.371844 0.0274805 0.0232635 0.553647 0.0149054 0.832293
0.49986 0.379771 0.028036 0.023724 0.560281 0.015273 0.827822
0.505302 0.391926 0.029117 0.0243543 0.568796 0.0146159 0.821988
0.50686 0.401548 0.0278309 0.0229091 0.573389 0.0137766 0.818847
0.509998 0.414372 0.0280748 0.0229735 0.581773 0.0136383 0.812912
0.513027 0.419836 0.032813 0.0244022 0.587317 0.0133005 0.80888
0.516651 0.436181 0.0309236 0.0242314 0.596102 0.0138841 0.802423
0.520594 0.447252 0.0275889 0.0235618 0.603111 0.0148261 0.797172
0.525239 0.460886 0.0280543 0.025282 0.613967 0.0159682 0.788765
0.525257 0.468308 0.028453 0.0266073 0.619417 0.0161764 0.784444
0.526863 0.483542 0.0269772 0.0255433 0.627747 0.0159199 0.777835
0.528628 0.492936 0.025298 0.0256595 0.633266 0.0157486 0.773348
0.531176 0.504263 0.0264102 0.026535 0.641648 0.0150128 0.766393
0.532388 0.512756 0.0269092 0.0267969 0.646286 0.0137951 0.7625
0.533943 0.525524 0.0292381 0.0291635 0.6543 0.0136317 0.75555
0.533005 0.53397 0.0315399 0.0302245 0.658608 0.0128687 0.751769
0.536192 0.548811 0.0292098 0.0305742 0.665174 0.0128497 0.745952
0.536566 0.557175 0.0316548 0.0308352 0.67051 0.0121671 0.741159
0.537943 0.568324 0.0321084 0.0316811 0.680558 0.0129021 0.731895
0.539712 0.578977 0.0302916 0.0316247 0.686679 0.0129509 0.726157
0.536928 0.593034 0.0299499 0.0313636 0.695377 0.0127051 0.717848
0.539656 0.602998 0.0282954 0.0315742 0.702565 0.0128063 0.710804
0.537498 0.618338 0.0236931 0.0305398 0.709482 0.0130917 0.70394
0.535626 0.626846 0.0213801 0.029879 0.714412 0.0135001 0.698957
0.534554 0.641033 0.0192561 0.0291823 0.722488 0.0133207 0.690639
0.534219 0.650156 0.0181676 0.0286961 0.72718 0.0133422 0.685717
0.53159 0.657903 0.0213276 0.0291278 0.731952 0.0125045 0.680619
0.530294 0.672583 0.0210992 0.0288942 0.740448 0.0124483 0.671376
0.528195 0.680252 0.0210047 0.0288063 0.74537 0.0123308 0.665914
0.528264 0.695628 0.0194129 0.0289553 0.754219 0.0133381 0.655848
0.529908 0.701309 0.0228883 0.0293673 0.760214 0.0127318 0.648883
0.527877 0.715212 0.0203462 0.0281791 0.768914 0.0136767 0.638585
0.526269 0.72512 0.0177015 0.028302 0.774621 0.0145407 0.631625
0.522236 0.740766 0.0172032 0.0274633 0.78264 0.0146047 0.621697
0.519529 0.751312 0.0134524 0.0270918 0.788445 0.0156124 0.61431
0.516901 0.763386 0.0135607 0.0271524 0.794353 0.0154822 0.606652
0.512739 0.777048 0.0148241 0.0258246 0.79979 0.0151304 0.599533
0.508536 0.790026 0.00826916 0.0250219 0.803987 0.0166757 0.593886
0.503678 0.802789 0.00841779 0.0251101 0.809517 0.0171994 0.586307
0.499236 0.807931 0.0111383 0.0249833 0.813123 0.0168131 0.581313
0.492932 0.818804 0.012667 0.0250605 0.820643 0.0163941 0.570656
0.492247 0.82526 0.0135506 0.0257493 0.825024 0.0172146 0.564248
0.48974 0.837281 0.0147929 0.0256499 0.831701 0.0170773 0.554367
0.489529 0.844429 0.0203349 0.0262337 0.835716 0.0160269 0.548301
0.484735 0.856434 0.0223216 0.0260434 0.842343 0.0155918 0.538086
0.480447 0.864444 0.0212938 0.0265077 0.846218 0.0158819 0.531941
0.474004 0.873393 0.026969 0.02696 0.852118 0.0148516 0.522444
0.471135 0.881118 0.0264721 0.0272337 0.856441 0.014455 0.515323
0.465204 0.893752 0.0198693 0.0269636 0.861485 0.0155322 0.506829
0.458417 0.905177 0.019041 0.0262053 0.866313 0.0151687 0.498582
0.456707 0.913887 0.0235626 0.027009 0.870676 0.0144599 0.490902
0.448815 0.923364 0.0248066 0.0283611 0.876742 0.0144963 0.479905
0.439234 0.932324 0.028056 0.0300663 0.882564 0.0149623 0.468991
0.433594 0.938709 0.0311929 0.0304292 0.886324 0.0146766 0.461832
0.425158 0.949634 0.0291192 0.0301395 0.890979 0.0153634 0.452782
0.417839 0.966172 0.0238408 0.0291996 0.89632 0.0166418 0.442132
0.412474 0.979608 0.0202437 0.0300119 0.90021 0.0173293 0.434074
0.403108 0.990398 0.0202951 0.0294242 0.904527 0.0172847 0.425048
0.39585 1.00039 0.0190787 0.0289324 0.907797 0.0174954 0.418044
0.389297 1.01101 0.022719 0.0296805 0.913315 0.0168272 0.405822
0.382248 1.02222 0.0216381 0.0295649 0.918069 0.0176849 0.39492
0.377007 1.02738 0.019818 0.0296831 0.92135 0.0185726 0.387154
0.371826 1.03398 0.0231449 0.0293479 0.926585 0.0180505 0.374503
0.365184 1.04209 0.0275869 0.0298707 0.931178 0.0180433 0.36289
0.358094 1.04641 0.02863 0.0296592 0.93402 0.0178266 0.355541
0.348978 1.05291 0.0315544 0.0302449 0.938714 0.0174454 0.342924
0.336273 1.05982 0.0306856 0.0296451 0.941809 0.016648 0.334424
0.325883 1.06481 0.0290681 0.02892 0.9437 0.0170936 0.329092
0.31546 1.07296 0.0306352 0.0279722 0.946785 0.0169816 0.3202
0.305469 1.07853 0.0276797 0.0278744 0.948507 0.017752 0.315027
0.286237 1.08515 0.0236281 0.0271611 0.950976 0.0184706 0.307514
0.2742 1.09427 0.0221453 0.0272159 0.954743 0.018978 0.295575
0.2666 1.10016 0.0205073 0.027077 0.95699 0.0195201 0.288193
0.255185 1.10711 0.0196275 0.0266705 0.959865 0.0200721 0.278468
0.245067 1.11309 0.020303 0.0267659 0.962676 0.0197774 0.268601
0.237403 1.11773 0.0185426 0.0259831 0.964462 0.0202047 0.262163
0.222555 1.12736 0.0163195 0.0257149 0.967153 0.0203322 0.252072
0.214635 1.13341 0.012632 0.0256053 0.968927 0.0211194 0.245111
0.200376 1.13922 0.0135345 0.0260194 0.971747 0.0203707 0.2337
0.189973 1.14325 0.0111112 0.02617 0.973179 0.0210154 0.227587
0.179817 1.14733 0.0145813 0.0263141 0.975524 0.0202333 0.217373
0.171734 1.15344 0.0136828 0.0264599 0.977471 0.0205402 0.208394
0.161709 1.15664 0.0157463 0.0261405 0.979773 0.020353 0.197352
0.152869 1.15783 0.019302 0.0260963 0.981307 0.0192963 0.189695
0.140997 1.15658 0.0246131 0.026992 0.983477 0.0178697 0.178115
0.128289 1.1576 0.0270963 0.0273417 0.984569 0.0166422 0.172042
0.11313 1.16279 0.0265392 0.0269698 0.986222 0.0170314 0.162326
0.106674 1.16384 0.0274921 0.026449 0.987309 0.0168017 0.155691
0.0947974 1.16677 0.0281977 0.0263352 0.988898 0.0165811 0.145301
0.083906 1.17077 0.0265611 0.0269106 0.989817 0.0169604 0.138744
0.0703972 1.17187 0.0245539 0.0262492 0.990657 0.0177478 0.132649
0.0587382 1.17552 0.027388 0.0261239 0.991994 0.0168168 0.122408
0.048366 1.17736 0.0263287 0.026431 0.992747 0.0172169 0.116012
0.0393658 1.17836 0.0226913 0.0254342 0.993615 0.0181691 0.108406
0.027528 1.18068 0.0238418 0.0252043 0.994878 0.0189391 0.0960402
0.0217084 1.18343 0.0291865 0.0244174 0.995651 0.0180602 0.0880751
0.0113305 1.18547 0.0284904 0.0251964 0.996268 0.0183444 0.0804886
-0.00229316 1.18796 0.0277798 0.0251616 0.997214 0.0193469 0.067501
-0.00891603 1.19118 0.0296489 0.0253572 0.997828 0.0193916 0.0576251
-0.0182742 1.19067 0.0278993 0.025116 0.998172 0.0200177 0.0511919
-0.0290132 1.18293 0.027404 0.0247962 0.998374 0.0205471 0.0470273
-0.0355225 1.18529 0.0287532 0.0234255 0.998743 0.0198458 0.0396305
-0.0522784 1.18504 0.0296402 0.0232429 0.999113 0.0197513 0.029039
-0.0636004 1.18808 0.0275825 0.0229582 0.999302 0.020529 0.0211355
-0.0721013 1.19027 0.0281608 0.0232815 0.999439 0.0206383 0.012423
-0.0815941 1.18516 0.0237861 0.0234758 0.999468 0.022165 0.00467805
-0.0888527 1.18315 0.0260989 0.0239592 0.999479 0.0213232 -0.00365566
-0.102924 1.18509 0.0283758 0.0242546 0.999377 0.0209836 -0.0147526
-0.11355 1.18657 0.0269239 0.0235889 0.999246 0.0217162 -0.0218944
-0.122912 1.1827 0.0293249 0.0230276 0.999138 0.0208969 -0.0274868
-0.130657 1.18184 0.0324834 0.0238768 0.998909 0.0203072 -0.0346278
-0.138208 1.17944 0.0321071 0.023487 0.998705 0.0200642 -0.0404161
-0.14801 1.17831 0.0303986 0.0227657 0.998442 0.0205444 -0.0466245
-0.155457 1.17017 0.036445 0.0227881 0.99825 0.0185952 -0.0512947
-0.16403 1.16695 0.0378734 0.0228823 0.997933 0.0180144 -0.0572889
-0.173417 1.16716 0.0374305 0.0235126 0.997559 0.017882 -0.0632768
-0.181768 1.16278 0.0373066 0.0229094 0.997225 0.0184157 -0.0683976
-0.197716 1.15739 0.0351907 0.023231 0.996452 0.0190585 -0.0786212
-0.207379 1.15838 0.0329339 0.0228666 0.995782 0.0196476 -0.0866505
-0.217054 1.15882 0.0328407 0.0222336 0.995051 0.0200714 -0.0947416
-0.223875 1.15644 0.0311851 0.022928 0.994194 0.02075 -0.103063
-0.233148 1.15162 0.0305678 0.0231709 0.993299 0.0213423 -0.111198
-0.241826 1.14869 0.0342702 0.0225325 0.992586 0.0201693 -0.117725
-0.250725 1.14835 0.0362881 0.0232683 0.991627 0.0196693 -0.125491
-0.260862 1.14896 0.0365294 0.0225544 0.990657 0.0194448 -0.133083
-0.267751 1.14903 0.0371939 0.0215084 0.989531 0.0189294 -0.141448
-0.276866 1.14433 0.0400546 0.0210946 0.988679 0.0184399 -0.147408
-0.287552 1.14104 0.0424365 0.0218518 0.987552 0.0174617 -0.154785
-0.295468 1.13765 0.0453117 0.0220581 0.986512 0.0162599 -0.161378
-0.303889 1.1338 0.0465414 0.0225641 0.985239 0.0150369 -0.169024
-0.31135 1.13009 0.0480736 0.0238368 0.984002 0.0137924 -0.176016
-0.317554 1.12725 0.0481658 0.0228522 0.982738 0.0137949 -0.183069
-0.325653 1.12168 0.0447691 0.0220914 0.981535 0.0152803 -0.189386
-0.33681 1.11856 0.0454979 0.0219164 0.979925 0.0151167 -0.197582
-0.344324 1.11676 0.0474682 0.0221346 0.978236 0.0144566 -0.205806
-0.349413 1.11132 0.0455647 0.0212635 0.976921 0.0154863 -0.211975
-0.357079 1.10803 0.0474398 0.0213871 0.975096 0.0149023 -0.220244
-0.361563 1.10247 0.0493516 0.0207806 0.973442 0.0140038 -0.227557
-0.373184 1.09819 0.0512002 0.0203409 0.971056 0.0131111 -0.237623
-0.380241 1.09508 0.0512227 0.0198282 0.969286 0.0133491 -0.24477
-0.387804 1.09141 0.0517398 0.0196625 0.967446 0.0131856 -0.251968
-0.396104 1.08611 0.0509824 0.0192415 0.965765 0.0136011 -0.258345
-0.403431 1.08197 0.0504778 0.0189447 0.963991 0.0138455 -0.264897
-0.411467 1.07764 0.0493507 0.0186063 0.962024 0.014951 -0.271918
-0.421414 1.07456 0.0484954 0.0187029 0.959411 0.015222 -0.280978
-0.435453 1.06675 0.047795 0.0192684 0.955044 0.0145893 -0.295477
-0.441329 1.06513 0.0496503 0.0196921 0.952492 0.0143166 -0.303589
-0.452267 1.06082 0.0484234 0.0196144 0.949797 0.0149308 -0.311893
-0.461677 1.05518 0.0483274 0.0193129 0.947156 0.0148621 -0.319845
-0.467888 1.05179 0.0491099 0.0188493 0.944517 0.0157053 -0.327544
-0.476502 1.04603 0.0479612 0.018998 0.941715 0.0156557 -0.33551
-0.486723 1.04118 0.0489399 0.0187063 0.938753 0.0152888 -0.343743
-0.49465 1.03259 0.047029 0.0179321 0.935858 0.0164719 -0.351535
-0.50291 1.02416 0.0464238 0.0173236 0.932042 0.015761 -0.361593
-0.509563 1.019 0.0487525 0.017469 0.92949 0.0150365 -0.368126
-0.523381 1.01036 0.0467014 0.0168583 0.926587 0.0164507 -0.375342
-0.533082 0.99927 0.0446122 0.0168001 0.922063 0.0180079 -0.386256
-0.541062 0.991204 0.0421951 0.0168159 0.919125 0.018313 -0.393181
-0.546618 0.987271 0.0447736 0.0166702 0.916088 0.0176796 -0.400241
-0.55504 0.979992 0.04583 0.0166694 0.911271 0.0172273 -0.41111
-0.559299 0.971226 0.0476236 0.0168248 0.908902 0.0164131 -0.416347
-0.561896 0.965484 0.0489031 0.0163686 0.906195 0.0162749 -0.422229
-0.56637 0.959649 0.0499695 0.0157549 0.903654 0.0163724 -0.42766
-0.578125 0.947777 0.0501118 0.0151783 0.899081 0.0165069 -0.437207
-0.580654 0.938851 0.0468501 0.0149939 0.896315 0.0172034 -0.442831
-0.588068 0.926006 0.0471112 0.014257 0.891903 0.0173412 -0.45167
-0.593754 0.917657 0.0463658 0.0138852 0.888201 0.0167576 -0.458939
-0.590202 0.904521 0.0409861 0.0139795 0.884197 0.0176012 -0.466574
-0.594695 0.900297 0.0422455 0.0136081 0.880242 0.017388 -0.474011
-0.599839 0.88943 0.0403104 0.0139707 0.876598 0.0176038 -0.480698
-0.605039 0.882052 0.0445906 0.0133491 0.87092 0.0168456 -0.490955
-0.612599 0.868525 0.0418797 0.01349 0.86716 0.017118 -0.497552
-0.614743 0.859058 0.0446941 -0.012073 -0.86172 -0.0165354 0.506971
-0.616834 0.850146 0.0438357 -0.011588 -0.857748 -0.0160591 0.513688
-0.622733 0.83582 0.0422105 -0.0110252 -0.852798 -0.0158532 0.521884
-0.625845 0.830536 0.043548 -0.0102715 -0.848881 -0.0159613 0.528244
-0.630308 0.817147 0.0415994 -0.0108025 -0.843324 -0.0165784 0.537041
-0.632087 0.811155 0.0421035 -0.0109531 -0.840053 -0.0161002 0.542154
-0.637141 0.800979 0.044036 -0.0106105 -0.834053 -0.0155204 0.551364
-0.641661 0.794801 0.0434415 -0.0104779 -0.828593 -0.0154819 0.559539
-0.64443 0.783973 0.0449604 -0.0110913 -0.821634 -0.0135553 0.569746
-0.645639 0.777678 0.0478656 -0.0107794 -0.817463 -0.0129391 0.575734
-0.644157 0.760245 0.0398768 -0.0118288 -0.81178 -0.01413 0.583673
-0.648032 0.751731 0.0395043 -0.0116596 -0.8069 -0.0143564 0.590398
-0.653442 0.740031 0.04121 -0.0104187 -0.79978 -0.0141119 0.600037
-0.655901 0.73351 0.0415161 -0.0103112 -0.794808 -0.0139115 0.606613
-0.659269 0.722317 0.0420724 -0.00952197 -0.787086 -0.0141283 0.616608
-0.661844 0.709766 0.044395 -0.00855532 -0.780896 -0.0140603 0.624445
-0.659028 0.69864 0.0392252 -0.00957029 -0.776395 -0.0146405 0.630004
-0.654868 0.682723 0.0343279 -0.0103428 -0.768783 -0.0151846 0.639246
-0.656343 0.669379 0.0376729 -0.00897992 -0.761651 -0.0146091 0.64776
-0.657253 0.663626 0.0407338 -0.00869775 -0.756765 -0.0141017 0.653477
-0.657161 0.648717 0.0402189 -0.00882258 -0.749642 -0.0137805 0.661642
-0.655383 0.642459 0.0460757 -0.00829311 -0.745689 -0.0122355 0.66613
-0.656341 0.629801 0.0459599 -0.00817271 -0.738843 -0.0130794 0.673701
-0.65799 0.618089 0.0426726 -0.00793742 -0.734025 -0.0139824 0.678932
-0.660136 0.603242 0.0435158 -0.00836089 -0.727227 -0.0122847 0.686236
-0.660259 0.595499 0.0453416 -0.00769775 -0.722817 -0.0120948 0.69089
-0.658726 0.586415 0.0468798 -0.00692987 -0.718674 -0.0122353 0.695205
-0.656783 0.572689 0.0479391 -0.00659252 -0.71171 -0.011316 0.702351
-0.656971 0.563916 0.0467934 -0.0067479 -0.706367 -0.0114345 0.707721
-0.656166 0.549775 0.0474986 -0.00622522 -0.698189 -0.0111076 0.7158
-0.655328 0.539982 0.0462253 -0.00633012 -0.692806 -0.0113545 0.721007
-0.653598 0.526239 0.046688 -0.00619522 -0.685102 -0.0116166 0.728328
-0.652857 0.518212 0.0457902 -0.00600467 -0.679323 -0.0121879 0.733713
-0.650636 0.501544 0.0429882 -0.00578279 -0.670386 -0.0118952 0.741895
-0.651456 0.49634 0.0467635 -0.00459589 -0.665204 -0.0107517 0.74657
-0.650049 0.481544 0.0474897 -0.00440196 -0.657152 -0.0105996 0.75367
-0.646545 0.470219 0.0468411 -0.00394651 -0.651987 -0.0107771 0.758143
-0.643784 0.457092 0.0457588 -0.00346483 -0.645211 -0.0114534 0.763911
-0.641924 0.44639 0.0435549 -0.00394206 -0.640189 -0.0109519 0.76813
-0.638251 0.433385 0.0426514 -0.00412722 -0.631043 -0.0101844 0.77567
-0.637535 0.425788 0.0427082 -0.00406948 -0.624113 -0.00937857 0.781267
-0.633095 0.412982 0.0414821 -0.00430305 -0.615692 -0.00894341 0.787924
-0.632985 0.406852 0.0403232 -0.0045288 -0.609673 -0.0097822 0.79258
-0.629879 0.391932 0.0382426 -0.00366894 -0.601225 -0.0117222 0.798985
-0.627282 0.38237 0.0353265 -0.00393007 -0.595223 -0.0120313 0.803461
-0.623508 0.369226 0.035019 -0.00309778 -0.586739 -0.0127765 0.80967
-0.619294 0.36044 0.0346871 -0.00248332 -0.580981 -0.0127359 0.813814
-0.613243 0.347614 0.0319553 -0.00266371 -0.573196 -0.0127593 0.819315
-0.608527 0.337543 0.0310169 -0.00249055 -0.568333 -0.0132909 0.822688
-0.604746 0.323193 0.0297965 -0.00311866 -0.556766 -0.0134686 0.830555
-0.60279 0.314125 0.0290467 -0.0039062 -0.549099 -0.0138425 0.835633
-0.599097 0.30073 0.0268436 -0.00427854 -0.537912 -0.0144827 0.842865
-0.595892 0.289631 0.0261588 -0.00419607 -0.530009 -0.0141104 0.847864
-0.590183 0.276156 0.0274524 -0.00356558 -0.518727 -0.0131538 0.854831
-0.584867 0.26774 0.02861 -0.00339953 -0.508734 -0.0134235 0.860812
-0.582478 0.260949 0.0317904 -0.00201302 -0.502154 -0.0131575 0.864676
-0.578247 0.247803 0.0336884 -0.00100195 -0.491182 -0.0131753 0.870957
-0.572295 0.241472 0.0345635 -0.000251474 -0.48559 -0.0134166 0.874083
-0.564289 0.227964 0.0342478 0.000327072 -0.476572 -0.0134981 0.879032
-0.558511 0.218619 0.033079 0.000688559 -0.469362 -0.0134211 0.882903
-0.549621 0.20869 0.0382247 0.00172783 -0.460663 -0.0111389 0.887503
-0.542021 0.197297 0.0398843 0.00246169 -0.450791 -0.0109953 0.892559
-0.536153 0.193191 0.0403748 0.00298326 -0.444826 -0.0116998 0.895536
-0.525038 0.184084 0.0399783 0.00314533 -0.436182 -0.0107872 0.899788
-0.519715 0.177001 0.043495 0.00400057 -0.429749 -0.009271 0.902892
-0.512981 0.168383 0.0447312 0.0049221 -0.419019 -0.00856753 0.907924
-0.504683 0.156381 0.044816 0.00589715 -0.409864 -0.00759111 0.912096
-0.498355 0.149506 0.0447233 0.00571186 -0.404215 -0.00731348 0.914617
-0.48845 0.138369 0.0432004 0.00576301 -0.394213 -0.00752532 0.91897
-0.477231 0.126376 0.0400037 0.00489046 -0.385101 -0.00725259 0.922833
-0.470032 0.119644 0.0387176 0.00463122 -0.378737 -0.00711122 0.925465
-0.458435 0.109825 0.0399197 0.00550088 -0.366024 -0.00617221 0.930569
-0.447872 0.10255 0.039498 0.0055562 -0.356106 -0.00606319 0.934409
-0.440506 0.0968311 0.0409162 0.0059595 -0.349233 -0.00602753 0.936998
-0.429144 0.088908 0.041735 0.00727036 -0.339275 -0.00673162 0.940635
-0.423582 0.0833039 0.0408633 0.00743462 -0.332807 -0.00756999 0.942935
-0.413097 0.0763199 0.0430706 0.00895408 -0.323439 -0.00739102 0.946178
-0.405399 0.0724687 0.0508077 0.010683 -0.317199 -0.00664595 0.948276
-0.393574 0.0654426 0.0504118 0.0114896 -0.306863 -0.00596906 0.951666
-0.373878 0.0569928 0.0422188 0.0101017 -0.298975 -0.0062901 0.954187
-0.362456 0.0472634 0.0438409 0.0105136 -0.28817 -0.00591016 0.957503
-0.349819 0.0396954 0.0431025 0.0109008 -0.27629 -0.00499566 0.960999
-0.337442 0.0373167 0.0462005 0.0122097 -0.261291 -0.00547091 0.965167
-0.324902 0.0307037 0.0453571 0.0121289 -0.249958 -0.00454162 0.96817
-0.309302 0.0207496 0.0391348 0.0107603 -0.235331 -0.0050822 0.971842
-0.300234 0.0162189 0.0395054 0.0115138 -0.224162 -0.00483609 0.974472
-0.284586 0.00967881 0.0396107 0.0120511 -0.210159 -0.00534741 0.977578
-0.272256 0.00792312 0.0418778 0.0127889 -0.19852 -0.00521477 0.979999
-0.257696 0.000942113 0.0477875 0.0149148 -0.183984 -0.00415597 0.982807
-0.248925 -0.00577138 0.0501624 0.0157253 -0.170052 -0.0037809 0.985302
-0.236712 -0.00944377 0.0445035 0.0145019 -0.156923 -0.00335574 0.987499
-0.218994 -0.0135128 0.0431393 0.0144339 -0.142072 -0.00305061 0.989746
-0.205444 -0.0180537 0.0421941 0.0142873 -0.1287 -0.00191077 0.991579
-0.19653 -0.0203741 0.042065 0.0147307 -0.118531 -0.00148042 0.99284
-0.181109 -0.0230613 0.0425501 0.0146563 -0.106474 -0.00164147 0.994206
-0.168502 -0.0173288 0.0375033 0.0141187 -0.0988331 -0.00161654 0.995003
-0.152625 -0.0223099 0.0367412 0.0145263 -0.088684 -0.000441937 0.995954
-0.134641 -0.0246815 0.0355333 0.0147728 -0.0731327 -0.000552122 0.997213
-0.123044 -0.023631 0.0365956 0.0150497 -0.0636064 0.000554802 0.997861
-0.103594 -0.0243771 0.0377247 0.0157536 -0.0494749 0.000739162 0.998651
-0.0934753 -0.0220536 0.0387021 0.016059 -0.0394918 0.00165733 0.999089
-0.073107 -0.0231622 0.0352038 0.0160871 -0.0253649 0.00108904 0.999548
-0.0564097 -0.0201332 0.0373457 0.0170783 -0.0114478 0.00152741 0.999787
-0.0485522 -0.0212495 0.0365472 0.0170043 -0.00705823 0.0013356 0.99983
-0.049395 -0.0213291 0.0370108 0.0170589 -0.00772294 0.0013257 0.999824
-0.049395 -0.0213291 0.0370108 0.0170589 -0.00772294 0.0013257 0.999824
-0.049395 -0.0213291 0.0370108 0.0170589 -0.00772294 0.0013257 0.999824
-0.049395 -0.0213291 0.0370108 0.0170589 -0.00772294 0.0013257 0.999824
-0.049395 -0.0213291 0.0370108 0.0170589 -0.00772294 0.0013257 0.999824
-0.049395 -0.0213291 0.0370108 0.0170589 -0.00772294 0.0013257 0.999824
-0.049395 -0.0213291 0.0370108 0.0170589 -0.00772294 0.0013257 0.999824
-0.049395 -0.0213291 0.0370108 0.0170589 -0.00772294 0.0013257 0.999824
-0.049395 -0.0213291 0.0370108 0.0170589 -0.00772294 0.0013257 0.999824
-0.049395 -0.0213291 0.0370108 0.0170589 -0.00772294 0.0013257 0.999824
-0.049395 -0.0213291 0.0370108 0.0170589 -0.00772294 0.0013257 0.999824
-0.049395 -0.0213291 0.0370108 0.0170589 -0.00772294 0.0013257 0.999824
-0.0495098 -0.0213131 0.0370905 0.0170731 -0.00772601 0.00132542 0.999824
-0.0495098 -0.0213131 0.0370905 0.0170731 -0.00772601 0.00132542 0.999824
-0.0495098 -0.0213131 0.0370905 0.0170731 -0.00772601 0.00132542 0.999824
-0.0495098 -0.0213131 0.0370905 0.0170731 -0.00772601 0.00132542 0.999824
-0.0495098 -0.0213131 0.0370905 0.0170731 -0.00772601 0.00132542 0.999824
-0.0495098 -0.0213131 0.0370905 0.0170731 -0.00772601 0.00132542 0.999824
-0.0495777 -0.0212424 0.0371378 0.0170811 -0.00773915 0.0013207 0.999823
-0.0495777 -0.0212424 0.0371378 0.0170811 -0.00773915 0.0013207 0.999823
-0.0498774 -0.0214466 0.0373595 0.0171207 -0.00770434 0.00133161 0.999823
-0.0503604 -0.0208581 0.0376617 0.0171747 -0.00780396 0.00132551 0.999821
-0.0503604 -0.0208581 0.0376617 0.0171747 -0.00780396 0.00132551 0.999821
-0.0503604 -0.0208581 0.0376617 0.0171747 -0.00780396 0.00132551 0.999821
-0.0503604 -0.0208581 0.0376617 0.0171747 -0.00780396 0.00132551 0.999821
