-0.00317631 -0.743336 2.47629 0.714717 -0.69923 0.011552 0.0110705
-0.0032022 -0.743159 2.47586 0.714567 -0.699386 0.0112106 0.0112964
-0.00321665 -0.743177 2.47602 0.714716 -0.699229 0.0109487 0.0117899
-0.00318533 -0.743031 2.47557 0.714591 -0.699356 0.0111824 0.0116491
-0.00324679 -0.743346 2.47639 0.714533 -0.699413 0.0123318 0.0106226
-0.00320104 -0.743174 2.47581 0.714603 -0.699342 0.0113319 0.0115828
-0.00318673 -0.743222 2.47612 0.714632 -0.699326 0.010805 0.0112559
-0.0032323 -0.743123 2.47588 0.714541 -0.69941 0.011124 0.0115074
-0.00323592 -0.743275 2.47634 0.714513 -0.699448 0.0114491 0.0105844
-0.00321609 -0.743213 2.47609 0.71454 -0.69942 0.0111237 0.0109901
-0.00323018 -0.74295 2.47511 0.714594 -0.699338 0.0120705 0.0117013
-0.00323797 -0.742947 2.47516 0.714372 -0.699574 0.0121581 0.011023
-0.00321145 -0.743541 2.47691 0.714688 -0.699264 0.0114353 0.0109768
-0.00317453 -0.743293 2.47644 0.71476 -0.699198 0.0101559 0.0116922
-0.00320409 -0.743184 2.47586 0.714554 -0.6994 0.0112602 0.0112331
-0.00322983 -0.743196 2.47582 0.714437 -0.699507 0.0117292 0.0114545
-0.00323105 -0.742895 2.47493 0.714414 -0.699521 0.0121417 0.0116007
-0.00324217 -0.742895 2.47508 0.714454 -0.699483 0.0121105 0.0115424
-0.00320777 -0.743142 2.476 0.714576 -0.699381 0.0108793 0.0113882
-0.00320179 -0.743335 2.47629 0.714664 -0.699288 0.0110779 0.0113623
-0.00324111 -0.743247 2.47597 0.714496 -0.699462 0.0112591 0.0110481
-0.00322365 -0.74302 2.47519 0.71449 -0.69944 0.0118662 0.01211
-0.00316757 -0.743329 2.47644 0.714591 -0.699371 0.0103392 0.0114926
-0.003202 -0.743168 2.47595 0.714592 -0.699355 0.0108817 0.0119685
-0.00325207 -0.743337 2.47661 0.714584 -0.699386 0.0108285 0.0105766
-0.0031941 -0.742987 2.47515 0.714555 -0.69939 0.0116118 0.0114201
-0.00327644 -0.743401 2.47634 0.714623 -0.699316 0.0121673 0.0110417
-0.00322166 -0.743297 2.47606 0.714546 -0.699394 0.0118957 0.0114487
-0.00321944 -0.743221 2.4761 0.714531 -0.699424 0.0114221 0.0110044
-0.00325204 -0.74308 2.47554 0.714536 -0.699412 0.0115636 0.0113106
-0.00318231 -0.743064 2.47554 0.714453 -0.6995 0.0114483 0.0111984
-0.00324203 -0.743353 2.47647 0.714513 -0.699441 0.0113987 0.0110862
-0.00334943 -0.742847 2.47456 0.714058 -0.699878 0.0134185 0.0105564
-0.00230536 -0.743637 2.47724 0.714311 -0.69967 0.00980593 0.0112453
-0.000576844 -0.743484 2.4756 0.712931 -0.70102 0.0126616 0.0117957
0.00147549 -0.743626 2.47476 0.712148 -0.701839 0.0109716 0.0120761
0.00471734 -0.74472 2.47745 0.711429 -0.702601 0.0079162 0.0125391
0.00792811 -0.744208 2.47452 0.709159 -0.704854 0.0122698 0.0110892
0.0111968 -0.741853 2.46617 -0.706587 0.707352 -0.0140985 -0.0137373
0.0149358 -0.746225 2.48175 -0.705799 0.708267 -0.00394764 -0.0137759
0.017768 -0.745446 2.48048 -0.703487 0.710586 -0.00775629 -0.0106318
0.0211683 -0.744463 2.47842 -0.702526 0.711514 -0.00886919 -0.0112362
0.0240152 -0.74383 2.47765 -0.700924 0.71306 -0.0105556 -0.0118021
0.0274557 -0.743963 2.47852 -0.698909 0.715055 -0.0126461 -0.00785977
0.0306494 -0.743864 2.47846 -0.698183 0.715771 -0.0103915 -0.0102639
0.0338882 -0.743999 2.47912 -0.695629 0.718229 -0.0125959 -0.00940879
0.0367526 -0.74331 2.47687 -0.693597 0.720171 -0.0131475 -0.0102562
0.0399499 -0.743744 2.47798 -0.691385 0.722285 -0.0120451 -0.0120817
0.0430177 -0.74292 2.47595 -0.689808 0.723769 -0.0115422 -0.0138051
0.0462784 -0.742785 2.47659 -0.687281 0.726188 -0.0124439 -0.011917
0.049646 -0.742496 2.47659 -0.68457 0.72875 -0.0122889 -0.0116617
0.0530332 -0.741701 2.47572 -0.682479 0.730698 -0.0119946 -0.0126052
0.0559349 -0.741693 2.47639 -0.679984 0.733004 -0.0136867 -0.0118163
0.0587843 -0.74143 2.4767 -0.678369 0.734522 -0.0125691 -0.0116098
0.0617622 -0.741452 2.47739 -0.676076 0.736627 -0.0138008 -0.0105683
0.0645968 -0.740843 2.47619 -0.674272 0.738249 -0.0153481 -0.0104566
0.0674943 -0.740532 2.47624 -0.672583 0.739791 -0.0151245 -0.0106085
0.0704748 -0.740013 2.47567 -0.670822 0.741391 -0.014351 -0.0114864
0.0734812 -0.740016 2.47705 -0.668843 0.743182 -0.0147831 -0.0104956
0.0763963 -0.739541 2.47656 -0.666899 0.744913 -0.0157423 -0.0101574
0.0795337 -0.738615 2.47499 -0.665449 0.746187 -0.0156028 -0.0118115
0.0828759 -0.738074 2.4748 -0.664047 0.747468 -0.0141245 -0.0115526
0.0865607 -0.738049 2.47606 -0.661889 0.749367 -0.015254 -0.0109116
0.090052 -0.737575 2.47602 -0.659543 0.751447 -0.0142672 -0.0112745
0.093013 -0.736755 2.47492 -0.657682 0.753068 -0.0152485 -0.0104543
0.0957296 -0.73652 2.47566 -0.655768 0.754742 -0.0155158 -0.00953541
0.098652 -0.736047 2.47569 -0.653531 0.756661 -0.0162688 -0.00981274
0.101922 -0.735637 2.47592 -0.651698 0.75825 -0.0156825 -0.0100237
0.10524 -0.734813 2.47501 -0.649947 0.759755 -0.0157477 -0.00963425
0.108665 -0.734182 2.47505 -0.648263 0.761202 -0.0149926 -0.0100828
0.112012 -0.733439 2.47449 -0.646204 0.762945 -0.0153035 -0.0100548
0.115158 -0.732777 2.47448 -0.644124 0.764692 -0.0161859 -0.00939893
0.118342 -0.732096 2.47471 -0.642654 0.765951 -0.0140932 -0.0108042
0.121571 -0.731417 2.47459 -0.640481 0.767753 -0.0158158 -0.00948212
0.125106 -0.730729 2.47407 -0.638136 0.769682 -0.0161514 -0.0105301
0.129026 -0.730438 2.47548 -0.63577 0.771666 -0.0151871 -0.00990463
0.132543 -0.72934 2.47426 -0.633901 0.773188 -0.0147609 -0.0115104
0.135808 -0.728686 2.47422 -0.631627 0.775034 -0.0163445 -0.0101544
0.139155 -0.727791 2.47384 -0.630268 0.776156 -0.0144651 -0.0116352
0.142519 -0.727415 2.47453 -0.62843 0.77763 -0.0154687 -0.0112789
0.145602 -0.726205 2.47283 -0.62705 0.778722 -0.0165136 -0.0112606
0.149037 -0.725549 2.47309 -0.625479 0.779985 -0.0163751 -0.0114653
0.152348 -0.725258 2.47371 -0.623171 0.781832 -0.0163381 -0.0114164
0.155344 -0.725011 2.47445 -0.62066 0.783828 -0.0176157 -0.00920424
0.158417 -0.724806 2.47481 -0.618709 0.785399 -0.0157127 -0.0100134
0.161091 -0.723959 2.4733 -0.616719 0.786937 -0.0170606 -0.00979597
0.164132 -0.723677 2.47433 -0.613949 0.789103 -0.01742 -0.00887953
0.167 -0.722887 2.47413 -0.611913 0.790689 -0.0166219 -0.00987413
0.169799 -0.722244 2.47414 -0.609738 0.792372 -0.0161593 -0.0102151
0.172563 -0.721636 2.47405 -0.60738 0.794172 -0.0173395 -0.00893871
0.175505 -0.72096 2.47372 -0.605145 0.795869 -0.0173686 -0.00952404
0.178816 -0.720568 2.47437 -0.602316 0.798004 -0.0178088 -0.00938653
0.182049 -0.719535 2.47275 -0.600065 0.799663 -0.018976 -0.0100205
0.185133 -0.718995 2.47378 -0.597629 0.801479 -0.0197149 -0.00906906
0.188082 -0.717679 2.47211 -0.595212 0.80326 -0.0199762 -0.00980816
0.191212 -0.717487 2.47358 -0.592891 0.805003 -0.0188035 -0.00986146
0.194235 -0.7168 2.47391 -0.590671 0.806649 -0.0180876 -0.00988818
0.197236 -0.715606 2.47303 -0.587975 0.8086 -0.0186181 -0.0102057
0.200392 -0.714716 2.47275 -0.585322 0.810481 -0.0204126 -0.0100927
0.203783 -0.713848 2.47316 -0.582747 0.812361 -0.0194783 -0.00981526
0.206886 -0.712942 2.47312 -0.580549 0.813951 -0.0183043 -0.0105275
0.210072 -0.711991 2.47342 -0.578008 0.815712 -0.0207306 -0.00947075
0.213325 -0.711198 2.47405 -0.576207 0.817014 -0.0186386 -0.0112212
0.216431 -0.710371 2.47448 -0.57404 0.818542 -0.0191767 -0.0100135
0.219221 -0.709393 2.47379 -0.571789 0.820093 -0.020334 -0.00952276
0.224889 -0.707541 2.47347 -0.567461 0.823098 -0.0200865 -0.00966203
0.227865 -0.706335 2.47348 -0.565825 0.824242 -0.0189176 -0.0104288
0.230937 -0.705497 2.47453 -0.563764 0.825679 -0.0182868 -0.00950071
0.243075 -0.699862 2.473 -0.555422 0.831288 -0.0198047 -0.00862006
0.245876 -0.698682 2.47366 -0.553908 0.832313 -0.0192357 -0.00842102
0.248462 -0.697303 2.47372 -0.551868 0.833689 -0.0186808 -0.00745726
0.25698 -0.692765 2.47346 -0.546752 0.837034 -0.0197851 -0.00665569
0.25994 -0.691145 2.47355 -0.54535 0.837963 -0.0186027 -0.00804325
0.26558 -0.687783 2.47262 -0.541414 0.840497 -0.0197232 -0.00687068
0.275313 -0.683226 2.47264 -0.534998 0.844599 -0.0193758 -0.00735207
0.281561 -0.680154 2.4735 -0.531453 0.846855 -0.0187574 -0.00658399
0.294395 -0.67324 2.47249 -0.521092 0.853271 -0.018645 -0.0066462
0.297045 -0.671795 2.47258 -0.518844 0.854598 -0.0207737 -0.00556753
0.299669 -0.670164 2.47231 -0.516819 0.855799 -0.0218062 -0.0056384
0.307841 -0.665106 2.47102 -0.510177 0.859791 -0.0208542 -0.00662118
0.315415 -0.659483 2.47038 -0.504109 0.863346 -0.0218127 -0.00565244
0.317723 -0.657545 2.46996 -0.502297 0.864406 -0.0217618 -0.00512158
0.320274 -0.655958 2.46972 -0.50053 0.865445 -0.0209413 -0.00595198
0.322998 -0.654389 2.47009 -0.498541 0.866605 -0.0205162 -0.00553253
0.325829 -0.652458 2.4698 -0.49656 0.867708 -0.0218673 -0.00578345
0.328693 -0.650746 2.47013 -0.494163 0.869066 -0.0222331 -0.00570176
0.331257 -0.648815 2.46947 -0.492196 0.870202 -0.0214536 -0.00564607
0.334014 -0.647228 2.46931 -0.489796 0.871568 -0.0210252 -0.00516419
0.336855 -0.645752 2.46931 -0.487603 0.8728 -0.0207771 -0.00569399
0.339572 -0.64367 2.46772 -0.484355 0.874557 -0.0226996 -0.00593103
0.342899 -0.642004 2.46845 -0.48127 0.876239 -0.0235435 -0.00554831
0.345907 -0.639895 2.4689 -0.479478 0.877262 -0.0221661 -0.0045905
0.348551 -0.637766 2.46788 -0.477808 0.87819 -0.0213963 -0.00492011
0.351593 -0.635956 2.46854 -0.476139 0.879118 -0.0201871 -0.00598832
0.353799 -0.633649 2.46762 -0.473322 0.880562 -0.023538 -0.00477334
0.356255 -0.631975 2.46867 -0.471944 0.881346 -0.0217057 -0.00509633
0.358858 -0.630064 2.4683 -0.470065 0.882363 -0.0208924 -0.00617872
0.361242 -0.628033 2.46702 -0.468591 0.883169 -0.0200689 -0.00561723
0.363793 -0.626463 2.46726 -0.465957 0.884522 -0.0221441 -0.00374521
0.366385 -0.624839 2.46759 -0.46364 0.885739 -0.0221231 -0.00381752
0.368874 -0.623023 2.46795 -0.461608 0.886782 -0.0228641 -0.00345636
0.37141 -0.621036 2.46776 -0.459609 0.887842 -0.0220876 -0.00288389
0.373866 -0.619026 2.46713 -0.457873 0.88879 -0.0198016 -0.00344736
0.376192 -0.616953 2.466 -0.455826 0.889776 -0.0226592 -0.00264407
0.378995 -0.615488 2.4677 -0.453838 0.890807 -0.0220986 -0.0025158
0.381239 -0.613164 2.4664 -0.451275 0.892078 -0.0232603 -0.00258208
0.383985 -0.611369 2.46701 -0.449518 0.892993 -0.0221773 -0.00209006
0.386787 -0.609485 2.46696 -0.447801 0.89389 -0.020641 -0.00298936
0.389337 -0.60775 2.46748 -0.445775 0.89491 -0.0202882 -0.00306603
0.391859 -0.606084 2.46781 -0.44333 0.896105 -0.0212429 -0.00173492
0.393886 -0.60381 2.46622 -0.440597 0.897406 -0.0230665 -0.00209832
0.396425 -0.601996 2.46646 -0.437898 0.898732 -0.0229061 -0.00096548
0.398609 -0.599807 2.46542 -0.435443 0.89995 -0.0218203 -0.00168422
0.400728 -0.597551 2.46441 -0.432681 0.901252 -0.0229605 -0.00237108
0.403421 -0.59564 2.46516 -0.429878 0.902591 -0.0230861 -0.00139677
0.405777 -0.593626 2.46584 -0.427224 0.903848 -0.0231733 -0.00073722
0.40796 -0.591556 2.46546 -0.424841 0.904999 -0.0220235 -0.00127736
0.410105 -0.589468 2.46514 -0.42279 0.905936 -0.0229579 -0.00121386
0.412524 -0.587607 2.46565 -0.420533 0.906992 -0.0227569 -0.000825594
0.414798 -0.585336 2.46494 -0.418451 0.907934 -0.0234355 -0.00238566
0.416878 -0.583216 2.46439 -0.416278 0.908944 -0.023063 -0.00153949
0.419009 -0.581418 2.46492 -0.414165 0.909938 -0.0218802 -0.000911517
0.420978 -0.579498 2.46472 -0.412033 0.910855 -0.0239172 -0.000238718
0.422957 -0.577366 2.46448 -0.409925 0.911806 -0.0238922 -5.2181e-05
0.424907 -0.575131 2.46452 -0.407826 0.912717 -0.0250112 0.000630304
0.427227 -0.572646 2.46429 -0.40577 0.913646 -0.0244939 0.0010211
0.429451 -0.57028 2.46237 -0.402787 0.914944 -0.025302 0.000575739
0.432297 -0.568533 2.46426 -0.400854 0.915895 -0.0212656 -2.12546e-05
0.434125 -0.566187 2.46304 -0.39842 0.916849 -0.0254616 0.000694729
0.436004 -0.564127 2.46337 -0.39593 0.917932 -0.0252627 0.00131163
0.438122 -0.561858 2.46334 -0.393778 0.91889 -0.0240169 0.00172443
0.440433 -0.559617 2.46308 -0.392081 0.919654 -0.0225069 0.00118264
0.442499 -0.557337 2.46251 -0.389584 0.920664 -0.0244617 0.00182849
0.444986 -0.555306 2.46406 -0.387565 0.921534 -0.0236241 0.00314163
0.446978 -0.55261 2.46353 -0.384595 0.92275 -0.0247531 0.00258846
0.449556 -0.550293 2.46446 -0.38348 0.923201 -0.0251335 0.00328765
0.450718 -0.547031 2.4592 -0.380883 0.924292 -0.0247141 0.000793177
0.454341 -0.546582 2.46648 -0.378536 0.92536 -0.0202274 0.00317201
0.456466 -0.542939 2.46278 -0.374902 0.926829 -0.0206569 0.00311871
0.458779 -0.539876 2.46257 -0.372176 0.92787 -0.0230961 0.00283292
0.461234 -0.537075 2.46292 -0.370474 0.928571 -0.022297 0.00284751
0.463371 -0.534523 2.46309 -0.368843 0.929284 -0.0194272 0.00291955
0.465339 -0.532248 2.46247 -0.366383 0.930222 -0.0211226 0.00212845
0.467763 -0.530274 2.46319 -0.364896 0.930852 -0.0190407 0.0014102
0.469601 -0.527807 2.46269 -0.362415 0.931726 -0.0230968 0.00296067
0.471812 -0.525121 2.4626 -0.360835 0.932382 -0.0213333 0.00255665
0.47433 -0.52288 2.46322 -0.358317 0.933364 -0.0207658 0.00293978
0.476146 -0.520286 2.46122 -0.355913 0.934273 -0.0212802 0.00277422
0.478681 -0.518395 2.46254 -0.353791 0.935114 -0.019799 0.00160591
0.480817 -0.516254 2.46268 -0.350681 0.936223 -0.0224167 0.00241505
0.482846 -0.513875 2.46239 -0.347875 0.937273 -0.0221514 0.00338912
0.485096 -0.511485 2.46218 -0.344284 0.938552 -0.0239507 0.00380867
0.486831 -0.50927 2.46156 -0.342322 0.939296 -0.0229688 0.00331078
0.488712 -0.50743 2.4622 -0.339768 0.940248 -0.0219157 0.0032312
0.49035 -0.504993 2.46176 -0.336619 0.941317 -0.0242665 0.00454531
0.49226 -0.502563 2.46171 -0.333853 0.942299 -0.0245077 0.00373362
0.494338 -0.500136 2.46178 -0.331169 0.943287 -0.0228456 0.00385185
0.496408 -0.497961 2.46179 -0.32826 0.944333 -0.0215919 0.00380297
0.498422 -0.495677 2.46131 -0.324888 0.945433 -0.0242278 0.00408473
0.500586 -0.493379 2.46183 -0.321988 0.946443 -0.0235248 0.00404766
0.502499 -0.490826 2.46167 -0.319092 0.94744 -0.0228708 0.00383723
0.504547 -0.488319 2.46236 -0.316691 0.948287 -0.0210312 0.00396806
0.506427 -0.485632 2.46133 -0.313526 0.949312 -0.0222551 0.00353269
0.50873 -0.482913 2.46117 -0.309786 0.950517 -0.0232727 0.00289896
0.510818 -0.480051 2.4613 -0.307282 0.951346 -0.0225562 0.00309389
0.51282 -0.477301 2.46123 -0.304838 0.952118 -0.0231774 0.00278931
0.515012 -0.474702 2.46123 -0.302387 0.952914 -0.0226336 0.00212238
0.516908 -0.472156 2.46128 -0.300137 0.953647 -0.021759 0.00143643
0.518635 -0.469805 2.46047 -0.297394 0.954478 -0.0229126 0.00180883
0.520815 -0.467951 2.46162 -0.294534 0.955346 -0.0236154 0.00244418
0.52269 -0.465691 2.46169 -0.291785 0.956163 -0.0245143 0.00345675
0.524426 -0.463387 2.4619 -0.289761 0.956829 -0.0225307 0.00312569
0.525889 -0.460771 2.46058 -0.286755 0.957681 -0.0246979 0.00296106
0.527864 -0.458318 2.46146 -0.284636 0.958367 -0.0224187 0.00350077
0.529483 -0.455464 2.46087 -0.282061 0.959114 -0.0230428 0.0032781
0.531229 -0.45255 2.46056 -0.279631 0.959817 -0.0233042 0.00377788
0.532838 -0.449849 2.46031 -0.276856 0.960592 -0.0244991 0.00363456
0.534551 -0.447369 2.46049 -0.27454 0.961268 -0.0240066 0.00393686
0.536158 -0.444797 2.46033 -0.272363 0.961899 -0.0235886 0.00358208
0.538062 -0.441995 2.46019 -0.269962 0.962615 -0.0219379 0.00334171
0.54002 -0.439245 2.46069 -0.267698 0.963223 -0.0229013 0.00374161
0.541803 -0.436483 2.4612 -0.265386 0.963885 -0.021997 0.00358053
0.543286 -0.433659 2.46054 -0.262708 0.964583 -0.0234711 0.00372961
0.544909 -0.431092 2.46052 -0.260198 0.965236 -0.024495 0.00402442
0.546431 -0.428267 2.46055 -0.258209 0.965777 -0.0240856 0.00478755
0.547838 -0.425192 2.45991 -0.256141 0.966324 -0.0242521 0.00462659
0.549672 -0.42216 2.46046 -0.254498 0.966835 -0.0211349 0.00377003
0.551368 -0.419237 2.46046 -0.251607 0.967559 -0.0224964 0.00425344
0.552871 -0.416286 2.46045 -0.249276 0.96815 -0.0230219 0.00426398
0.554313 -0.413402 2.45995 -0.247343 0.968633 -0.0235752 0.00400604
0.555908 -0.41074 2.46054 -0.24485 0.969284 -0.0227335 0.00442936
0.557473 -0.408179 2.46077 -0.242763 0.969791 -0.0236225 0.0036926
0.558805 -0.405659 2.46039 -0.24065 0.970344 -0.0225599 0.00323796
0.560394 -0.403478 2.46127 -0.23769 0.971044 -0.0236178 0.00445021
0.561646 -0.400933 2.4601 -0.235081 0.971681 -0.0237009 0.00345774
0.562991 -0.398451 2.46068 -0.232469 0.972301 -0.0239062 0.00416831
0.563796 -0.395424 2.4585 -0.230327 0.972765 -0.025869 0.00286038
0.5654 -0.392854 2.46111 -0.228361 0.973281 -0.0233108 0.00573076
0.566369 -0.389953 2.45972 -0.225876 0.97385 -0.0240817 0.00405397
0.567571 -0.387184 2.45949 -0.223114 0.974413 -0.0268569 0.0043331
0.568856 -0.384121 2.45976 -0.221312 0.974899 -0.0240768 0.00374647
0.569792 -0.381493 2.4595 -0.218734 0.975448 -0.0251448 0.0048652
0.570568 -0.378835 2.45932 -0.216581 0.975917 -0.0254923 0.00531411
0.571374 -0.37586 2.45912 -0.214731 0.976346 -0.0248322 0.00478834
0.572587 -0.372855 2.45945 -0.212251 0.976896 -0.0245796 0.00452372
0.573904 -0.369944 2.45975 -0.210208 0.977323 -0.0250926 0.00479946
0.575008 -0.366752 2.45907 -0.208439 0.977731 -0.0239557 0.00472608
0.576117 -0.363785 2.45831 -0.205543 0.978306 -0.0253129 0.00536027
0.577227 -0.360955 2.45808 -0.203016 0.978807 -0.0263628 0.00518959
0.57872 -0.358165 2.45932 -0.200422 0.979369 -0.0252125 0.0055305
0.579471 -0.354991 2.45746 -0.198149 0.979839 -0.0251821 0.00425731
0.580575 -0.351654 2.45722 -0.195094 0.980454 -0.0251502 0.00397966
0.581987 -0.348422 2.45831 -0.192516 0.981006 -0.0232076 0.00521194
0.582996 -0.345409 2.45824 -0.19117 0.981273 -0.0232078 0.00436404
0.583724 -0.342196 2.45716 -0.188805 0.981664 -0.0254766 0.00628843
0.585049 -0.33922 2.45858 -0.18663 0.982081 -0.0252293 0.00698573
0.585742 -0.335989 2.45773 -0.184761 0.982485 -0.0237554 0.00477178
0.58663 -0.333074 2.45767 -0.182889 0.982826 -0.0235091 0.00721057
0.587485 -0.330217 2.45789 -0.181043 0.983162 -0.0234182 0.00816949
0.588358 -0.327291 2.45763 -0.178705 0.983567 -0.0246491 0.00727665
0.589489 -0.324301 2.4582 -0.176376 0.983975 -0.0251921 0.00712359
0.590173 -0.321057 2.45734 -0.17434 0.984326 -0.0256055 0.00726574
0.591207 -0.318076 2.45751 -0.172291 0.984748 -0.0229123 0.00792517
0.591945 -0.314851 2.4558 -0.169411 0.985195 -0.0253141 0.00702332
0.593509 -0.311773 2.45749 -0.166798 0.985673 -0.023765 0.00787296
0.594486 -0.308559 2.45781 -0.164744 0.985989 -0.0246992 0.00868316
0.595135 -0.305476 2.45731 -0.162739 0.986296 -0.0255045 0.00927918
0.59577 -0.30256 2.4573 -0.160381 0.98668 -0.0256947 0.00896483
0.596092 -0.299459 2.45534 -0.15778 0.987089 -0.0265087 0.00757301
0.597472 -0.296675 2.45677 -0.156044 0.987376 -0.0256412 0.00904069
0.598503 -0.293343 2.45642 -0.153559 0.987782 -0.0253296 0.00805656
0.599726 -0.290208 2.45658 -0.150679 0.988233 -0.0246577 0.00914961
0.600723 -0.287524 2.45674 -0.147735 0.988667 -0.025259 0.00860988
0.6016 -0.284738 2.45683 -0.144721 0.989094 -0.0259111 0.00884896
0.602259 -0.281754 2.45693 -0.142501 0.98944 -0.0247469 0.00951466
0.603131 -0.278692 2.45729 -0.139716 0.989865 -0.0235163 0.0097116
0.603814 -0.275181 2.45612 -0.136271 0.990316 -0.0250307 0.00887475
0.604804 -0.271904 2.45662 -0.133538 0.990689 -0.0244653 0.0101974
0.605467 -0.268806 2.45655 -0.130796 0.991043 -0.0251906 0.00958913
0.606069 -0.265576 2.45564 -0.12832 0.991394 -0.0246756 0.00792904
0.606998 -0.262312 2.45607 -0.125916 0.991666 -0.0261948 0.00761244
0.607818 -0.259215 2.45548 -0.123518 0.991982 -0.0255389 0.00787816
0.608814 -0.256454 2.45598 -0.12104 0.992313 -0.0245181 0.00790987
0.609586 -0.253723 2.45594 -0.118352 0.992638 -0.0243465 0.00838229
0.610639 -0.250857 2.45692 -0.115734 0.992953 -0.0238947 0.00891155
0.611467 -0.24791 2.4576 -0.113543 0.993194 -0.0240378 0.00975742
0.6117 -0.244594 2.45639 -0.11131 0.993415 -0.0251956 0.0101288
0.611764 -0.241026 2.45396 -0.108957 0.993689 -0.0253904 0.00813612
0.612941 -0.237806 2.45589 -0.106816 0.993959 -0.023189 0.00992542
0.613495 -0.23488 2.45599 -0.103981 0.994232 -0.0240819 0.0105325
0.614221 -0.232046 2.45651 -0.101948 0.99446 -0.0228432 0.0115625
0.614594 -0.229032 2.45622 -0.0992983 0.994745 -0.02254 0.0106976
0.614996 -0.225607 2.4556 -0.0969224 0.99498 -0.0227914 0.0100538
0.615156 -0.222088 2.45467 -0.0949059 0.995144 -0.0237903 0.0107695
0.615862 -0.218705 2.45564 -0.0933606 0.995312 -0.0223846 0.0116714
0.616403 -0.215361 2.45623 -0.0911503 0.995507 -0.0223684 0.0125081
0.616343 -0.211901 2.45497 -0.0888245 0.995724 -0.0220954 0.0124408
0.61686 -0.208705 2.4562 -0.0866802 0.995943 -0.0203741 0.0129625
0.616918 -0.205485 2.45559 -0.0848372 0.996143 -0.0188138 0.0121903
0.617302 -0.202337 2.4557 -0.0827056 0.996319 -0.0187714 0.012465
0.617944 -0.198918 2.45647 -0.080396 0.996512 -0.0182325 0.0129278
0.618048 -0.195164 2.45505 -0.0778009 0.996688 -0.0208312 0.0112268
0.618371 -0.191798 2.45559 -0.0763017 0.996834 -0.0188219 0.0120747
0.618559 -0.188428 2.45534 -0.0740735 0.997034 -0.0168081 0.0123744
0.61878 -0.185151 2.45483 -0.0718382 0.997179 -0.0177254 0.0126152
0.619388 -0.181898 2.45537 -0.0699458 0.997286 -0.0191227 0.0127682
0.619776 -0.178725 2.45533 -0.0681268 0.997404 -0.0194994 0.0127913
0.620178 -0.175473 2.45645 -0.0665063 0.997507 -0.0189156 0.0140723
0.620171 -0.172205 2.45508 -0.0646609 0.997662 -0.0175885 0.0134436
0.620756 -0.169167 2.45613 -0.0628867 0.997795 -0.0158004 0.0141407
0.6208 -0.166055 2.45484 -0.0600289 0.997936 -0.0186184 0.0131863
0.621427 -0.163121 2.45528 -0.0572595 0.998086 -0.0184474 0.0143126
0.621995 -0.160116 2.45559 -0.0540223 0.998275 -0.0177988 0.0145382
0.622601 -0.157114 2.45574 -0.0506575 0.998463 -0.0175258 0.0141062
0.623246 -0.154369 2.45679 -0.0482681 0.998597 -0.0159096 0.0148958
0.623416 -0.151634 2.45634 -0.0453285 0.998716 -0.0176166 0.0141738
0.623109 -0.148443 2.45449 -0.0424189 0.998853 -0.0177391 0.0133419
0.623201 -0.145126 2.45427 -0.0395187 0.998977 -0.0175679 0.0132056
0.623662 -0.142012 2.45556 -0.0372766 0.999073 -0.0168079 0.0134916
0.623693 -0.138936 2.45536 -0.0345744 0.999176 -0.015903 0.0141337
0.62393 -0.135917 2.45675 -0.0317495 0.999239 -0.0155257 0.0165172
0.623727 -0.132684 2.45538 -0.0289522 0.999325 -0.0166118 0.0153104
0.623686 -0.129491 2.45416 -0.025636 0.999418 -0.0177124 0.013902
0.624231 -0.126334 2.45663 -0.0233899 0.999481 -0.013906 0.0172333
0.624439 -0.122787 2.45626 -0.0194096 0.999568 -0.0150321 0.0161714
0.624265 -0.118874 2.4556 -0.0170227 0.999683 -0.0118911 0.014253
0.623589 -0.115503 2.45305 -0.0131835 0.999647 -0.0182993 0.0140664
0.624051 -0.11235 2.45482 -0.0119727 0.999677 -0.0161376 0.0155393
0.623921 -0.109234 2.4537 -0.01016 0.999745 -0.0143151 0.0141724
0.623716 -0.106231 2.45352 -0.00803285 0.999761 -0.0152361 0.013465
0.623598 -0.103268 2.45372 -0.00416448 0.999675 -0.0175044 0.0180435
0.624092 -0.100114 2.45477 -0.00238175 0.999752 -0.0127295 0.0181121
0.621983 -0.0965638 2.44515 0.00055649 0.999763 -0.0182021 0.0119342
0.621836 -0.0939002 2.44394 0.00220099 0.999678 -0.0216904 0.012968
0.624455 -0.0905927 2.45442 0.00564231 0.999552 -0.0170943 0.0239309
0.62421 -0.0873467 2.45297 0.00829308 0.999721 -0.0128722 0.0180022
0.624382 -0.0838928 2.45422 0.00991832 0.999744 -0.00984495 0.0178215
0.624278 -0.0802665 2.45461 0.0140122 0.999547 -0.0191087 0.018558
0.623779 -0.0770913 2.454 0.0154787 0.999634 -0.0145836 0.0167177
0.623083 -0.0741263 2.45265 0.0177562 0.999586 -0.0152092 0.0167694
0.622783 -0.0709396 2.45293 0.0201071 0.999538 -0.0146928 0.0173974
0.622622 -0.0675929 2.45375 0.0220247 0.999494 -0.011797 0.0196638
0.622095 -0.0641959 2.45212 0.0249336 0.999423 -0.0147692 0.0176978
0.622049 -0.0607688 2.45239 0.0270776 0.999421 -0.0110416 0.0174005
0.621506 -0.0573884 2.45079 0.0296216 0.999365 -0.0121941 0.0156037
0.621543 -0.0540704 2.45116 0.0327642 0.999207 -0.0149405 0.017009
0.621488 -0.0506716 2.45082 0.0348543 0.999211 -0.00899757 0.016793
0.621311 -0.0472545 2.45043 0.0376851 0.999094 -0.0111493 0.0163372
0.620963 -0.0437174 2.44959 0.0410231 0.998933 -0.0142773 0.0157024
0.620797 -0.0399542 2.45046 0.0436056 0.998875 -0.0094296 0.0160933
0.620415 -0.0365747 2.45053 0.0461685 0.998727 -0.0110944 0.016999
0.619955 -0.0333525 2.44913 0.0488828 0.998625 -0.0110786 0.0153806
0.619659 -0.0303164 2.44896 0.0509292 0.998521 -0.0114047 0.0152328
0.619611 -0.027242 2.44896 0.0535598 0.998404 -0.0105408 0.0144901
0.619791 -0.0244771 2.45009 0.0564574 0.998212 -0.0100892 0.016859
0.619621 -0.0216122 2.44931 0.0597985 0.998017 -0.0117704 0.0157642
0.619509 -0.0187806 2.44956 0.0626068 0.997839 -0.0115363 0.0162483
0.618894 -0.0159127 2.4479 0.0658108 0.997613 -0.0140279 0.015495
0.618608 -0.0129075 2.44801 0.0685216 0.997487 -0.00948249 0.0153275
0.618137 -0.0100488 2.44733 0.0713431 0.997279 -0.010585 0.0152454
0.617819 -0.00707362 2.44772 0.0747317 0.997003 -0.0114277 0.0164206
0.617445 -0.00410839 2.44779 0.0775513 0.996798 -0.0113386 0.0158189
0.616749 -0.00133038 2.44659 0.0805855 0.99655 -0.0123479 0.0155205
0.616506 0.00131781 2.44665 0.0834082 0.996307 -0.0125674 0.0160542
0.616268 0.00416822 2.44672 0.0863105 0.996069 -0.0126528 0.0154093
0.616112 0.00751773 2.44679 0.0892665 0.995834 -0.0111057 0.0149405
0.615543 0.0108355 2.4455 0.0923144 0.995566 -0.0117369 0.0137323
0.615098 0.0137977 2.44542 0.095147 0.995288 -0.0127133 0.0136763
0.614394 0.0168377 2.44503 0.0974908 0.995081 -0.0107566 0.0139365
0.613886 0.0199619 2.44473 0.100601 0.994745 -0.0128302 0.0140785
0.613723 0.0231261 2.44603 0.103372 0.994477 -0.00948627 0.0155016
0.61301 0.0260851 2.44485 0.106548 0.994145 -0.0113337 0.013942
0.612293 0.0290499 2.44384 0.109838 0.993806 -0.0107385 0.0130663
0.611603 0.0321489 2.44352 0.113069 0.99342 -0.0124696 0.013271
0.610882 0.0353493 2.44383 0.115498 0.993155 -0.0101353 0.014139
0.610346 0.038449 2.44446 0.117675 0.992888 -0.0107075 0.0145334
0.60918 0.0415097 2.44367 0.119958 0.992642 -0.00912045 0.0137325
0.607945 0.0444435 2.4424 0.122192 0.992362 -0.0116315 0.0122809
0.607489 0.0474011 2.44377 0.123905 0.992136 -0.00978825 0.0147923
0.606615 0.0503729 2.44331 0.126262 0.991832 -0.0124263 0.0131289
0.605748 0.0534857 2.44304 0.128703 0.991497 -0.0129695 0.0141482
0.60466 0.0565392 2.44231 0.130219 0.991343 -0.0103901 0.0132205
0.603521 0.0590337 2.44197 0.131889 0.991081 -0.0121531 0.0147058
0.602479 0.0613952 2.44273 0.13406 0.990779 -0.0120005 0.0155485
0.60132 0.0640995 2.44306 0.135799 0.990555 -0.00999165 0.0161212
0.599912 0.0671571 2.4417 0.13879 0.9901 -0.0143584 0.0152965
0.598466 0.0706882 2.44041 0.140935 0.98983 -0.0123576 0.0148531
0.597358 0.0735721 2.44064 0.142465 0.98961 -0.0121614 0.0150703
0.596187 0.0763557 2.43985 0.144757 0.989284 -0.0134362 0.013531
0.595366 0.0792475 2.44136 0.146723 0.98899 -0.0123097 0.0148082
0.594077 0.0823669 2.4409 0.149061 0.988609 -0.013682 0.015679
0.592701 0.0854014 2.44028 0.150958 0.98835 -0.0124196 0.0148625
0.591324 0.0881632 2.43931 0.153081 0.988015 -0.0133858 0.0146125
0.590276 0.0910716 2.43917 0.155634 0.987602 -0.0133919 0.015493
0.589299 0.093956 2.43911 0.15876 0.987072 -0.015965 0.0151604
0.588783 0.0971294 2.44106 0.160229 0.986872 -0.0115405 0.0166551
0.586991 0.0999262 2.43897 0.163548 0.986283 -0.0154637 0.0160841
0.585673 0.103019 2.43874 0.167054 0.985744 -0.0144298 0.013882
0.584218 0.106272 2.43904 0.169819 0.98528 -0.0110597 0.0162135
0.583244 0.109063 2.43978 0.172762 0.984716 -0.0142655 0.0168864
0.582112 0.111843 2.43977 0.174758 0.984371 -0.0137579 0.0168758
0.580989 0.114516 2.44002 0.177227 0.983917 -0.014251 0.0171614
0.57952 0.117175 2.43878 0.179545 0.98351 -0.0138998 0.0166879
0.578278 0.119927 2.43849 0.18198 0.983094 -0.0122555 0.0161237
0.577207 0.122769 2.43922 0.184347 0.982625 -0.013365 0.0168834
0.575889 0.12562 2.43854 0.187432 0.982016 -0.0143703 0.0175236
0.574829 0.128563 2.43834 0.189744 0.981588 -0.0153908 0.0156691
0.573449 0.131457 2.43817 0.191896 0.981177 -0.013712 0.0167258
0.571848 0.134467 2.43723 0.193804 0.980787 -0.0145377 0.0168907
0.57053 0.137903 2.43729 0.196446 0.980275 -0.0141488 0.016401
0.569477 0.141271 2.43886 0.19916 0.979727 -0.0113327 0.0184737
0.568065 0.143955 2.43843 0.20156 0.979234 -0.0124036 0.0179243
0.566873 0.146349 2.43834 0.204394 0.978629 -0.0135186 0.0180628
0.565444 0.148841 2.43792 0.206602 0.97819 -0.0131394 0.0169405
0.564116 0.151744 2.43784 0.209276 0.977599 -0.0128718 0.0183864
0.56303 0.154933 2.439 0.211217 0.977157 -0.0119534 0.0201997
0.561338 0.157836 2.43768 0.21397 0.976591 -0.0130924 0.0177819
0.559764 0.160761 2.43702 0.216423 0.976044 -0.0124035 0.0185769
0.558538 0.163685 2.43829 0.218672 0.975534 -0.0112138 0.0197385
0.557027 0.166441 2.43784 0.221454 0.974887 -0.0125379 0.0198908
0.555573 0.169379 2.43795 0.223751 0.97438 -0.0117898 0.0194967
0.553697 0.172345 2.43632 0.226192 0.973862 -0.0108675 0.0176818
0.551915 0.175426 2.43594 0.229783 0.972967 -0.0132741 0.0189581
0.550714 0.178898 2.43872 0.231332 0.972636 -0.00757614 0.0202049
0.548906 0.181691 2.4368 0.233712 0.972071 -0.00910757 0.0193511
0.54739 0.18451 2.43773 0.235846 0.971531 -0.0096289 0.020307
0.545448 0.187108 2.43598 0.238001 0.971012 -0.0126725 0.0181704
0.544261 0.190037 2.43679 0.239886 0.970567 -0.00825825 0.0196332
0.542767 0.192808 2.4367 0.241856 0.970048 -0.0103624 0.0201517
0.540971 0.195682 2.43578 0.244011 0.969543 -0.0103998 0.018364
0.539578 0.198675 2.43706 0.245898 0.969044 -0.00886163 0.0202119
0.537654 0.201265 2.43544 0.248032 0.968504 -0.00915013 0.0199163
0.536107 0.203867 2.43531 0.250444 0.967872 -0.00935715 0.0203324
0.534883 0.206633 2.43631 0.252934 0.967205 -0.00940237 0.021203
0.533048 0.209332 2.43517 0.255478 0.966571 -0.00792318 0.0202295
0.531699 0.211985 2.43542 0.258182 0.965841 -0.00832792 0.0205738
0.530375 0.214492 2.43515 0.261092 0.965066 -0.00883649 0.0200208
0.528661 0.216961 2.43439 0.263768 0.964338 -0.00800601 0.0203747
0.527133 0.219716 2.4344 0.266605 0.963548 -0.00848824 0.0206061
0.525653 0.222612 2.43468 0.269237 0.962837 -0.00790099 0.0198227
0.524164 0.225386 2.43499 0.27151 0.962212 -0.00607067 0.0198446
0.522507 0.227998 2.4349 0.274664 0.96129 -0.00783716 0.0204801
0.520567 0.230318 2.43399 0.277044 0.960623 -0.00668915 0.0201251
0.518848 0.232949 2.434 0.279475 0.95992 -0.00390804 0.0208006
0.517207 0.235441 2.43448 0.282412 0.959026 -0.0065585 0.0216533
0.515039 0.237933 2.43249 0.285207 0.958255 -0.0056735 0.0192959
0.513114 0.240544 2.43186 0.287985 0.957422 -0.00488381 0.0196106
0.511217 0.243122 2.43207 0.291395 0.956373 -0.00969923 0.0185686
0.509302 0.245609 2.43165 0.292785 0.955928 -0.00709431 0.0206766
0.50747 0.248278 2.43232 0.294421 0.955416 -0.00286579 0.022082
0.505682 0.250918 2.43228 0.296887 0.954674 -0.00696726 0.0201681
0.503825 0.253421 2.43195 0.298705 0.954139 -0.00382206 0.0194808
0.502108 0.255703 2.43099 0.301791 0.953165 -0.00719629 0.0186011
0.500805 0.258388 2.43244 0.304056 0.952409 -0.00453273 0.0211417
0.498935 0.260647 2.43112 0.30604 0.951803 -0.00456376 0.0197456
0.497015 0.262904 2.43095 0.308241 0.951083 -0.00452183 0.0202075
0.495123 0.265338 2.43064 0.310657 0.950284 -0.00458173 0.0207521
0.493071 0.267765 2.43042 0.312976 0.949541 -0.00548235 0.0196801
0.490907 0.270465 2.4302 0.315464 0.94869 -0.00404032 0.0212774
0.488706 0.273201 2.42952 0.318192 0.947831 -0.00334357 0.0189684
0.486714 0.27549 2.43013 0.320076 0.947153 -0.00485319 0.0207013
0.48449 0.277496 2.42886 0.322046 0.946522 -0.00309183 0.0193315
0.482276 0.279677 2.42865 0.324431 0.945703 -0.00463512 0.019214
0.480036 0.282108 2.42824 0.326702 0.944927 -0.00472775 0.0189096
0.477779 0.284673 2.42785 0.328377 0.944328 -0.00223612 0.0202172
0.475639 0.287239 2.42781 0.330867 0.94347 -0.00228288 0.0196233
0.473506 0.28983 2.42774 0.333066 0.942652 -0.00184229 0.0216956
0.471279 0.292151 2.42707 0.335954 0.941658 -0.00496531 0.0197434
0.469014 0.294772 2.42636 0.338019 0.940935 -0.00265495 0.0194143
0.466947 0.297686 2.42686 0.340877 0.939884 -0.00276004 0.0203469
0.464297 0.300562 2.42542 0.344086 0.938746 -0.00140407 0.0189189
0.462181 0.303203 2.42593 0.346835 0.93773 -0.00364235 0.0188527
0.460294 0.305873 2.4259 0.349086 0.936857 -0.00136117 0.0208554
0.458155 0.307994 2.42489 0.3518 0.935895 -0.00472686 0.0177278
0.456499 0.310375 2.42613 0.35384 0.935091 -0.0031081 0.0198252
0.454492 0.312693 2.42604 0.355857 0.934303 -0.00060323 0.0210792
0.452596 0.314931 2.42571 0.358764 0.933211 -0.00278849 0.0199285
0.45058 0.31701 2.42519 0.361605 0.932146 -0.00447841 0.0180652
0.44846 0.319086 2.42459 0.363749 0.931285 -0.00217947 0.0197326
0.4467 0.321318 2.42555 0.366483 0.930201 -0.00307936 0.020174
0.444705 0.323452 2.42542 0.369253 0.929129 -0.00338636 0.0189735
0.44241 0.325626 2.42385 0.371393 0.928278 0.000588485 0.0191408
0.440193 0.327699 2.42245 0.375709 0.926606 -0.00724373 0.0138011
0.438663 0.330455 2.42603 0.37813 0.925486 -0.00460788 0.0217317
0.436068 0.332335 2.42347 0.380619 0.924583 -0.00327169 0.0162576
0.43447 0.334741 2.42558 0.384018 0.923185 -0.00342601 0.0157174
0.432216 0.336711 2.42535 0.385837 0.922377 -0.00493889 0.0180353
0.429622 0.338405 2.42343 0.388011 0.921533 -0.00292359 0.0146773
0.427492 0.340834 2.42375 0.390595 0.920407 -0.000905052 0.016879
0.42491 0.342775 2.42197 0.393086 0.919359 -0.00361925 0.0158049
0.422729 0.34519 2.42346 0.395853 0.918162 -0.0051621 0.0158786
0.420667 0.347558 2.42411 0.398108 0.917123 -0.00172869 0.0197911
0.418408 0.349453 2.42258 0.401591 0.915694 -0.00560927 0.014093
0.416174 0.351595 2.42259 0.404279 0.914487 -0.00237447 0.0163577
0.413726 0.353593 2.42172 0.406868 0.913359 -0.00398221 0.0147875
0.411359 0.356032 2.42228 0.40969 0.912108 -0.00224613 0.0144457
0.408628 0.358366 2.42211 0.412483 0.91084 -0.00387345 0.0146186
0.406078 0.360535 2.42225 0.414277 0.91003 -0.00311129 0.0145082
0.403491 0.36253 2.42258 0.416002 0.909226 -0.00315331 0.0155342
0.400705 0.364238 2.4225 0.41743 0.908563 0.000750757 0.016298
0.398157 0.366003 2.42213 0.419625 0.907548 -0.00141766 0.016408
0.395973 0.367917 2.42298 0.421571 0.906644 -0.00402139 0.0160635
0.393594 0.369743 2.42292 0.423437 0.905799 -0.00148554 0.0150885
0.390927 0.371363 2.42189 0.425171 0.904985 -0.00240505 0.0150287
0.388343 0.373018 2.42137 0.427008 0.904132 -0.00347885 0.0140725
0.385873 0.374642 2.42164 0.428747 0.90328 -0.00215159 0.0160536
0.383212 0.376192 2.42087 0.431102 0.902208 -0.00418105 0.0124239
0.380599 0.378072 2.42148 0.432306 0.901591 -0.00213582 0.0155231
0.378011 0.379744 2.42121 0.434135 0.900714 -0.00425309 0.0149397
0.375416 0.381389 2.42141 0.435465 0.900077 -0.0021412 0.0150372
0.37263 0.382978 2.42075 0.437309 0.899183 -0.00336082 0.0147892
0.369975 0.38492 2.42115 0.439367 0.898175 -0.00243138 0.0152761
0.367251 0.386874 2.4211 0.441073 0.897345 -0.00353826 0.0146134
0.364556 0.388762 2.42085 0.442646 0.896583 -0.00133096 0.0141934
0.361804 0.390344 2.41988 0.444444 0.895708 -0.000570178 0.0132537
0.359298 0.392199 2.42093 0.446572 0.894621 -0.000659761 0.015013
0.356799 0.393738 2.42083 0.448723 0.893552 -0.00407068 0.0139929
0.354039 0.395153 2.41975 0.450942 0.892461 -0.00308807 0.012429
0.351388 0.396846 2.42049 0.453356 0.891207 -0.000620636 0.0147318
0.348608 0.398639 2.4199 0.456003 0.889877 -0.0011664 0.0133882
0.345776 0.400302 2.41969 0.458759 0.888473 -0.00168819 0.012344
0.343284 0.401801 2.4198 0.460453 0.887577 -0.000687633 0.0138091
0.340856 0.403436 2.42063 0.462696 0.886406 -0.00110914 0.0139763
0.338026 0.404804 2.41959 0.465099 0.885171 -0.00337503 0.0119505
0.33541 0.406534 2.41967 0.466653 0.884345 -0.000985867 0.0129729
0.332984 0.40832 2.42088 0.468627 0.883311 -0.00106582 0.0122218
0.330462 0.409727 2.42137 0.470775 0.882118 -0.0017723 0.0153779
0.327792 0.411038 2.4203 0.472757 0.881096 -0.0027376 0.0128111
0.325106 0.412486 2.42011 0.474867 0.879973 -0.000705125 0.0121836
0.322369 0.414067 2.41987 0.476499 0.879089 0.000359673 0.0122937
0.319305 0.415517 2.41899 0.478594 0.877962 -0.00220755 0.0111653
0.316124 0.417455 2.41891 0.480662 0.876828 -0.00159971 0.0115556
0.313092 0.419377 2.42013 0.482991 0.875545 -0.00317834 0.0113991
0.310293 0.420596 2.41928 0.48446 0.874729 -0.000417941 0.0121965
0.307837 0.422017 2.41941 0.486508 0.873577 8.55323e-05 0.0131412
0.305189 0.423291 2.41969 0.488784 0.872316 -0.00322237 0.0120206
0.302308 0.424837 2.41941 0.490829 0.871173 -0.000966009 0.0119969
0.299512 0.426425 2.41946 0.492765 0.870087 -0.00326796 0.0110115
0.296476 0.428133 2.41982 0.494561 0.869042 -0.000474876 0.0132721
0.293596 0.429739 2.4202 0.496605 0.867878 -0.00148377 0.0129956
0.290521 0.430978 2.41973 0.498439 0.866842 -0.000337216 0.0119773
0.287568 0.432207 2.42044 0.500484 0.865622 -0.00247816 0.014386
0.284545 0.433366 2.41973 0.502808 0.864312 -0.0057086 0.0107858
0.281208 0.435063 2.41937 0.505119 0.862952 -0.00103145 0.0129754
0.27768 0.436908 2.41969 0.507279 0.861683 -0.00124892 0.0129799
0.274657 0.438585 2.41969 0.509328 0.860474 -0.00192245 0.0128908
0.271813 0.440128 2.42001 0.511554 0.859146 -0.00158511 0.0133574
0.268993 0.441649 2.42068 0.513993 0.857667 -0.00380004 0.014294
0.266134 0.443273 2.41981 0.515437 0.856838 -0.00113579 0.012285
0.263407 0.444802 2.42031 0.517378 0.855683 -0.0022636 0.0110361
0.260223 0.446212 2.42028 0.518635 0.854865 -0.000228307 0.0149612
0.257099 0.44759 2.41932 0.52087 0.85355 -0.00120854 0.0121053
0.254393 0.449243 2.42078 0.522698 0.852378 -0.00255456 0.0152056
0.251557 0.450497 2.41838 0.524491 0.851329 -3.41106e-05 0.012171
0.248865 0.452513 2.41964 0.527001 0.849764 -0.00160289 0.012959
0.246336 0.454298 2.42159 0.529701 0.848078 -0.0040961 0.0127834
0.243257 0.45556 2.4211 0.53233 0.846435 -0.00107458 0.0130793
0.240528 0.456587 2.42137 0.534222 0.84522 -0.00405302 0.0138996
0.23794 0.457464 2.42084 0.536152 0.844026 -0.00042673 0.0126822
0.235296 0.458423 2.42084 0.538183 0.842724 -0.000311775 0.013263
0.232464 0.459544 2.42119 0.540585 0.841169 -0.00190432 0.0140954
0.229388 0.460459 2.42017 0.542799 0.839763 -0.00372266 0.012389
0.226516 0.461725 2.42137 0.544978 0.83833 -0.00277818 0.0139474
0.22358 0.462944 2.42082 0.547199 0.836891 -0.000372048 0.0136534
0.220653 0.46423 2.42086 0.549519 0.835379 -0.00193994 0.0129631
0.217697 0.465426 2.42073 0.552134 0.833663 -0.00321132 0.0120105
0.214615 0.466487 2.42057 0.554252 0.832242 -0.00047337 0.0133414
0.211566 0.467561 2.42026 0.556711 0.830618 -0.00170044 0.0119845
0.208289 0.468721 2.42029 0.559272 0.828896 -0.000629454 0.0120992
0.204976 0.469832 2.42053 0.561219 0.827589 0.00063603 0.0113404
0.201825 0.470713 2.42007 0.563131 0.82628 -0.00127028 0.0119859
0.198414 0.471637 2.41866 0.564796 0.825165 0.000414653 0.0103602
0.195318 0.473075 2.41973 0.566833 0.823767 0.000459973 0.0104322
0.192361 0.474241 2.42003 0.56828 0.822749 0.00180188 0.0117574
0.189637 0.475064 2.41943 0.570105 0.821491 0.00122892 0.0114448
0.186886 0.475653 2.41854 0.572073 0.82014 0.000573591 0.0101028
0.184088 0.476485 2.41913 0.57378 0.818926 0.00127248 0.0115852
0.181253 0.477252 2.41858 0.575764 0.81756 0.000444974 0.00950899
0.178257 0.478174 2.41821 0.577363 0.816414 0.00289763 0.0105518
0.175293 0.479027 2.41777 0.579691 0.814777 0.000681144 0.00987527
0.172259 0.479922 2.41766 0.582074 0.813084 -0.000372774 0.00920791
0.169183 0.480746 2.41821 0.583349 0.812147 0.00166349 0.0108593
0.16638 0.481532 2.41777 0.585152 0.810848 0.00146227 0.0109393
0.16344 0.482397 2.41794 0.587268 0.809341 0.000484751 0.00908798
0.160261 0.48324 2.41721 0.589191 0.807947 0.000558427 0.00864647
0.156994 0.483851 2.4158 0.590963 0.806672 -0.000601914 0.00660113
0.153768 0.484469 2.41545 0.592248 0.805727 0.00169465 0.00662206
0.150789 0.485368 2.41607 0.593911 0.804486 0.00286933 0.00796223
0.147881 0.486404 2.41666 0.595872 0.803047 0.00109774 0.00706225
0.144757 0.48724 2.41595 0.597806 0.801613 0.00071887 0.0066366
0.141563 0.488055 2.41641 0.599514 0.800326 0.000328632 0.00776114
0.138321 0.488558 2.41608 0.601621 0.798751 -0.000567935 0.00699372
0.134869 0.489572 2.417 0.603375 0.79743 -0.00031655 0.00664142
0.131402 0.490102 2.41559 0.605167 0.796071 0.00161559 0.00639551
0.128398 0.490915 2.41614 0.606772 0.794848 0.000845776 0.00667589
0.125307 0.491487 2.41593 0.608723 0.793352 7.95705e-05 0.00701988
0.122209 0.49203 2.41502 0.610152 0.792246 0.00235211 0.00749086
0.119274 0.493146 2.41583 0.612226 0.790665 0.000503612 0.00540095
0.116552 0.494109 2.41642 0.61377 0.789462 4.17165e-05 0.00607927
0.113624 0.495109 2.41678 0.616124 0.787601 -0.000599694 0.00869285
0.110732 0.495793 2.41638 0.618574 0.785686 -0.000179536 0.00798109
0.108011 0.496361 2.41656 0.62066 0.784048 -0.00191827 0.00671624
0.105221 0.496998 2.41683 0.622632 0.782477 -0.000961868 0.00757606
0.102342 0.49721 2.41574 0.624763 0.78079 -0.00155412 0.006016
0.0993584 0.498151 2.41711 0.627116 0.778883 -0.00280523 0.00769306
0.0961748 0.49872 2.41639 0.62957 0.776913 -0.00345289 0.00604568
0.0932092 0.499287 2.41696 0.631433 0.775397 -0.00235596 0.00680495
0.0905197 0.499915 2.41714 0.6332 0.773951 -0.000691641 0.00757567
0.0876467 0.500434 2.41675 0.635313 0.772227 -0.000428069 0.00660984
0.0845355 0.501199 2.41707 0.637064 0.770767 -0.0018792 0.00797651
0.0813318 0.501494 2.41716 0.639222 0.768978 -0.00429797 0.00698675
0.07815 0.501829 2.41805 0.640769 0.767679 -0.00382263 0.00836295
0.0749313 0.502427 2.41815 0.642928 0.765888 -0.00348782 0.00687659
0.0718059 0.503133 2.41852 0.644978 0.764153 -0.00434327 0.00739566
0.0687492 0.503928 2.41796 0.647367 0.762132 -0.00254681 0.00797531
0.0657569 0.504501 2.41836 0.649761 0.76008 -0.00578568 0.0074717
0.0625801 0.505242 2.41923 0.652723 0.757529 -0.00664191 0.00767177
0.0590481 0.505936 2.41972 0.655072 0.755494 -0.00438915 0.00950014
0.0560437 0.506779 2.42008 0.656685 0.754104 -0.00472029 0.00829219
0.0528859 0.507379 2.42034 0.658765 0.752284 -0.00448298 0.00880039
0.049861 0.507691 2.42067 0.660211 0.750989 -0.00422162 0.0108918
0.0468541 0.507664 2.4201 0.661946 0.749476 -0.00490586 0.00947672
0.0438834 0.50788 2.42029 0.663404 0.748202 -0.00370012 0.00862195
0.0407844 0.508289 2.4207 0.665086 0.746712 -0.00428303 0.0079666
0.0376693 0.508411 2.41994 0.666845 0.745123 -0.00348867 0.00982497
0.0346425 0.508637 2.4201 0.669048 0.743142 -0.00779937 0.00730897
0.0314786 0.509084 2.42086 0.670346 0.741953 -0.00481541 0.0109134
0.0282327 0.509574 2.42058 0.672477 0.74004 -0.0059578 0.00894696
0.0250344 0.510122 2.4201 0.674396 0.738293 -0.00276566 0.010269
0.0216546 0.510669 2.42034 0.677106 0.735822 -0.00638228 0.00730941
0.0180869 0.510859 2.42102 0.678322 0.734653 -0.00566875 0.0115258
0.0150819 0.510821 2.42095 0.679488 0.733602 -0.00384886 0.0104717
0.012097 0.510904 2.42083 0.681449 0.731793 -0.00513627 0.0089898
0.00903005 0.51074 2.42004 0.68297 0.730388 -0.00484098 0.00787739
0.0056375 0.510816 2.42004 0.684335 0.729044 -0.00327758 0.0130403
0.00240069 0.510753 2.41895 0.686591 0.726958 -0.00417137 0.0103913
-0.000864023 0.511313 2.4196 0.688237 0.725409 -0.00274449 0.0102113
-0.00389995 0.511551 2.41815 0.690724 0.723078 -0.00405404 0.00654929
-0.00692132 0.51213 2.41905 0.692636 0.721233 -0.00453109 0.00753692
-0.0100026 0.511946 2.41797 0.694963 0.718995 -0.00297782 0.00799017
-0.0131256 0.511786 2.41759 0.696967 0.717054 -0.00351464 0.00759003
-0.0163441 0.512055 2.41858 0.699442 0.714617 -0.00249763 0.00987713
-0.0198929 0.511531 2.41663 0.702188 0.711941 -0.00144742 0.00843646
-0.0229217 0.511604 2.41667 0.703443 0.710715 -0.00392263 0.00601836
-0.0260577 0.512694 2.42052 0.70698 0.707064 -0.0154184 -0.00127839
-0.0289876 0.512462 2.41927 0.706748 0.707285 0.00361098 0.0155751
-0.031882 0.511248 2.41482 0.709082 0.705054 2.07304e-05 0.0100994
-0.0348743 0.511211 2.4153 0.711113 0.703067 -0.00324836 0.00187411
-0.037679 0.511637 2.41859 0.711915 0.702212 -0.0079836 0.00340341
-0.0406024 0.511092 2.41767 0.713527 0.700577 -0.00762458 0.0036572
-0.04372 0.510843 2.41785 0.715325 0.698759 -0.00524476 0.00416522
-0.0467522 0.510679 2.41809 0.717011 0.697031 -0.00621758 0.00190477
-0.0498855 0.510439 2.41852 0.718049 0.695961 -0.00509991 0.00428845
-0.0533238 0.510037 2.41725 0.719708 0.694259 -0.00350148 0.00358372
-0.0565464 0.510257 2.41939 0.721241 0.692621 -0.00788129 0.00504384
-0.0594298 0.509661 2.418 0.723279 0.690505 -0.00718401 0.00434251
-0.0622254 0.509662 2.41883 0.724609 0.689122 -0.00561237 0.00459642
-0.065211 0.509432 2.41846 0.726275 0.687381 -0.00370753 0.00429297
-0.0684695 0.509376 2.41901 0.727899 0.685667 -0.00352808 0.00317996
-0.0717199 0.509259 2.42009 0.729518 0.683915 -0.00769236 0.00215772
-0.0749122 0.508615 2.41936 0.730778 0.682579 -0.00548299 0.00432462
-0.0781175 0.508055 2.41933 0.732399 0.680835 -0.00698623 0.00262941
-0.0812491 0.507606 2.41974 0.73374 0.679394 -0.0055953 0.00433193
-0.0844524 0.50727 2.42053 0.735283 0.677711 -0.00725083 0.00376035
-0.0875731 0.506644 2.42081 0.736612 0.676264 -0.00765305 0.00343952
-0.0908003 0.505975 2.42099 0.738234 0.674477 -0.00860629 0.00406448
-0.0942033 0.50531 2.42071 0.740002 0.672559 -0.00743179 0.00263507
-0.0974989 0.505046 2.42196 0.741147 0.671264 -0.00944013 0.00400315
-0.100739 0.504555 2.42234 0.742587 0.669669 -0.00897981 0.00527287
-0.103828 0.503739 2.42196 0.743934 0.668173 -0.00901397 0.00511846
-0.107259 0.503482 2.4232 0.745302 0.666622 -0.00987511 0.00643238
-0.110439 0.503222 2.42323 0.746321 0.665513 -0.00738763 0.00651117
-0.11365 0.502965 2.42375 0.747855 0.663758 -0.0110251 0.00414924
-0.117026 0.502432 2.42336 0.749141 0.662321 -0.00968978 0.00509834
-0.120167 0.501853 2.42414 0.750273 0.660995 -0.0120096 0.0056787
-0.123025 0.501172 2.42393 0.751467 0.65966 -0.0107419 0.00559754
-0.126053 0.500924 2.42461 0.752969 0.65794 -0.0100643 0.00717375
-0.129138 0.50035 2.4241 0.754453 0.656244 -0.0102137 0.00635878
-0.132489 0.499973 2.4246 0.756508 0.653837 -0.0129977 0.00501113
-0.135677 0.499151 2.42437 0.757828 0.652339 -0.0104089 0.00655662
-0.138494 0.498516 2.42454 0.759172 0.650775 -0.0105655 0.00609375
-0.141194 0.497699 2.42402 0.760835 0.648828 -0.0107571 0.0060286
-0.144216 0.496945 2.42482 0.7624 0.646968 -0.0108387 0.00784598
-0.147259 0.496203 2.42475 0.764118 0.644916 -0.0135259 0.00482333
-0.150386 0.495404 2.42469 0.765368 0.643462 -0.00999535 0.00829603
-0.153431 0.494645 2.42446 0.767024 0.641502 -0.0094909 0.00775404
-0.156423 0.493914 2.42476 0.76865 0.639527 -0.011147 0.0076119
-0.159524 0.4935 2.42553 0.770347 0.63748 -0.0106671 0.00838275
-0.162666 0.492679 2.42481 0.771807 0.6357 -0.0105704 0.00933672
-0.165767 0.491936 2.42441 0.77397 0.633061 -0.0123029 0.0072536
-0.169403 0.491079 2.42468 0.776287 0.630223 -0.0116946 0.00785802
-0.172623 0.490201 2.42403 0.777981 0.628142 -0.0110612 0.00773914
-0.175753 0.489772 2.42456 0.77942 0.626343 -0.0117839 0.00769211
-0.178863 0.488848 2.42406 0.780772 0.624677 -0.00973549 0.00889471
-0.181581 0.488114 2.42369 0.782082 0.623041 -0.00984856 0.00845677
-0.184456 0.487344 2.42386 0.783551 0.621175 -0.0102804 0.00914213
-0.187419 0.486864 2.42439 0.785314 0.618941 -0.010846 0.00866765
-0.190418 0.486256 2.42414 0.786611 0.617322 -0.0105426 0.00680036
-0.193275 0.485269 2.42366 0.787951 0.615607 -0.00951668 0.0083599
-0.196204 0.484198 2.42282 0.789603 0.613497 -0.0105601 0.00611754
-0.199436 0.483303 2.4236 0.790887 0.611814 -0.0107489 0.00816914
-0.202719 0.482588 2.42442 0.792279 0.609995 -0.010829 0.00911231
-0.205958 0.481333 2.4226 0.794039 0.607745 -0.00896636 0.00820133
-0.209456 0.480332 2.42308 0.79549 0.605832 -0.00987724 0.00817427
-0.212278 0.479084 2.42294 0.796548 0.604417 -0.0107799 0.00869259
-0.214875 0.47801 2.42339 0.797916 0.602644 -0.0100448 0.00700875
-0.217622 0.476774 2.4234 0.799492 0.600529 -0.012057 0.00565474
-0.220744 0.475477 2.42293 0.800787 0.5988 -0.0111452 0.00735853
-0.224005 0.474386 2.42265 0.802198 0.596904 -0.0111413 0.00775738
-0.227347 0.473502 2.42322 0.803394 0.595246 -0.0122582 0.0094754
-0.230502 0.472602 2.4236 0.805012 0.593108 -0.0114433 0.00695216
-0.233624 0.471431 2.42317 0.806372 0.591257 -0.0104283 0.00838362
-0.236652 0.470359 2.42289 0.80756 0.589636 -0.0102014 0.00848467
-0.239761 0.46912 2.42254 0.809083 0.587524 -0.0117238 0.00797073
-0.243147 0.468023 2.42321 0.810546 0.585491 -0.0121781 0.00816757
-0.246824 0.466942 2.42426 0.812243 0.583118 -0.0118285 0.00974168
-0.250117 0.465752 2.42466 0.813506 0.581377 -0.0121547 0.00781393
-0.253132 0.464918 2.42497 0.814922 0.579363 -0.0136139 0.00741547
-0.256027 0.463652 2.42441 0.816082 0.577746 -0.0110342 0.00987018
-0.259001 0.462895 2.42532 0.817454 0.575806 -0.0110601 0.00968514
-0.26174 0.462063 2.42562 0.819086 0.573498 -0.0111575 0.00856502
-0.264443 0.460903 2.4253 0.820337 0.571687 -0.0106905 0.0103253
-0.267129 0.459896 2.42614 0.821653 0.569766 -0.0122987 0.0100449
-0.269657 0.458485 2.42529 0.822979 0.567878 -0.0107798 0.0101771
-0.272365 0.457295 2.42616 0.824349 0.56587 -0.0108812 0.011014
-0.275048 0.455968 2.42633 0.825791 0.563761 -0.0113136 0.0107055
-0.277723 0.454905 2.42714 0.827212 0.561618 -0.0152544 0.00851245
-0.280794 0.453989 2.42877 0.828676 0.559379 -0.0157384 0.0119756
-0.283285 0.45248 2.427 0.82992 0.557576 -0.0125322 0.0136053
-0.285868 0.45133 2.42704 0.831388 0.555386 -0.0133617 0.0126975
-0.288679 0.450197 2.4274 0.833103 0.552835 -0.0143734 0.0103323
-0.291752 0.448981 2.42782 0.834417 0.550843 -0.0131814 0.0120791
-0.294769 0.447768 2.42816 0.835908 0.54857 -0.0152844 0.00980626
-0.297691 0.446615 2.4289 0.8371 0.546748 -0.014398 0.0110367
-0.30059 0.4451 2.42854 0.838308 0.544853 -0.014193 0.013157
-0.303377 0.443604 2.42728 0.839588 0.542945 -0.0110567 0.0134224
-0.306341 0.442509 2.42823 0.841195 0.540461 -0.0122863 0.0119135
-0.309226 0.441453 2.42978 0.842742 0.537964 -0.015122 0.0123155
-0.311978 0.440005 2.42909 0.844402 0.535416 -0.0135936 0.0114269
-0.315053 0.43871 2.42981 0.845989 0.532821 -0.0153095 0.0130758
-0.318134 0.437178 2.42943 0.847229 0.530917 -0.0123015 0.0133837
-0.32113 0.435943 2.42996 0.8485 0.528839 -0.0147763 0.0126172
-0.32391 0.433937 2.42892 0.849331 0.527488 -0.012763 0.0151821
-0.326996 0.432787 2.43012 0.851227 0.524503 -0.0128471 0.0120048
-0.330101 0.431436 2.43116 0.85183 0.523401 -0.0151504 0.0144249
-0.332595 0.429942 2.43 0.853023 0.521513 -0.0122966 0.0149643
-0.335487 0.42851 2.43038 0.854125 0.519699 -0.012351 0.0151978
-0.338028 0.426909 2.42972 0.855486 0.517482 -0.012857 0.0138195
-0.340736 0.425314 2.42952 0.856562 0.515651 -0.012371 0.0158756
-0.343667 0.424078 2.43128 0.857928 0.513369 -0.0144355 0.014257
-0.346351 0.422358 2.4305 0.859047 0.511481 -0.0138496 0.0153035
-0.349212 0.420563 2.42978 0.860342 0.50932 -0.0121377 0.016034
-0.352169 0.418776 2.43011 0.861553 0.507279 -0.0119187 0.0158623
-0.354834 0.41723 2.42993 0.862511 0.505605 -0.0129435 0.0164837
-0.357627 0.415905 2.43099 0.863604 0.503836 -0.0127786 0.0131729
-0.360262 0.414233 2.43156 0.86475 0.501728 -0.0147769 0.0160475
-0.362903 0.412301 2.43018 0.865931 0.499755 -0.0132628 0.0152703
-0.365736 0.410585 2.43101 0.867024 0.497809 -0.013969 0.0161398
-0.368329 0.408811 2.4303 0.868097 0.495969 -0.0129037 0.0160292
-0.371063 0.407354 2.43127 0.869458 0.49358 -0.0153045 0.0136913
-0.373567 0.405656 2.43039 0.870643 0.491523 -0.0140254 0.0137423
-0.376208 0.403917 2.43039 0.871999 0.489107 -0.0141189 0.0138856
-0.378887 0.402028 2.43021 0.873578 0.486248 -0.014599 0.0145642
-0.381886 0.400343 2.43041 0.875763 0.482359 -0.0144663 0.0126481
-0.38504 0.39858 2.4309 0.877403 0.479375 -0.0136382 0.0133446
-0.387723 0.396744 2.43015 0.878885 0.476693 -0.0122529 0.0131794
-0.39047 0.395309 2.43056 0.880269 0.474102 -0.0135836 0.0129984
-0.392785 0.393214 2.42839 0.881223 0.472348 -0.0103665 0.0150279
-0.39556 0.391924 2.42999 0.88276 0.469514 -0.0122514 0.0118901
-0.398134 0.390655 2.43156 0.883992 0.467143 -0.0152996 0.010111
-0.400469 0.388725 2.42978 0.885214 0.464827 -0.0119671 0.0137559
-0.402987 0.387167 2.43048 0.886491 0.462345 -0.0138688 0.0133885
-0.40548 0.385445 2.43027 0.887532 0.460314 -0.0138597 0.0143334
-0.408207 0.383811 2.43076 0.888862 0.457778 -0.0130198 0.0139205
-0.410909 0.382065 2.43098 0.890036 0.455516 -0.0141506 0.0118406
-0.414043 0.380257 2.43132 0.891049 0.453472 -0.0141924 0.0139296
-0.416818 0.378296 2.43187 0.892856 0.449931 -0.0161525 0.0104542
-0.418892 0.376287 2.43106 0.893899 0.447904 -0.0134762 0.0119978
-0.420827 0.374549 2.43063 0.894882 0.445906 -0.0136694 0.0129396
-0.423099 0.372814 2.43124 0.896136 0.443378 -0.0137574 0.012893
-0.425562 0.371062 2.43186 0.897455 0.440648 -0.0156563 0.0125973
-0.428222 0.369109 2.43167 0.898689 0.438174 -0.0157651 0.0106519
-0.431072 0.367302 2.43235 0.899568 0.436301 -0.0155353 0.0133101
-0.433603 0.365114 2.43166 0.900864 0.433612 -0.0145314 0.0146346
-0.436077 0.363168 2.43198 0.902017 0.431229 -0.0144837 0.0140189
-0.438497 0.361132 2.43181 0.903052 0.429013 -0.0152626 0.0145717
-0.441077 0.359252 2.43236 0.904069 0.426842 -0.0155019 0.0149988
-0.443549 0.357168 2.43216 0.905692 0.423462 -0.015056 0.0132278
-0.446482 0.355089 2.43315 0.906621 0.42134 -0.0148638 0.017009
-0.449131 0.352774 2.43315 0.908113 0.418198 -0.0162441 0.0133129
-0.4517 0.350594 2.43331 0.908837 0.41662 -0.016115 0.0135628
-0.454183 0.348373 2.43312 0.909745 0.414539 -0.0141023 0.0179511
-0.456732 0.346167 2.43348 0.910724 0.412407 -0.0150544 0.0166255
-0.459094 0.344188 2.43223 0.911686 0.410337 -0.0134085 0.0164675
-0.461822 0.342697 2.43393 0.912678 0.408145 -0.0144809 0.0150335
-0.464232 0.34079 2.43387 0.913673 0.40586 -0.0157058 0.0152786
-0.466542 0.338791 2.43268 0.914596 0.403798 -0.0140054 0.0163058
-0.468747 0.336785 2.43321 0.915567 0.4016 -0.0146083 0.0155007
-0.470881 0.334731 2.43334 0.916468 0.399499 -0.0148021 0.0163607
-0.473182 0.33291 2.43422 0.917585 0.396925 -0.0158114 0.0154395
-0.475386 0.331248 2.43452 0.918942 0.393904 -0.0146676 0.0130604
-0.477333 0.329157 2.4341 0.919796 0.391829 -0.0157263 0.0140878
-0.479046 0.327147 2.43329 0.920767 0.389666 -0.0161589 0.00931365
-0.481174 0.32508 2.43462 0.921688 0.387639 -0.0100874 0.0111688
-0.483375 0.323085 2.43592 0.9231 0.38408 -0.0159766 0.0106794
-0.485438 0.320093 2.43301 0.923483 0.383038 -0.0102781 0.0188669
-0.487401 0.318756 2.4357 0.9248 0.379878 -0.0164759 0.0128652
-0.489277 0.315568 2.4333 0.925111 0.379044 -0.0128837 0.0181794
-0.491709 0.313444 2.43639 0.926706 0.375172 -0.0179561 0.0118191
-0.493955 0.311125 2.43776 0.927499 0.373169 -0.0182487 0.0125692
-0.495831 0.308867 2.43752 0.928296 0.371219 -0.0176929 0.0122642
-0.497431 0.306311 2.4355 0.92933 0.368724 -0.0149601 0.0128489
-0.49969 0.303813 2.43586 0.93014 0.366598 -0.0140945 0.0157423
-0.501812 0.301163 2.43666 0.931002 0.364334 -0.0161691 0.0153394
-0.503793 0.298656 2.43698 0.931785 0.362436 -0.0154767 0.0133263
-0.50621 0.296281 2.43885 0.932394 0.360708 -0.0172056 0.0153555
-0.508014 0.293649 2.43741 0.933179 0.358762 -0.0157381 0.0147778
-0.50994 0.291043 2.4365 0.933886 0.356886 -0.0135015 0.0175366
-0.512134 0.288996 2.43736 0.934694 0.354745 -0.0146352 0.0170056
-0.514493 0.287144 2.43919 0.93574 0.352005 -0.0175472 0.0132476
-0.516493 0.285052 2.43903 0.936683 0.349492 -0.0171496 0.0136173
-0.518525 0.282796 2.43964 0.937361 0.34767 -0.0176383 0.0130122
-0.520299 0.280079 2.43898 0.937915 0.346142 -0.0164727 0.0151602
-0.522559 0.277434 2.44108 0.938669 0.343963 -0.0200215 0.0137655
-0.524515 0.27475 2.44086 0.939551 0.341588 -0.0187596 0.0144796
-0.526777 0.271995 2.44172 0.94046 0.339032 -0.0193323 0.0148106
-0.527789 0.26886 2.43815 0.940944 0.33778 -0.0142506 0.018059
-0.52993 0.266545 2.44117 0.941763 0.33532 -0.019908 0.015716
-0.531324 0.263858 2.44094 0.942444 0.333535 -0.0191747 0.013645
-0.533174 0.261325 2.44122 0.943192 0.331315 -0.0178382 0.0173269
-0.534991 0.258836 2.44131 0.943894 0.329361 -0.0195295 0.0143148
-0.536662 0.255848 2.43964 0.94456 0.32749 -0.0154828 0.0177837
-0.538669 0.252965 2.44067 0.945457 0.324793 -0.0189617 0.0161724
-0.540835 0.250245 2.44196 0.946169 0.3227 -0.0197854 0.0154091
-0.543075 0.247667 2.44344 0.946797 0.320833 -0.0201208 0.0153585
-0.544923 0.244775 2.44287 0.947441 0.318833 -0.0188814 0.0185381
-0.547142 0.241798 2.44266 0.948559 0.315551 -0.0187035 0.0176874
-0.549405 0.238525 2.44352 0.949331 0.313234 -0.0195708 0.0164925
-0.551463 0.235745 2.44347 0.95009 0.310919 -0.0186388 0.0176193
-0.553316 0.233143 2.44341 0.950633 0.309347 -0.0171274 0.0175773
-0.555175 0.23082 2.44443 0.951461 0.306657 -0.0200768 0.0167532
-0.556823 0.228357 2.44328 0.952162 0.304556 -0.0163834 0.0191183
-0.558203 0.225875 2.44205 0.952882 0.302322 -0.0156769 0.0192581
-0.559976 0.223525 2.44223 0.953709 0.299656 -0.0153329 0.0202288
-0.562176 0.221457 2.44433 0.954487 0.297169 -0.0179239 0.0180017
-0.563809 0.219044 2.44418 0.955266 0.294638 -0.0179761 0.0182189
-0.565582 0.216387 2.44403 0.955964 0.292182 -0.0177334 0.021143
-0.567081 0.213809 2.44356 0.956714 0.290017 -0.0158098 0.0184192
-0.56898 0.211023 2.44459 0.957701 0.286709 -0.017061 0.0177933
-0.570968 0.208469 2.44607 0.958561 0.283754 -0.0175828 0.0182965
-0.572332 0.205595 2.44512 0.959215 0.2816 -0.0157647 0.0189413
-0.573513 0.203038 2.44445 0.959811 0.279548 -0.0157886 0.019148
-0.574671 0.200362 2.44403 0.960408 0.277485 -0.0154456 0.0194976
-0.576195 0.197527 2.44522 0.961149 0.274846 -0.0169491 0.0190842
-0.57787 0.19477 2.44541 0.961929 0.272265 -0.0157712 0.0177534
-0.57959 0.192031 2.44587 0.962605 0.26979 -0.0164762 0.0182334
-0.581411 0.189205 2.44646 0.963116 0.267816 -0.0174022 0.0194708
-0.582914 0.186335 2.44594 0.963866 0.26528 -0.0152568 0.0188754
-0.584546 0.183465 2.44641 0.964591 0.26266 -0.0158694 0.0179667
-0.585644 0.180548 2.44481 0.965163 0.260482 -0.0134055 0.0207263
-0.587604 0.177963 2.44691 0.965745 0.258128 -0.0163354 0.0209648
-0.588931 0.175075 2.44536 0.966562 0.255198 -0.0141393 0.0208047
-0.591144 0.172121 2.44718 0.967323 0.252164 -0.0154439 0.0214824
-0.592401 0.168784 2.44591 0.967886 0.250052 -0.0135023 0.0220804
-0.594151 0.165776 2.44652 0.968565 0.247372 -0.0138182 0.0223368
-0.596279 0.162983 2.44912 0.969088 0.245285 -0.0148894 0.0219548
-0.5973 0.159972 2.44761 0.969518 0.2436 -0.0142542 0.0221542
-0.598329 0.157279 2.44655 0.970024 0.241629 -0.0125951 0.0225967
-0.59981 0.154511 2.44776 0.970603 0.239252 -0.0139143 0.0222276
-0.601417 0.151789 2.44866 0.971268 0.23689 -0.0118907 0.0195241
-0.602767 0.148925 2.44791 0.971652 0.234676 -0.0141745 0.02487
-0.604371 0.146447 2.44812 0.972311 0.232281 -0.012395 0.0224191
-0.606725 0.143988 2.45258 0.972722 0.229951 -0.0181654 0.0245839
-0.606997 0.140786 2.44818 0.973643 0.226788 -0.0132576 0.0202566
-0.60825 0.137763 2.44868 0.973974 0.225169 -0.0145283 0.0214997
-0.609409 0.134895 2.44849 0.974417 0.223162 -0.0132945 0.0231141
-0.610692 0.132136 2.4494 0.974916 0.221032 -0.0149856 0.0214494
-0.611989 0.129236 2.44968 0.97532 0.219238 -0.0147922 0.0216112
-0.613068 0.125921 2.4489 0.975838 0.216942 -0.0145647 0.0215587
-0.614686 0.122882 2.45029 0.976328 0.214762 -0.0149231 0.0209516
-0.616044 0.120071 2.45003 0.976865 0.212349 -0.0130717 0.0217232
-0.617317 0.117262 2.45043 0.977285 0.21031 -0.0142241 0.0219395
-0.618599 0.114482 2.45028 0.977863 0.207726 -0.0141346 0.0208542
-0.619742 0.111464 2.44959 0.978424 0.204977 -0.0128226 0.0225046
-0.6209 0.108565 2.4491 0.979002 0.202196 -0.0117495 0.0231044
-0.622402 0.105734 2.45016 0.979754 0.198689 -0.0127493 0.0210465
-0.623803 0.102792 2.45055 0.980367 0.195635 -0.0123396 0.0213431
-0.624862 0.0996975 2.45052 0.980884 0.192969 -0.011685 0.0221946
-0.626045 0.0967516 2.45068 0.98147 0.190043 -0.0125239 0.0210382
-0.627854 0.0939192 2.45239 0.982049 0.187074 -0.012793 0.0204993
-0.629095 0.0909196 2.45216 0.982445 0.184824 -0.0114303 0.0225907
-0.629813 0.0880445 2.45057 0.982844 0.182811 -0.00962898 0.0224706
-0.630749 0.0851796 2.44971 0.983292 0.180424 -0.00846956 0.0226172
-0.632065 0.0822834 2.45078 0.983818 0.177576 -0.0092437 0.0219799
-0.633418 0.079607 2.45207 0.984257 0.175032 -0.0111829 0.0218319
-0.634073 0.0767814 2.45073 0.98463 0.172931 -0.00952401 0.0225148
-0.635123 0.073674 2.45123 0.98503 0.170672 -0.00999156 0.0220802
-0.636408 0.070352 2.45241 0.985408 0.168385 -0.0117674 0.0219109
-0.638278 0.0670421 2.45466 0.986027 0.164903 -0.0127414 0.019888
-0.639034 0.0639381 2.45402 0.986407 0.162502 -0.0126678 0.0208085
-0.640172 0.0613218 2.45486 0.986771 0.160141 -0.0118828 0.0222685
-0.640562 0.0585343 2.45322 0.987349 0.156912 -0.0114721 0.0197429
-0.641681 0.0555272 2.45368 0.987686 0.154406 -0.0125073 0.0218842
-0.642773 0.052324 2.45294 0.988112 0.15178 -0.0108317 0.0218939
-0.644183 0.0492625 2.45443 0.988395 0.149836 -0.0116274 0.0221284
-0.645151 0.0460639 2.45473 0.988777 0.147177 -0.0124036 0.0224605
-0.645937 0.0429389 2.45486 0.989219 0.144265 -0.0130513 0.0214957
-0.64632 0.0397519 2.45314 0.989526 0.141979 -0.0104412 0.0239177
-0.647625 0.0366939 2.45452 0.990045 0.138717 -0.0114665 0.020888
-0.648946 0.0334444 2.45624 0.990393 0.135816 -0.0125364 0.0227774
-0.649634 0.0297899 2.45545 0.990876 0.132598 -0.0112948 0.0213281
-0.650179 0.0264543 2.45484 0.991167 0.13013 -0.010979 0.0230979
-0.65089 0.0233812 2.45498 0.991481 0.127962 -0.0108432 0.021783
-0.651703 0.0205249 2.45554 0.991815 0.125394 -0.0112636 0.021263
-0.652584 0.017636 2.45627 0.992045 0.123292 -0.0116972 0.0225428
-0.653372 0.0146473 2.45649 0.992333 0.121084 -0.0115426 0.0219258
-0.654042 0.0114826 2.45632 0.992596 0.119037 -0.0119635 0.0210002
-0.654716 0.00826061 2.45614 0.992787 0.116981 -0.0114825 0.0235964
-0.655816 0.00508125 2.45676 0.993124 0.11431 -0.0117668 0.0223326
-0.656621 0.00217593 2.45636 0.993379 0.111792 -0.0113519 0.0238963
-0.657687 -0.000761872 2.45722 0.993708 0.108855 -0.0124758 0.0232434
-0.658125 -0.00362697 2.45557 0.994037 0.106149 -0.0105766 0.0225878
-0.65919 -0.00665155 2.45632 0.994335 0.103246 -0.0108881 0.0228115
-0.660183 -0.00983134 2.45698 0.994664 0.100016 -0.0104621 0.0230257
-0.660846 -0.0125684 2.45728 0.994938 0.0972756 -0.0109803 0.0227133
-0.661147 -0.0152913 2.45713 0.995213 0.0945884 -0.0109435 0.0220277
-0.661732 -0.0181353 2.45831 0.995433 0.0920297 -0.0125007 0.0220587
-0.661774 -0.0213174 2.45704 0.995638 0.0895332 -0.0109876 0.0238195
-0.662294 -0.0243644 2.45775 0.995848 0.0873314 -0.0117439 0.0228634
-0.66287 -0.0274357 2.45838 0.996082 0.0846483 -0.0113663 0.0229271
-0.663413 -0.0304031 2.45893 0.996295 0.082292 -0.0115227 0.0221524
-0.663419 -0.0334402 2.4577 0.996478 0.0800015 -0.0108715 0.0226514
-0.663851 -0.0364945 2.45875 0.9967 0.0773651 -0.0120413 0.0214304
-0.663812 -0.0396366 2.45793 0.996824 0.0753414 -0.0098134 0.0238491
-0.664864 -0.0427966 2.46102 0.997035 0.0724617 -0.0133813 0.0221586
-0.665081 -0.0462696 2.46025 0.99725 0.0699057 -0.010332 0.022319
-0.664746 -0.0496882 2.45892 0.997396 0.0678278 -0.00928186 0.0226764
-0.665258 -0.0530887 2.46039 0.997608 0.0650866 -0.0107225 0.0206447
-0.665422 -0.0562678 2.45933 0.997628 0.0635393 -0.0093209 0.0247882
-0.665847 -0.059195 2.45959 0.997778 0.0612873 -0.00921737 0.0244647
-0.666459 -0.0620413 2.46075 0.997911 0.0593259 -0.00982334 0.0236011
-0.666389 -0.0649345 2.45895 0.998021 0.0571064 -0.00766879 0.0251825
-0.666908 -0.0678916 2.45959 0.998197 0.0544542 -0.00828056 0.0238659
-0.667141 -0.0708474 2.45988 0.998285 0.0528108 -0.00915361 0.0235271
-0.667339 -0.0738011 2.46083 0.998407 0.0501666 -0.010177 0.0237394
-0.667139 -0.0768361 2.45965 0.998506 0.0481936 -0.0086616 0.0242357
-0.667426 -0.0800973 2.46048 0.998581 0.0461667 -0.00970264 0.0247202
-0.667477 -0.0834303 2.46089 0.998678 0.0440308 -0.010435 0.0243893
-0.66737 -0.0865156 2.46043 0.99878 0.0417373 -0.0106157 0.0241741
-0.667165 -0.0894611 2.45972 0.998819 0.0398293 -0.00989955 0.0259977
-0.667624 -0.0926839 2.46168 0.998923 0.0373844 -0.0107031 0.0253295
-0.667622 -0.096078 2.46143 0.998996 0.0357218 -0.00953152 0.0252929
-0.667644 -0.0995696 2.46154 0.999055 0.0336925 -0.0101506 0.0255088
-0.667703 -0.102784 2.46144 0.999123 0.0313402 -0.00994871 0.0259107
-0.668208 -0.106002 2.4633 0.999213 0.0292263 -0.0102074 0.0248118
-0.667863 -0.109091 2.4622 0.999245 0.0277311 -0.00975135 0.0253962
-0.667705 -0.112446 2.46244 0.999312 0.0252852 -0.0109787 0.0248044
-0.667573 -0.115799 2.46253 0.99942 0.0229977 -0.0105792 0.0227823
-0.667208 -0.119266 2.46132 0.999408 0.0209457 -0.00907978 0.0257319
-0.667137 -0.122836 2.4619 0.999433 0.0187896 -0.00912975 0.0264073
-0.666718 -0.125983 2.4611 0.999434 0.017025 -0.00863662 0.0277167
-0.666881 -0.12933 2.46181 0.999387 0.0149582 -0.00796715 0.0306423
-0.666464 -0.132428 2.45898 0.999312 0.012778 -0.00293664 0.0347008
-0.667536 -0.135833 2.46231 0.999532 0.0101522 -0.00332655 0.0286493
-0.667629 -0.138733 2.46153 0.999702 0.00728534 0.00185172 0.0232435
-0.670345 -0.1421 2.47185 0.999729 0.00466801 -0.00857589 0.0211501
-0.665713 -0.144421 2.45335 0.999194 0.00588339 -0.000102506 0.0397021
-0.667642 -0.148308 2.46166 0.999629 -0.00021721 -0.00683651 0.0263787
-0.666827 -0.15089 2.45928 0.999588 -0.00151411 -0.00395617 0.0284014
-0.66778 -0.154122 2.46347 0.999638 -0.00602609 -0.00928265 0.0245354
-0.665834 -0.156766 2.45618 0.999386 -0.00686509 -0.00290395 0.0342321
-0.666542 -0.160275 2.45969 0.999488 -0.0104464 -0.0047595 0.0298545
-0.666362 -0.163469 2.461 0.999494 -0.0129087 -0.00742357 0.028107
-0.666249 -0.166446 2.46265 0.999493 -0.0156977 -0.00834174 0.0264315
-0.665454 -0.169049 2.46135 0.999473 -0.0174015 -0.00721976 0.0264524
-0.665658 -0.172228 2.46374 0.999431 -0.020274 -0.00839586 0.0256017
-0.665089 -0.175233 2.46236 0.999395 -0.0226036 -0.00710966 0.0254635
-0.665135 -0.17856 2.46376 0.999333 -0.0251757 -0.0077796 0.0253008
-0.664653 -0.181885 2.46276 0.999268 -0.027369 -0.00612129 0.0260098
-0.664442 -0.185039 2.46258 0.999188 -0.0300614 -0.00676957 0.0259617
-0.664301 -0.188001 2.46304 0.999091 -0.0332501 -0.00705482 0.0257244
-0.664159 -0.190954 2.46298 0.999016 -0.0355439 -0.00679056 0.0256347
-0.663673 -0.194149 2.46236 0.99893 -0.0383629 -0.00577204 0.0251892
-0.663453 -0.197663 2.46289 0.998784 -0.0409927 -0.00698921 0.0264732
-0.663257 -0.201551 2.46431 0.998673 -0.0439294 -0.00722169 0.0259052
-0.662196 -0.204924 2.46237 0.998554 -0.0461046 -0.00601661 0.0269831
-0.661698 -0.208257 2.46191 0.998486 -0.0477258 -0.00559009 0.0267631
-0.660912 -0.211671 2.46111 0.998362 -0.0500045 -0.0051949 0.0273154
-0.660947 -0.214884 2.46327 0.998261 -0.053228 -0.00664509 0.0244322
-0.660354 -0.217458 2.463 0.998113 -0.054876 -0.00728502 0.026554
-0.660307 -0.220415 2.46434 0.998006 -0.0575589 -0.00738726 0.024824
-0.659324 -0.223395 2.46245 0.997866 -0.0595581 -0.00575928 0.0261379
-0.658851 -0.226626 2.46222 0.997702 -0.0621435 -0.00547686 0.026423
-0.658481 -0.229917 2.46227 0.997522 -0.0644021 -0.00609695 0.0276596
-0.65828 -0.233084 2.46302 0.997404 -0.0666431 -0.00606068 0.0266077
-0.65777 -0.236403 2.4635 0.997226 -0.0688556 -0.00696285 0.0274085
-0.656764 -0.23976 2.46323 0.997067 -0.0710844 -0.00724506 0.0274119
-0.655419 -0.242789 2.4625 0.99696 -0.07301 -0.00645875 0.0264473
-0.654651 -0.245745 2.46308 0.99685 -0.0748678 -0.0073407 0.0251023
-0.653374 -0.248351 2.4615 0.996685 -0.0769813 -0.00623623 0.0255899
-0.65288 -0.251565 2.46259 0.996498 -0.0788423 -0.00750781 0.0268119
-0.652439 -0.254766 2.46308 0.996324 -0.0812723 -0.00748373 0.0260313
-0.651666 -0.257806 2.46256 0.996163 -0.0835578 -0.00661411 0.0251884
-0.650651 -0.260844 2.46132 0.995966 -0.0855669 -0.00582743 0.0263866
-0.649983 -0.263752 2.46143 0.995771 -0.0880626 -0.00535618 0.0256159
-0.649394 -0.266884 2.46232 0.995511 -0.0905985 -0.00637426 0.0266421
-0.648708 -0.269892 2.46317 0.995298 -0.0932949 -0.00701762 0.02507
-0.647418 -0.272671 2.46152 0.994998 -0.0958314 -0.00599934 0.0275619
-0.646793 -0.275934 2.46248 0.994719 -0.0992021 -0.00571578 0.0256821
-0.645579 -0.279313 2.46161 0.994385 -0.102224 -0.00512924 0.0268925
-0.645238 -0.282543 2.46341 0.994164 -0.104812 -0.0060761 0.0248127
-0.644263 -0.28538 2.46315 0.9939 -0.107016 -0.00564648 0.0260589
-0.642868 -0.288049 2.46129 0.993633 -0.108948 -0.00487163 0.0282895
-0.642386 -0.291138 2.4623 0.993387 -0.111682 -0.00509629 0.0261273
-0.641641 -0.294096 2.46267 0.99315 -0.113692 -0.00572562 0.0263439
-0.641002 -0.296899 2.46338 0.992881 -0.116476 -0.00492407 0.024422
-0.640023 -0.299535 2.46301 0.992548 -0.118808 -0.00632002 0.026313
-0.638883 -0.30218 2.46174 0.992279 -0.120946 -0.00492405 0.0270132
-0.638242 -0.305195 2.46285 0.992022 -0.123489 -0.00606282 0.0245998
-0.636899 -0.308238 2.46215 0.991755 -0.125144 -0.00585313 0.0269442
-0.636078 -0.311651 2.46291 0.991474 -0.127535 -0.00622703 0.026005
-0.635195 -0.314603 2.46369 0.991182 -0.129927 -0.0077044 0.0248755
-0.634021 -0.317199 2.463 0.990842 -0.132306 -0.00737022 0.0259254
-0.633005 -0.319901 2.46174 0.990463 -0.134948 -0.00581522 0.0271793
-0.632622 -0.323122 2.46372 0.990116 -0.137764 -0.00692617 0.0253574
-0.631538 -0.326432 2.46326 0.989813 -0.139737 -0.00609111 0.0265707
-0.630241 -0.32935 2.46229 0.989546 -0.14159 -0.00553815 0.026845
-0.629626 -0.332681 2.46449 0.989227 -0.144006 -0.00752362 0.0252182
-0.628023 -0.33531 2.46308 0.988871 -0.146147 -0.00702409 0.0269386
-0.626925 -0.338302 2.46355 0.988508 -0.148956 -0.00693974 0.0248223
-0.625902 -0.341435 2.46408 0.988192 -0.150862 -0.00804595 0.0255543
-0.624471 -0.344352 2.46333 0.987814 -0.153358 -0.00664828 0.025713
-0.623387 -0.347794 2.46417 0.987424 -0.155894 -0.006972 0.0253438
-0.622132 -0.351043 2.46484 0.987053 -0.157855 -0.00809923 0.027234
-0.620643 -0.35383 2.46341 0.986667 -0.160307 -0.00659416 0.0273029
-0.619166 -0.356673 2.4632 0.986325 -0.162199 -0.00762607 0.0282295
-0.618154 -0.359888 2.46457 0.985979 -0.164379 -0.00819215 0.0275136
-0.616675 -0.36294 2.46311 0.985586 -0.166654 -0.00750247 0.0281218
-0.615628 -0.365999 2.4639 0.985342 -0.168122 -0.00852294 0.0276142
-0.614432 -0.369081 2.46423 0.984967 -0.170344 -0.00740251 0.0276992
-0.613187 -0.371877 2.46399 0.984574 -0.172642 -0.00775986 0.0273543
-0.612088 -0.37467 2.46413 0.984173 -0.175117 -0.00777134 0.0260305
-0.610895 -0.377305 2.46326 0.983691 -0.17784 -0.00781376 0.0257617
-0.610169 -0.380129 2.46363 0.983195 -0.180452 -0.00730162 0.0266681
-0.609635 -0.383267 2.46487 0.982581 -0.183599 -0.00918473 0.027228
-0.608934 -0.386099 2.46568 0.981877 -0.187892 -0.00708017 0.0237443
-0.60775 -0.388571 2.46433 0.981367 -0.1904 -0.00655285 0.0249545
-0.606669 -0.391068 2.46396 0.980866 -0.192947 -0.00699849 0.0249696
-0.605487 -0.393719 2.46447 0.980242 -0.196165 -0.00748908 0.0242525
-0.604318 -0.396592 2.4649 0.979754 -0.198601 -0.00693418 0.0243404
-0.603086 -0.399329 2.46571 0.979212 -0.201162 -0.00769611 0.0248477
-0.601563 -0.401896 2.46473 0.978567 -0.204193 -0.00760473 0.0255803
-0.600499 -0.404779 2.46581 0.978058 -0.206612 -0.0088705 0.0252096
-0.598877 -0.407553 2.46515 0.977462 -0.209468 -0.00869313 0.0248094
-0.597634 -0.41054 2.46599 0.976864 -0.212362 -0.0084323 0.0238243
-0.596188 -0.413371 2.4659 0.976241 -0.215123 -0.00920192 0.0243136
-0.59516 -0.416633 2.4669 0.975414 -0.218838 -0.00863879 0.0245635
-0.593604 -0.419927 2.46663 0.974766 -0.221699 -0.00941612 0.024327
-0.591662 -0.422591 2.46491 0.974197 -0.2239 -0.00954665 0.0268038
-0.590824 -0.42591 2.46744 0.973631 -0.226715 -0.00949279 0.0235316
-0.588955 -0.428277 2.46584 0.973035 -0.22935 -0.0072717 0.0234054
-0.587917 -0.431092 2.46626 0.97239 -0.232035 -0.00758374 0.0236672
-0.58666 -0.433658 2.46634 0.971753 -0.234611 -0.00925168 0.0238208
-0.585468 -0.436306 2.46657 0.971192 -0.236955 -0.00859508 0.0237522
-0.583953 -0.438737 2.4659 0.97056 -0.23951 -0.00861161 0.023949
-0.582634 -0.441379 2.46565 0.9699 -0.242132 -0.00764107 0.0246403
-0.581419 -0.44439 2.46637 0.969328 -0.244486 -0.00806183 0.0237621
-0.579742 -0.44726 2.46611 0.968765 -0.246636 -0.00903804 0.0241665
-0.578361 -0.450132 2.46676 0.968047 -0.249541 -0.0093732 0.0229652
-0.576643 -0.452939 2.46663 0.967274 -0.252369 -0.00921617 0.0246113
-0.574803 -0.455762 2.46655 0.966482 -0.25556 -0.00901383 0.0228042
-0.572804 -0.458059 2.46494 0.96603 -0.257058 -0.00911366 0.0249634
-0.571332 -0.460508 2.46541 0.96546 -0.259339 -0.00885719 0.0235029
-0.569576 -0.462919 2.46593 0.96491 -0.261234 -0.00989011 0.0246342
-0.56798 -0.46562 2.46706 0.964275 -0.263728 -0.0100859 0.0228071
-0.565755 -0.468013 2.46475 0.96373 -0.265468 -0.00918734 0.0258208
-0.564182 -0.470885 2.46561 0.963064 -0.268018 -0.00952153 0.0241398
-0.56259 -0.473677 2.46597 0.962454 -0.270274 -0.00967454 0.0232695
-0.560785 -0.476383 2.46609 0.961863 -0.272313 -0.00981197 0.0238692
-0.558917 -0.479157 2.46649 0.961224 -0.274569 -0.0099911 0.0236639
-0.557129 -0.481958 2.46698 0.960664 -0.276568 -0.0104874 0.0229084
-0.555201 -0.484751 2.46631 0.959764 -0.279692 -0.00990179 0.0229524
-0.552841 -0.48764 2.46534 0.959039 -0.281979 -0.00955049 0.0253129
-0.551062 -0.490501 2.46609 0.958404 -0.284245 -0.00963351 0.0239642
-0.549662 -0.493286 2.46709 0.957806 -0.286338 -0.00834527 0.023431
-0.547937 -0.496046 2.46805 0.957119 -0.288634 -0.00961757 0.0228349
-0.545766 -0.498235 2.46656 0.956432 -0.290918 -0.00888181 0.0229121
-0.543905 -0.500327 2.46527 0.955786 -0.293005 -0.00781508 0.0236494
-0.542371 -0.50273 2.46587 0.95508 -0.29521 -0.00813792 0.0246324
-0.540616 -0.504982 2.4665 0.954378 -0.297597 -0.00821891 0.0230248
-0.538562 -0.507169 2.46636 0.953755 -0.299555 -0.00891308 0.0232249
-0.536551 -0.509521 2.46626 0.953104 -0.301564 -0.00875718 0.0239751
-0.534537 -0.511789 2.46591 0.952275 -0.304288 -0.00804039 0.022722
-0.532601 -0.514099 2.46584 0.951594 -0.306448 -0.00774881 0.0223028
-0.530606 -0.516325 2.46602 0.950815 -0.308761 -0.0079348 0.0235346
-0.528794 -0.518673 2.46656 0.950136 -0.310861 -0.00859132 0.0230923
-0.526738 -0.520771 2.46659 0.949529 -0.312833 -0.00852658 0.0214097
-0.524306 -0.522921 2.46563 0.948825 -0.314863 -0.0073537 0.0232107
-0.522285 -0.525576 2.46599 0.948095 -0.317024 -0.00729122 0.023645
-0.52059 -0.528451 2.46773 0.947319 -0.31941 -0.00793714 0.0223701
-0.518075 -0.530502 2.46599 0.946652 -0.321428 -0.00644038 0.0221747
-0.515917 -0.533272 2.46615 0.945965 -0.323352 -0.0072396 0.0232807
-0.513653 -0.53557 2.46554 0.945056 -0.325953 -0.00707343 0.0239389
-0.511855 -0.538194 2.46696 0.944321 -0.328095 -0.00735083 0.0235975
-0.509582 -0.540235 2.46574 0.943452 -0.330622 -0.006781 0.0232635
-0.507553 -0.542859 2.46631 0.942538 -0.333205 -0.00722732 0.0233265
-0.505299 -0.545593 2.46671 0.941726 -0.335565 -0.00739706 0.0222369
-0.502832 -0.54786 2.46604 0.941081 -0.337285 -0.0072064 0.0235358
-0.500304 -0.54999 2.46532 0.940292 -0.339416 -0.00717246 0.0244119
-0.497798 -0.552248 2.46463 0.939531 -0.341591 -0.0061024 0.0236506
-0.495604 -0.555107 2.46644 0.938874 -0.34337 -0.0068821 0.0237717
-0.493076 -0.557241 2.46573 0.938237 -0.345155 -0.00675657 0.0231081
-0.490988 -0.559303 2.46526 0.937495 -0.347045 -0.00704892 0.0247563
-0.488697 -0.561294 2.46465 0.936789 -0.348937 -0.00609173 0.0251471
-0.486548 -0.563626 2.46559 0.93603 -0.350995 -0.00750443 0.0243647
-0.48451 -0.565823 2.46582 0.935262 -0.353185 -0.00676304 0.0223678
-0.482364 -0.567859 2.46599 0.934421 -0.35541 -0.00603536 0.0224503
-0.480022 -0.570134 2.46579 0.933588 -0.357495 -0.00712839 0.0236702
-0.47772 -0.572731 2.46599 0.932634 -0.359974 -0.00689023 0.023767
-0.474965 -0.57484 2.46436 0.931772 -0.362138 -0.00655411 0.0247697
-0.472877 -0.57704 2.46445 0.930956 -0.364315 -0.00676223 0.0234701
-0.470872 -0.579551 2.46537 0.930292 -0.366106 -0.00660413 0.0219244
-0.468443 -0.581426 2.4649 0.929328 -0.368446 -0.00646898 0.0235784
-0.465949 -0.583701 2.46485 0.928809 -0.369564 -0.0085961 0.0257273
-0.464067 -0.586263 2.46641 0.927857 -0.372342 -0.00674378 0.0199141
-0.461801 -0.588659 2.46682 0.927278 -0.373717 -0.00779829 0.0207388
-0.458767 -0.590032 2.46369 0.925831 -0.376905 -0.00602156 0.0272713
-0.457472 -0.593691 2.46959 0.92537 -0.378197 -0.00888642 0.0240476
-0.45507 -0.59525 2.46862 0.923757 -0.382479 -0.0060527 0.0186348
-0.452098 -0.596887 2.46507 0.922813 -0.384317 -0.00792711 0.0255697
-0.449154 -0.598899 2.46391 0.921199 -0.388122 -0.00651859 0.0266741
-0.447214 -0.601577 2.46689 0.920137 -0.391021 -0.00647704 0.0202116
-0.444597 -0.603182 2.4653 0.919379 -0.39269 -0.0054239 0.0225177
-0.442345 -0.605152 2.46602 0.918489 -0.394786 -0.00627676 0.0219677
-0.44005 -0.607036 2.46589 0.917375 -0.397258 -0.00607527 0.0239357
-0.437448 -0.608575 2.46415 0.91648 -0.399314 -0.00491473 0.0242652
-0.4354 -0.610765 2.46503 0.915507 -0.401653 -0.00566749 0.0221284
-0.433373 -0.612901 2.46598 0.914551 -0.403808 -0.00602866 0.022361
-0.431071 -0.614747 2.46562 0.913442 -0.406316 -0.00570797 0.0223178
-0.428429 -0.616423 2.46442 0.912623 -0.407899 -0.0053303 0.0266383
-0.42614 -0.618542 2.46547 0.911671 -0.410245 -0.00539911 0.0229495
-0.423474 -0.620881 2.4661 0.910818 -0.412084 -0.00607139 0.0236778
-0.420708 -0.623088 2.4656 0.909598 -0.414767 -0.0056326 0.0238517
-0.41791 -0.625037 2.4651 0.908529 -0.417124 -0.00533244 0.0235555
-0.415528 -0.626703 2.46506 0.907573 -0.419199 -0.00523148 0.0235821
-0.413349 -0.62826 2.46546 0.906705 -0.421091 -0.00614817 0.0230446
-0.410732 -0.629912 2.46552 0.905671 -0.423249 -0.00556129 0.0242862
-0.408204 -0.631864 2.46536 0.904758 -0.425201 -0.0057492 0.0241879
-0.405805 -0.634247 2.46705 0.903758 -0.427425 -0.00581066 0.0222491
-0.403083 -0.636131 2.46672 0.902917 -0.429214 -0.00558174 0.0220289
-0.400363 -0.637841 2.46713 0.901924 -0.431274 -0.00635929 0.022267
-0.397502 -0.639054 2.46574 0.900863 -0.433445 -0.00640496 0.0230304
-0.395127 -0.641132 2.46704 0.899826 -0.435678 -0.0054256 0.0216463
-0.392392 -0.642941 2.46706 0.899028 -0.43728 -0.00621254 0.0222865
-0.38971 -0.644942 2.46726 0.897957 -0.439426 -0.00605152 0.0232633
-0.386963 -0.647162 2.46811 0.896575 -0.442249 -0.00558663 0.0231699
-0.383557 -0.648385 2.46585 0.895638 -0.444045 -0.00554272 0.025033
-0.381312 -0.650807 2.46868 0.89443 -0.446675 -0.0058997 0.0209931
-0.378499 -0.652315 2.46743 0.893642 -0.448133 -0.00554966 0.0234685
-0.375957 -0.654114 2.46724 0.892788 -0.449718 -0.00475992 0.0256955
-0.373687 -0.656089 2.46835 0.891751 -0.451948 -0.0044225 0.0224285
-0.371065 -0.657717 2.46817 0.890859 -0.45361 -0.005123 0.0241121
-0.368454 -0.659571 2.46847 0.889912 -0.455506 -0.00504433 0.0233525
-0.365718 -0.661438 2.4684 0.889014 -0.457276 -0.00550059 0.0228363
-0.362973 -0.662863 2.46749 0.887942 -0.459268 -0.00451781 0.0247084
-0.360655 -0.66464 2.46817 0.886846 -0.461453 -0.00505587 0.0232166
-0.358164 -0.666284 2.46832 0.885579 -0.463866 -0.00524927 0.0234874
-0.355749 -0.668037 2.46834 0.884334 -0.466238 -0.00402555 0.0236409
-0.353486 -0.669485 2.46775 0.883151 -0.4686 -0.00191476 0.0213315
-0.350954 -0.671227 2.46818 0.881824 -0.47096 -0.0038765 0.0238174
-0.348424 -0.672848 2.46872 0.880453 -0.473558 -0.00439016 0.022944
-0.345711 -0.674562 2.46875 0.879251 -0.475801 -0.00370727 0.0227257
-0.343072 -0.676374 2.46871 0.877954 -0.478205 -0.00317049 0.0225231
-0.340599 -0.678188 2.46967 0.876608 -0.480656 -0.00325224 0.0227545
-0.33792 -0.679767 2.46984 0.875285 -0.483101 -0.00319014 0.0219222
-0.335181 -0.681355 2.46999 0.87394 -0.485584 -0.00314558 0.0206618
-0.33248 -0.682974 2.47067 0.872625 -0.487937 -0.00345692 0.0207568
-0.329342 -0.684056 2.46911 0.871288 -0.490197 -0.00306816 0.023573
-0.326648 -0.685899 2.47011 0.869874 -0.492789 -0.00258563 0.0217147
-0.323688 -0.687433 2.47002 0.868294 -0.495601 -0.00251306 0.0209534
-0.321032 -0.688979 2.4701 0.867042 -0.497774 -0.000900529 0.0214073
-0.317983 -0.690269 2.46977 0.866147 -0.499263 -0.00225468 0.0228184
-0.315066 -0.691827 2.46995 0.864865 -0.501519 -0.00182648 0.0219884
-0.312328 -0.693582 2.4704 0.863764 -0.503414 -0.00108002 0.0220154
-0.30996 -0.695277 2.47138 0.862375 -0.50588 -0.000529541 0.0198796
-0.30748 -0.696904 2.47171 0.861046 -0.508149 -0.000587788 0.019584
-0.305023 -0.698262 2.47129 0.859582 -0.510584 -0.000140947 0.020571
-0.302537 -0.699773 2.47134 0.85839 -0.512607 0.000124838 0.0200018
-0.3 -0.701686 2.47275 0.857172 -0.514658 -0.000215421 0.0195456
-0.296846 -0.702539 2.46974 0.856037 -0.516464 0.00163617 0.0215321
-0.294221 -0.70483 2.4727 0.854573 -0.518944 -0.00101742 0.0200309
-0.290942 -0.706038 2.47142 0.852894 -0.521639 0.00072739 0.021546
-0.287929 -0.707626 2.47236 0.852088 -0.522965 -0.00166167 0.0212396
-0.285541 -0.709149 2.47379 0.850377 -0.525897 0.000330713 0.0170612
-0.282369 -0.709641 2.47148 0.849555 -0.527114 0.000313878 0.0201625
-0.279373 -0.711161 2.4726 0.848282 -0.52918 -0.000901123 0.0196353
-0.27627 -0.71246 2.47218 0.847066 -0.531108 -1.82875e-05 0.0200547
-0.273196 -0.713639 2.4712 0.845676 -0.53332 0.000656792 0.0200635
-0.270317 -0.715224 2.47187 0.844067 -0.535889 0.000464089 0.0193264
-0.267422 -0.716801 2.47253 0.842663 -0.538075 0.000106268 0.0198346
-0.264447 -0.718316 2.47299 0.841403 -0.540108 -0.000161892 0.0180114
-0.261219 -0.71942 2.47228 0.839992 -0.542248 1.01593e-05 0.0194826
-0.25813 -0.721271 2.47338 0.838475 -0.544629 0.00080848 0.0183986
-0.254549 -0.722818 2.47348 0.836736 -0.547269 0.000182933 0.0191967
-0.25122 -0.724016 2.47307 0.83518 -0.549689 0.0010773 0.0177399
-0.248367 -0.725496 2.47331 0.83365 -0.552038 0.00215065 0.0166722
-0.245604 -0.726781 2.47436 0.832436 -0.553844 0.00104343 0.0175027
-0.242758 -0.727891 2.47382 0.831414 -0.555381 0.00117959 0.0173605
-0.239882 -0.728826 2.47268 0.830059 -0.557338 0.00083191 0.0193591
-0.237303 -0.730381 2.47389 0.828343 -0.559906 0.00219579 0.0186714
-0.234666 -0.731895 2.47485 0.826633 -0.56249 0.000203322 0.016821
-0.231916 -0.732839 2.47351 0.824873 -0.565021 0.00153209 0.0182736
-0.229362 -0.73419 2.47425 0.823082 -0.567663 0.00151792 0.0171093
-0.226699 -0.735597 2.47489 0.821503 -0.56993 0.00107589 0.0176537
-0.223793 -0.736474 2.47384 0.820003 -0.572024 0.000982636 0.0195722
-0.221026 -0.737754 2.47439 0.818205 -0.574568 0.000803263 0.0202811
-0.217955 -0.738995 2.47434 0.816065 -0.577601 0.00120948 0.020332
-0.215094 -0.739786 2.47405 0.814464 -0.579862 0.0015137 0.0201482
-0.212516 -0.740168 2.47291 0.812988 -0.581957 0.0018088 0.0193239
-0.20988 -0.741271 2.47468 0.811624 -0.583852 0.00133496 0.0195207
-0.206727 -0.741841 2.47408 0.810249 -0.585697 7.31024e-05 0.0213396
-0.203692 -0.742855 2.47444 0.808546 -0.588033 0.000423657 0.0217
-0.0298484 -0.76966 2.47676 0.725979 -0.687409 0.00719228 0.0192934
-0.0260033 -0.769466 2.47581 0.724266 -0.689253 0.00734628 0.0177526
-0.0227989 -0.769497 2.47554 0.722565 -0.691052 0.00989381 0.0157762
-0.0197884 -0.769698 2.47683 0.721553 -0.692161 0.00974586 0.0134209
-0.0170099 -0.769868 2.47779 0.719338 -0.694494 0.0107426 0.0107693
-0.0139556 -0.77007 2.47821 0.718722 -0.695139 0.00760087 0.0127428
-0.0107061 -0.769749 2.47644 0.716588 -0.697304 0.0123078 0.0108709
-0.00726777 -0.769908 2.47714 0.716148 -0.697739 0.0100821 0.0137837
-0.00539298 -0.770204 2.47757 0.714877 -0.699047 0.0123114 0.0115034
-0.00696684 -0.770094 2.4771 0.714836 -0.699108 0.0138544 0.00814657
-0.0084994 -0.769623 2.47614 0.71477 -0.699154 0.0152035 0.0075255
-0.0087458 -0.769284 2.47519 0.714853 -0.699027 0.0160807 0.00939002
-0.00858613 -0.769292 2.47567 0.715217 -0.698675 0.0147939 0.00996306
-0.00818439 -0.769918 2.47742 0.715356 -0.698565 0.0136573 0.00926248
-0.00825829 -0.769807 2.47699 0.715419 -0.698512 0.0133357 0.008917
-0.00833002 -0.769903 2.4771 0.715389 -0.698531 0.014116 0.00857954
-0.00826977 -0.770003 2.47782 0.71554 -0.698386 0.0142543 0.00748973
-0.00823258 -0.770079 2.47805 0.715513 -0.698421 0.0131702 0.00871644
-0.00831308 -0.769733 2.47674 0.715361 -0.69856 0.0143642 0.00809198
-0.00833161 -0.769685 2.47655 0.715432 -0.698479 0.0150139 0.00765621
-0.00824486 -0.769885 2.47734 0.71546 -0.698463 0.0140467 0.00834013
-0.00828809 -0.769819 2.47722 0.715353 -0.698561 0.0143452 0.0087374
-0.00831797 -0.76978 2.47702 0.715474 -0.698442 0.0140185 0.00889947
-0.00826754 -0.769687 2.47674 0.715341 -0.698574 0.013654 0.00974688
-0.00828306 -0.769713 2.4769 0.715338 -0.698571 0.014743 0.00851276
-0.00833681 -0.769893 2.4773 0.715213 -0.698706 0.0148574 0.00764592
-0.00830638 -0.769803 2.47719 0.715406 -0.698506 0.0142591 0.0090266
-0.00824001 -0.769873 2.47734 0.715463 -0.698461 0.0140195 0.00828191
-0.00831451 -0.769905 2.47737 0.715325 -0.698599 0.0143151 0.00808402
-0.0083064 -0.769713 2.47653 0.715344 -0.698573 0.0146459 0.0079865
-0.0082774 -0.769858 2.47745 0.715361 -0.698566 0.0145109 0.00741434
-0.0082792 -0.769784 2.47719 0.715437 -0.698482 0.0142192 0.00842062
-0.00826923 -0.769857 2.47729 0.715403 -0.698522 0.014097 0.00820339
-0.00824564 -0.770105 2.47794 0.715485 -0.698453 0.0136413 0.00766908
-0.00829 -0.769774 2.47689 0.715299 -0.698614 0.0148182 0.00810902
-0.00829935 -0.769726 2.4767 0.715303 -0.698611 0.0147456 0.00816721
-0.00833291 -0.769568 2.47647 0.71527 -0.698634 0.0151239 0.00833828
-0.0082103 -0.769953 2.47774 0.715609 -0.698321 0.0124743 0.00980241
-0.00831502 -0.770073 2.47806 0.715704 -0.698232 0.0130149 0.00838403
-0.00831422 -0.769784 2.47692 0.715459 -0.698466 0.0140161 0.00825318
-0.0082841 -0.770108 2.47804 0.715593 -0.69834 0.0128949 0.00902812
-0.0082944 -0.769809 2.47713 0.71542 -0.698499 0.0143342 0.00822958
-0.00827776 -0.769832 2.4773 0.715457 -0.698463 0.0137542 0.00904761
-0.00829284 -0.769466 2.47619 0.715333 -0.698562 0.0152178 0.00889163
-0.00825625 -0.770208 2.47831 0.715616 -0.698325 0.0128015 0.00850779
-0.00827019 -0.769899 2.47724 0.715406 -0.698514 0.0142006 0.00834866
-0.00831687 -0.769791 2.47712 0.715505 -0.698402 0.0142416 0.00918967
-0.00828433 -0.769661 2.47683 0.715411 -0.698505 0.0145596 0.00817217
-0.00832831 -0.769838 2.47733 0.71551 -0.698408 0.0138994 0.00885282
-0.00827023 -0.769959 2.47771 0.715464 -0.698471 0.0135345 0.00817076
-0.00825875 -0.770098 2.47797 0.715589 -0.69834 0.0135447 0.00839139
-0.00827349 -0.769781 2.47698 0.715247 -0.69867 0.014233 0.00890449
-0.00821486 -0.769884 2.47762 0.715743 -0.698176 0.0128793 0.00977837
-0.00827971 -0.769695 2.47687 0.715486 -0.698437 0.0137556 0.00876939
-0.00825526 -0.770034 2.47769 0.715563 -0.698365 0.0134966 0.0085871
-0.00828124 -0.769722 2.47678 0.715355 -0.698563 0.0147357 0.00772256
-0.00825592 -0.769835 2.47721 0.71536 -0.698549 0.0141753 0.00942857
-0.0083279 -0.769608 2.47659 0.715238 -0.698669 0.0145521 0.00924248
-0.00828464 -0.769563 2.47633 0.715347 -0.69857 0.0145739 0.00814619
-0.00828518 -0.769665 2.47663 0.715338 -0.698572 0.0142287 0.00926335
-0.0082545 -0.769838 2.47721 0.715487 -0.698433 0.0136848 0.00910462
-0.00824763 -0.769533 2.47622 0.715365 -0.698534 0.0146795 0.00939689
-0.00829434 -0.769777 2.47735 0.71544 -0.698482 0.0139064 0.00864231
-0.00826565 -0.769952 2.47765 0.715536 -0.698394 0.0136785 0.00821195
-0.00827039 -0.769771 2.47681 0.715336 -0.69858 0.0144604 0.0084563
-0.00824149 -0.770099 2.47764 0.715464 -0.698459 0.0141539 0.00806812
-0.00828702 -0.769887 2.47743 0.715244 -0.698672 0.0141352 0.00917878
-0.00834861 -0.770077 2.47828 0.71563 -0.698301 0.0132723 0.00858091
-0.00831145 -0.769664 2.47683 0.715495 -0.698418 0.0143651 0.00854081
-0.00830271 -0.770031 2.47764 0.715568 -0.698374 0.0131083 0.00805883
-0.00831876 -0.769841 2.47691 0.715276 -0.698641 0.0148489 0.00771918
-0.00830197 -0.769736 2.47701 0.715462 -0.698446 0.0141549 0.0092916
-0.00829947 -0.76957 2.47664 0.715305 -0.698599 0.0143931 0.00949137
-0.00825636 -0.770033 2.47802 0.715568 -0.698365 0.0131988 0.00858289
-0.00829607 -0.769795 2.47685 0.715319 -0.698606 0.0145884 0.00742099
-0.00829304 -0.769793 2.47675 0.715421 -0.698497 0.014299 0.0084094
-0.00828404 -0.769807 2.47724 0.715483 -0.698425 0.0143288 0.00906669
-0.00821801 -0.769862 2.47755 0.715488 -0.698436 0.0135259 0.00904753
-0.00823242 -0.769847 2.47751 0.715525 -0.698403 0.0130334 0.00928322
-0.00827839 -0.769938 2.4774 0.715586 -0.698349 0.0134839 0.00798878
-0.00830727 -0.769867 2.47687 0.715251 -0.698662 0.0147975 0.00826445
-0.00825065 -0.769768 2.47699 0.715382 -0.698521 0.0145553 0.00923645
-0.0082087 -0.769794 2.47754 0.715657 -0.698245 0.0137656 0.0099973
-0.00823536 -0.769621 2.47705 0.715457 -0.698476 0.0133719 0.00862198
-0.00825085 -0.76984 2.47728 0.715509 -0.698431 0.0136338 0.00736049
-0.00825822 -0.770143 2.47772 0.71538 -0.698567 0.0133869 0.00746422
-0.00825708 -0.770038 2.4773 0.715465 -0.69845 0.0137865 0.0093438
-0.0082468 -0.769744 2.47716 0.715384 -0.698521 0.0137758 0.0101822
-0.0082425 -0.769746 2.47751 0.715522 -0.698401 0.0136604 0.00881755
-0.00825576 -0.769906 2.47778 0.715463 -0.698481 0.0133712 0.00762873
-0.00829617 -0.769884 2.47712 0.715503 -0.698429 0.0138416 0.00777075
-0.00829043 -0.769897 2.47698 0.715283 -0.698643 0.0141981 0.00817781
-0.00826489 -0.770098 2.47809 0.715518 -0.698403 0.0130723 0.00976987
-0.00821861 -0.769975 2.47784 0.715536 -0.69839 0.0133809 0.00902011
-0.00830581 -0.769785 2.47702 0.71549 -0.69843 0.0142711 0.00814376
-0.0082164 -0.770048 2.47785 0.715622 -0.698315 0.0124069 0.00935215
-0.00830523 -0.769863 2.47707 0.715414 -0.698515 0.0139817 0.00801323
-0.00825967 -0.769777 2.47723 0.71538 -0.698541 0.013974 0.00876656
-0.00824506 -0.76995 2.47771 0.715514 -0.698405 0.0133471 0.0096195
-0.00829323 -0.769736 2.47694 0.715452 -0.698469 0.0142113 0.00818126
-0.00823321 -0.770005 2.47772 0.715615 -0.69832 0.0130829 0.00854707
-0.00828677 -0.769744 2.47701 0.715349 -0.698563 0.0145962 0.00858014
-0.00825752 -0.769683 2.47665 0.715391 -0.698517 0.0142383 0.00929892
-0.00827427 -0.769948 2.47771 0.715725 -0.698206 0.0129813 0.00883972
-0.00825811 -0.769688 2.47689 0.715466 -0.698459 0.0137276 0.00860193
-0.00828346 -0.7695 2.47616 0.715552 -0.698358 0.0146355 0.00822946
-0.00830051 -0.769586 2.47653 0.715357 -0.698551 0.0146533 0.00874092
-0.00828943 -0.769675 2.47661 0.715345 -0.698567 0.0148477 0.00805427
-0.00828802 -0.76969 2.47674 0.71531 -0.698595 0.0146914 0.00900065
-0.00822671 -0.769875 2.47745 0.715436 -0.698489 0.013768 0.0086088
-0.00830039 -0.769625 2.4765 0.715546 -0.698358 0.0141768 0.00946216
-0.00821343 -0.770104 2.47826 0.71558 -0.698359 0.0131065 0.00827969
-0.00828366 -0.769717 2.47691 0.715312 -0.698608 0.0146255 0.00787049
-0.00828632 -0.769974 2.47761 0.71546 -0.698474 0.0135117 0.0082649
-0.00822199 -0.76984 2.47723 0.715578 -0.698348 0.0130829 0.00936812
-0.00828307 -0.769777 2.47705 0.715487 -0.698428 0.0144252 0.00826476
-0.00831333 -0.769688 2.47669 0.715401 -0.69851 0.0147045 0.00833407
-0.00822035 -0.769999 2.47794 0.715488 -0.698446 0.0132289 0.00869272
-0.00822187 -0.769894 2.47745 0.715417 -0.698516 0.0133755 0.00867423
-0.00824624 -0.770004 2.47783 0.715518 -0.698415 0.014046 0.00734589
-0.00827414 -0.769697 2.47652 0.715313 -0.698598 0.0143897 0.00901697
-0.00831389 -0.769655 2.47653 0.715479 -0.698426 0.0144108 0.00906856
-0.00828017 -0.769634 2.47653 0.715508 -0.698396 0.0142586 0.00932165
-0.00828649 -0.769863 2.4775 0.715594 -0.69833 0.013763 0.00837905
-0.00828579 -0.769905 2.47737 0.715357 -0.698567 0.0142874 0.00802369
-0.00828341 -0.769678 2.47653 0.715438 -0.698467 0.0147808 0.00859669
-0.00829528 -0.769922 2.47742 0.715534 -0.698386 0.0137768 0.00882646
-0.00830178 -0.769718 2.47695 0.715318 -0.698592 0.01463 0.00870648
-0.00825337 -0.770034 2.47791 0.715478 -0.698452 0.0136497 0.00830118
-0.00826762 -0.769852 2.47726 0.71544 -0.69849 0.0139993 0.00778195
-0.00824269 -0.76975 2.47679 0.715477 -0.698445 0.014022 0.00845889
-0.00831545 -0.77005 2.47786 0.715737 -0.69819 0.0130468 0.00893828
-0.00825152 -0.769658 2.4767 0.715304 -0.698614 0.0144278 0.00842074
-0.00834035 -0.769613 2.47643 0.715271 -0.698646 0.0149203 0.00760482
-0.00826237 -0.769825 2.47712 0.715475 -0.69845 0.0141815 0.0079001
-0.00829527 -0.769613 2.47646 0.715255 -0.698655 0.0144457 0.00905428
-0.00822907 -0.769989 2.47766 0.715708 -0.698211 0.0129219 0.00981068
-0.00827453 -0.76988 2.47742 0.715483 -0.698432 0.0141277 0.00880246
-0.00826539 -0.76978 2.47701 0.715526 -0.698384 0.0143054 0.00879714
-0.00827621 -0.769852 2.47725 0.715454 -0.698463 0.0137753 0.00927599
-0.0082855 -0.769837 2.47712 0.715257 -0.698664 0.0148274 0.00754673
-0.00825136 -0.769935 2.47758 0.71564 -0.698284 0.0132764 0.00908657
-0.00830178 -0.769726 2.47668 0.715315 -0.698605 0.0146104 0.00783916
-0.00827248 -0.769756 2.47698 0.7154 -0.698519 0.0140402 0.00878127
-0.00823206 -0.770011 2.47788 0.71552 -0.698403 0.0131021 0.00958658
-0.00830049 -0.769945 2.47754 0.71558 -0.698343 0.0138263 0.0084049
