0.000415455 -2.79619e-05 -0.000283385 -5.42376e-05 7.91094e-06 2.02429e-06 1
0.000415455 -2.79619e-05 -0.000283385 -5.42376e-05 7.91094e-06 2.02429e-06 1
0.000415455 -2.79619e-05 -0.000283385 -5.42376e-05 7.91094e-06 2.02429e-06 1
0.000415455 -2.79619e-05 -0.000283385 -5.42376e-05 7.91094e-06 2.02429e-06 1
0.000415455 -2.79619e-05 -0.000283385 -5.42376e-05 7.91094e-06 2.02429e-06 1
0.000415455 -2.79619e-05 -0.000283385 -5.42376e-05 7.91094e-06 2.02429e-06 1
0.000415455 -2.79619e-05 -0.000283385 -5.42376e-05 7.91094e-06 2.02429e-06 1
0.000415455 -2.79619e-05 -0.000283385 -5.42376e-05 7.91094e-06 2.02429e-06 1
0.000415455 -2.79619e-05 -0.000283385 -5.42376e-05 7.91094e-06 2.02429e-06 1
0.000415455 -2.79619e-05 -0.000283385 -5.42376e-05 7.91094e-06 2.02429e-06 1
0.000415455 -2.79619e-05 -0.000283385 -5.42376e-05 7.91094e-06 2.02429e-06 1
0.000415455 -2.79619e-05 -0.000283385 -5.42376e-05 7.91094e-06 2.02429e-06 1
0.00555428 -0.0014159 -0.00288604 -0.00110078 0.00365545 -4.33609e-05 0.999993
0.0148769 -3.08069e-05 -0.0054892 -0.00052837 0.011031 0.000343246 0.999939
0.03099 -0.00935637 -0.0013653 -5.43341e-05 0.0225548 -1.7357e-05 0.999746
0.0318717 -0.000601623 0.00838948 0.00180317 0.0293459 0.000201283 0.999568
0.0433283 0.00117719 0.00988925 0.00238714 0.0422951 0.000637802 0.999102
0.0536664 0.00426146 0.00599031 0.00212142 0.050477 0.00138617 0.998722
0.0671199 0.000755391 0.00322822 0.00207091 0.0618209 0.00203271 0.998083
0.076783 -0.00323889 0.00491659 0.00272132 0.0742752 0.00235418 0.997231
0.0826416 -0.00415373 0.00702402 0.003209 0.0820658 0.00219751 0.996619
0.0944664 -0.00312572 0.00555513 0.00403903 0.0936959 0.00234603 0.99559
0.0987421 -0.00403068 0.0104289 0.00504725 0.101412 0.00227516 0.994829
0.113216 -7.74757e-06 0.0105043 0.00567046 0.112201 0.00224995 0.993667
0.12086 0.00634255 0.0108454 0.00696973 0.11741 0.00310319 0.993054
0.12862 0.0132205 0.0151721 0.00713477 0.127479 0.00297922 0.991811
0.137014 0.0152269 0.0182159 0.00809305 0.140372 0.00302485 0.990061
0.146058 0.0180065 0.01835 0.00866464 0.149014 0.0043162 0.988788
0.161053 0.0219427 0.0206337 0.00965992 0.161731 0.00413987 0.986779
0.17213 0.0317054 0.0133533 0.00900977 0.170238 0.0043511 0.985352
0.184329 0.03708 0.0115395 0.00882428 0.182275 0.00481147 0.983196
0.199324 0.043818 0.00795958 0.00886797 0.192933 0.00401939 0.981164
0.210197 0.0467266 0.00419395 0.00866086 0.201839 0.00452991 0.97937
0.221341 0.0515125 0.00535814 0.00902869 0.212594 0.0046611 0.977088
0.22838 0.0526992 0.00626651 0.00932945 0.220219 0.00452416 0.975395
0.241749 0.0602867 0.00637015 0.0102779 0.232942 0.00583931 0.972419
0.252588 0.0660628 0.00519203 0.0108763 0.244815 0.00670655 0.969486
0.261024 0.0627747 0.0227007 0.0138501 0.253287 0.00583763 0.967275
0.2757 0.0684998 0.0191212 0.013257 0.264293 0.00591221 0.964333
0.281042 0.0693382 0.0175979 0.0128256 0.271215 0.00678865 0.962409
0.290809 0.0785175 0.0185685 0.0141774 0.280267 0.00690965 0.959793
0.29515 0.0838006 0.0144932 0.0134964 0.286627 0.00702428 0.957921
0.308835 0.0898391 0.0163779 0.0143354 0.29686 0.00626413 0.954793
0.319964 0.0998373 0.0156853 0.0142717 0.305305 0.0057985 0.95213
0.332064 0.10705 0.0165958 0.0142917 0.315236 0.00532064 0.948891
0.341276 0.115188 0.0154022 0.0139197 0.321032 0.00500593 0.946953
0.354981 0.124367 0.0135084 0.0133088 0.332415 0.00538008 0.943024
0.361014 0.128966 0.0130552 0.0130405 0.340887 0.00601771 0.939995
0.372929 0.138481 0.0105036 0.0125324 0.353719 0.00600602 0.935249
0.381644 0.148213 0.0102601 0.0120585 0.363385 0.00615207 0.931541
0.389016 0.153781 0.00845733 0.0114988 0.370573 0.00643473 0.92871
0.395973 0.168473 0.00286552 0.0105066 0.380809 0.00713777 0.924567
0.403939 0.175419 0.00352274 0.0111016 0.387273 0.00701026 0.921871
0.415876 0.188408 0.00178169 0.0111668 0.396788 0.00680105 0.917817
0.425191 0.201116 -0.000515047 0.0120598 0.406853 0.0073598 0.913384
0.432197 0.206116 0.00156759 0.0135915 0.412991 0.00735112 0.910604
0.439862 0.215839 0.000930821 0.0132638 0.422371 0.00729626 0.906297
0.442451 0.224106 0.00640241 0.0135924 0.429125 0.00406769 0.903134
0.45013 0.234776 0.0054897 0.0143544 0.44013 0.00484976 0.897806
0.457199 0.248974 0.00299278 0.0141928 0.450468 0.00553429 0.892663
0.465007 0.260103 0.00241802 0.014631 0.458085 0.00597225 0.888768
0.471642 0.268879 0.00579721 0.0164317 0.468541 0.00628518 0.883266
0.473048 0.274232 0.00943306 0.0166655 0.474413 0.00494015 0.880131
0.479751 0.288112 0.004663 0.0159422 0.484482 0.0055291 0.874639
0.484971 0.300754 0.000939314 0.01533 0.490848 0.00605148 0.87109
0.49197 0.314314 -0.000219246 0.0152171 0.500248 0.00682526 0.865721
0.496548 0.316445 0.000684264 0.0155231 0.507154 0.00668353 0.86169
0.502816 0.327106 0.00132553 0.0163135 0.518261 0.00699005 0.855038
0.506492 0.33717 -0.00246833 0.016293 0.525527 0.00752935 0.850588
0.510622 0.349836 -0.00321756 0.015861 0.536137 0.00759168 0.843948
0.510732 0.357 -0.00173515 0.0162101 0.54342 0.00725115 0.839273
0.513183 0.368716 -0.00260519 0.0156745 0.551492 0.00742286 0.834
0.515407 0.377974 -0.0014414 0.0158976 0.557975 0.00719749 0.829674
0.518186 0.393005 -0.000719709 0.0163699 0.566933 0.00673201 0.823574
0.520885 0.403817 -0.0013716 0.0168935 0.572277 0.00711564 0.819855
0.52485 0.416775 -0.00166297 0.0166091 0.579974 0.00678475 0.814437
0.526291 0.427123 -0.00415897 0.0152633 0.584666 0.00658651 0.811104
0.527887 0.441608 -0.00399626 0.0149677 0.591452 0.00613975 0.806178
0.531659 0.448339 0.00122746 0.0173118 0.598258 0.00693763 0.801087
0.534206 0.454311 0.00301188 0.0175902 0.604804 0.00666734 0.796152
0.53793 0.468202 0.00191286 0.0177077 0.614418 0.00686618 0.788752
0.539204 0.480291 -0.00254988 0.0175263 0.619592 0.00735048 0.784694
0.545089 0.492939 -0.000256963 0.0184168 0.628088 0.00700171 0.777893
0.548672 0.503215 0.000591592 0.018539 0.635208 0.00705968 0.772086
0.550224 0.515444 -0.000637748 0.0182858 0.642828 0.00638696 0.765765
0.553223 0.526402 -1.26422e-05 0.0187173 0.648464 0.00571503 0.760994
0.55624 0.540138 0.00152334 0.0198638 0.657886 0.0049406 0.75284
0.558903 0.551419 -0.00140546 0.0205359 0.663526 0.00580618 0.747849
0.560535 0.563343 -4.47662e-05 0.0216734 0.670613 0.00515046 0.741473
0.561966 0.569941 1.56816e-05 0.0217053 0.676606 0.00497414 0.736008
0.560792 0.585105 -0.00243728 0.0221065 0.684896 0.00528867 0.728286
0.561225 0.595229 -0.00416059 0.0225789 0.690357 0.00581547 0.723093
0.561911 0.610462 -0.0056384 0.0231053 0.698328 0.00614702 0.715379
0.557613 0.618199 -0.00384552 0.0248994 0.703434 0.0061704 0.710297
0.555795 0.635105 -0.00592329 0.0251764 0.710613 0.00636555 0.703104
0.558339 0.644551 -0.00822097 0.0243767 0.716472 0.00577869 0.697166
0.555795 0.658894 -0.00780034 0.0237647 0.723683 0.00445312 0.689708
0.556257 0.667082 -0.00640238 0.0241334 0.72888 0.00413218 0.684203
0.553853 0.680989 -0.00617559 0.024376 0.735677 0.00393776 0.676882
0.552897 0.691588 -0.00869131 0.0241922 0.741201 0.00495239 0.670829
0.552956 0.701884 -0.00693187 0.0251509 0.749338 0.00491842 0.661692
0.553865 0.714373 -0.00979475 0.024726 0.757695 0.00548535 0.652118
0.552522 0.722065 -0.00770476 0.0255055 0.763422 0.00537972 0.645374
0.550396 0.738797 -0.011458 0.0244095 0.771672 0.00630286 0.635521
0.548916 0.74825 -0.0113057 0.0242848 0.776359 0.0054265 0.6298
0.543826 0.760675 -0.0117445 0.0232872 0.784629 0.00558623 0.619502
0.543155 0.768759 -0.0118541 0.0236521 0.790545 0.00515161 0.611926
0.542003 0.782943 -0.0113091 0.0238115 0.797783 0.00585 0.602446
0.538758 0.793879 -0.0136397 0.0228062 0.802221 0.0059218 0.596562
0.537013 0.806398 -0.0134399 0.0231805 0.809715 0.00624323 0.586332
0.533964 0.82073 -0.0194511 0.0217205 0.814339 0.00704824 0.57994
0.529703 0.831037 -0.0186684 0.021083 0.821982 0.00760643 0.569073
0.525254 0.841458 -0.0229134 0.0212281 0.827123 0.00897518 0.561548
0.518431 0.855326 -0.0272317 0.0211644 0.833463 0.0101768 0.552076
0.513857 0.864282 -0.0268503 0.0217088 0.837338 0.0107319 0.546148
0.507743 0.875738 -0.0276948 0.0212855 0.842796 0.0109368 0.537702
0.501411 0.885312 -0.024869 0.0222743 0.848288 0.0107802 0.528957
0.4976 0.889874 -0.0233813 0.0227022 0.851699 0.00991879 0.523445
0.491858 0.904559 -0.0212318 0.0228658 0.85774 0.00958042 0.513485
0.486897 0.912993 -0.0227827 0.0232997 0.861537 0.00993139 0.507063
0.48233 0.923827 -0.0208787 0.0238161 0.866465 0.00917434 0.498584
0.474707 0.935473 -0.021946 0.0234766 0.871515 0.00978721 0.489709
0.46998 0.943492 -0.0220406 0.0236496 0.875505 0.00946423 0.482537
0.460012 0.954958 -0.0212635 0.0237132 0.881201 0.00934124 0.472055
0.452362 0.968088 -0.0235934 0.0236432 0.885254 0.00993843 0.464399
0.441451 0.979867 -0.0249708 0.0243642 0.890987 0.0100221 0.453264
0.430272 0.987378 -0.0220585 0.0252678 0.895402 0.00966929 0.444435
0.429248 0.991991 -0.0204742 0.0253156 0.898841 0.00927814 0.437446
0.41877 1.00346 -0.0205106 0.0244859 0.903785 0.0086843 0.427197
0.413973 1.01143 -0.0183154 0.0243445 0.907046 0.00859836 0.420239
0.403849 1.02174 -0.019414 0.0242585 0.911533 0.0090499 0.410412
0.397321 1.02966 -0.0205971 0.0243587 0.914648 0.00917919 0.403412
0.388987 1.03843 -0.0195628 0.024932 0.918942 0.00832998 0.393516
0.375136 1.04054 -0.0187486 0.0238486 0.922822 0.00820506 0.384401
0.369973 1.04515 -0.0162027 0.0238461 0.925875 0.00771337 0.376997
0.362081 1.05315 -0.0142381 0.0255207 0.930323 0.00839099 0.365756
0.353375 1.05924 -0.0153337 0.025716 0.932504 0.0080006 0.360153
0.344833 1.06961 -0.0128925 0.0260265 0.93773 0.0076894 0.346303
0.337704 1.0837 -0.0135851 0.0265282 0.940735 0.00802065 0.338008
0.330415 1.09214 -0.0127706 0.0272406 0.944522 0.00747683 0.32723
0.321196 1.09773 -0.0137913 0.0248286 0.946657 0.00791426 0.321187
0.311035 1.10746 -0.0145009 0.0246576 0.95019 0.00808712 0.31059
0.300843 1.11507 -0.014981 0.0243133 0.953729 0.00879648 0.299552
0.29087 1.12147 -0.0166909 0.0240876 0.956538 0.00933552 0.290461
0.280717 1.12822 -0.0160605 0.0248832 0.960137 0.00915012 0.27827
0.270774 1.13127 -0.0181556 0.0250266 0.96176 0.00990805 0.272568
0.25799 1.13703 -0.0200907 0.0254148 0.964322 0.0107217 0.263291
0.253933 1.14103 -0.0130243 0.0260915 0.966521 0.00929421 0.255089
0.235528 1.14454 -0.0149599 0.0250915 0.968651 0.0098179 0.246961
0.230608 1.14988 -0.0131553 0.0255702 0.970425 0.00902929 0.239873
0.217493 1.1538 -0.0114217 0.0261009 0.972897 0.00843663 0.229605
0.208328 1.15695 -0.013435 0.0262647 0.974294 0.00837028 0.223585
0.194503 1.16172 -0.0116442 0.0259896 0.976192 0.00745344 0.215218
0.184172 1.16658 -0.013203 0.0256842 0.977586 0.00780103 0.208819
0.171697 1.17069 -0.0146133 0.0248695 0.97982 0.00806594 0.198166
0.160321 1.17133 -0.0144281 0.0251462 0.981076 0.00775048 0.191828
0.149582 1.17198 -0.0156222 0.0244583 0.982366 0.00801071 0.185189
0.13492 1.17606 -0.0140227 0.0246069 0.984546 0.00758057 0.173224
0.127113 1.17838 -0.0127041 0.0248686 0.985695 0.00681285 0.166554
0.115545 1.18185 -0.0118727 0.0242321 0.98741 0.00658055 0.156176
0.110281 1.18397 -0.00959909 0.0248971 0.988595 0.00590709 0.14841
0.0984718 1.18735 -0.00858387 0.0245335 0.990047 0.00577732 0.138461
0.0921819 1.19175 -0.00965355 0.0251531 0.991114 0.00607952 0.130476
0.0814549 1.19141 -0.00833815 0.0244921 0.991892 0.00537522 0.124588
0.0671759 1.19516 -0.00965166 0.0259546 0.993247 0.00550225 0.112942
0.0585143 1.19751 -0.0104328 0.0255559 0.993998 0.00584628 0.106206
0.0511224 1.2019 -0.0130904 0.0255161 0.994886 0.00653585 0.0975114
0.0362079 1.20449 -0.0143873 0.025753 0.996053 0.00704094 0.0846488
0.0230569 1.19911 -0.0158852 0.0256991 0.996492 0.00836199 0.0792026
0.0137901 1.20207 -0.0159034 0.0257179 0.996998 0.00840889 0.0725443
0.00278202 1.20422 -0.0118867 0.0255572 0.997818 0.00776416 0.0603801
-0.00384733 1.20715 -0.010933 0.0274892 0.998278 0.00766849 0.0512429
-0.0151199 1.2098 -0.0137945 0.0276328 0.998602 0.00859516 0.0442404
-0.0216997 1.21014 -0.0102145 0.0284902 0.998872 0.00745954 0.0372605
-0.0372028 1.21283 -0.0115543 0.0278615 0.999235 0.00829954 0.0261427
-0.0441868 1.22 -0.0140605 0.0282039 0.999412 0.00907718 0.0172531
-0.0520972 1.21739 -0.0117766 0.0282666 0.999504 0.00818933 0.0111977
-0.0607992 1.22109 -0.0122822 0.0290987 0.999535 0.00905738 0.000623691
-0.0692254 1.21962 -0.0152552 0.0295585 0.999477 0.0101032 -0.0083813
-0.0780592 1.21723 -0.00673419 0.0294235 0.999343 0.00850524 -0.019403
-0.0861413 1.21892 -0.00585893 0.0302587 0.9991 0.00821581 -0.0285732
-0.093689 1.21801 -0.00653843 0.0296425 0.998886 0.00874308 -0.0356598
-0.102588 1.22172 -0.00542074 0.0302846 0.998451 0.00843537 -0.0459018
-0.111645 1.21931 -0.00293969 0.0304775 0.998081 0.00784779 -0.0533272
-0.121696 1.21889 -0.00351218 0.0297477 0.997673 0.00788945 -0.0608446
-0.133261 1.21492 -0.00425195 0.0269253 0.997368 0.00833856 -0.0668061
-0.142013 1.21399 -0.00357343 0.0272276 0.996772 0.00755683 -0.0751462
-0.149411 1.21177 -0.00150882 0.0265332 0.996336 0.00698429 -0.0810034
-0.159234 1.21017 -0.00191322 0.026024 0.99586 0.0070588 -0.086806
-0.168239 1.20595 5.262e-05 0.0255834 0.995327 0.00651521 -0.0928826
-0.179272 1.20754 -0.00316052 0.0263055 0.994359 0.00775997 -0.102463
-0.191326 1.20335 0.000239345 0.0254533 0.993282 0.00695624 -0.112675
-0.205577 1.19933 -0.00699626 0.026597 0.99236 0.00929566 -0.120115
-0.213052 1.19537 -0.00661411 0.0266376 0.99148 0.00945185 -0.127154
-0.221597 1.18899 -0.0112229 0.0263717 0.990657 0.0108185 -0.133362
-0.22968 1.18821 -0.0109653 0.0273789 0.989576 0.0100324 -0.141032
-0.237896 1.18367 -0.0110328 0.0261193 0.988697 0.0103596 -0.147273
-0.24593 1.17686 -0.0080188 0.0244209 0.987988 0.00927094 -0.152304
-0.253389 1.1745 -0.00695922 0.0235058 0.986979 0.00922627 -0.158853
-0.263434 1.17212 -0.00712661 0.0232092 0.985895 0.0088945 -0.165508
-0.272102 1.17122 -0.00567685 0.0243159 0.984524 0.00841053 -0.173348
-0.280912 1.1684 -0.00113247 0.0245323 0.983089 0.00708709 -0.181341
-0.285074 1.16277 0.00134131 0.0246253 0.98196 0.0059645 -0.187382
-0.2936 1.16095 -0.00196346 0.0249875 0.980414 0.00642821 -0.195252
-0.303238 1.15878 -0.00828646 0.0237681 0.978713 0.00838563 -0.203678
-0.310483 1.15493 -0.00857312 0.022946 0.977258 0.00899847 -0.210616
-0.317531 1.14917 -0.00835239 0.0229167 0.975656 0.00891568 -0.217926
-0.325295 1.14417 -0.00984385 0.0228998 0.974088 0.00959161 -0.224804
-0.33388 1.13885 -0.00892269 0.0221628 0.972795 0.00893049 -0.230431
-0.339843 1.13322 -0.00802662 0.022253 0.971169 0.0086452 -0.237194
-0.343491 1.13097 -0.00701967 0.0214081 0.969352 0.00820035 -0.244605
-0.35017 1.12909 -0.00994699 0.0228097 0.967546 0.00890088 -0.251507
-0.348431 1.12383 -0.00806285 0.0205778 0.96642 0.00938856 -0.255971
-0.365514 1.11968 -0.0111 0.0205076 0.963464 0.00989981 -0.266868
-0.375069 1.11253 -0.0100823 0.0201303 0.961676 0.00960587 -0.273278
-0.382611 1.10775 -0.010102 0.0194578 0.959899 0.010017 -0.27949
-0.388534 1.10155 -0.0103406 0.01894 0.957746 0.0103645 -0.286804
-0.398994 1.09307 -0.0140964 0.0186951 0.955083 0.011855 -0.29551
-0.408807 1.08657 -0.0144615 0.018771 0.952158 0.0116624 -0.304808
-0.417501 1.07966 -0.0126582 0.0204665 0.94959 0.0101594 -0.31266
-0.417811 1.07712 -0.00738237 0.0203585 0.947327 0.00905025 -0.319493
-0.42067 1.07171 -0.00583916 0.0197515 0.945133 0.00904438 -0.325962
-0.424993 1.06781 -0.00555852 0.0192427 0.942534 0.00927208 -0.333427
-0.433631 1.06186 -0.00607 0.0199388 0.939818 0.00887602 -0.340979
-0.441144 1.05833 -0.00486914 0.0202651 0.937015 0.00829871 -0.348602
-0.452433 1.04714 -0.0102829 0.0201135 0.932806 0.00888914 -0.359708
-0.458966 1.04099 -0.00886246 0.0193514 0.930179 0.00872284 -0.366492
-0.469769 1.03119 -0.012912 0.0187107 0.927759 0.00981077 -0.37258
-0.47661 1.02468 -0.0144881 0.0185518 0.924925 0.010856 -0.379541
-0.480817 1.02121 -0.0114331 0.0184229 0.921476 0.0103808 -0.38786
-0.485452 1.01661 -0.00917114 0.0176387 0.918124 0.0105044 -0.395762
-0.492229 1.00831 -0.00925691 0.0177308 0.912924 0.0106784 -0.407603
-0.498473 1.00218 -0.00962341 0.0176157 0.909241 0.011345 -0.415743
-0.505371 0.996504 -0.00868604 0.0176917 0.905121 0.0109471 -0.424645
-0.511833 0.985733 -0.00986918 0.0179364 0.902038 0.0110441 -0.431142
-0.518129 0.975493 -0.00730262 0.0172504 0.897999 0.0108195 -0.439527
-0.525063 0.968038 -0.0069816 0.0170053 0.89485 0.0100039 -0.44593
-0.531619 0.958354 -0.00582289 0.0164421 0.892121 0.0101553 -0.451383
-0.538963 0.944029 -0.00619319 0.0164671 0.887814 0.00986324 -0.459803
-0.547934 0.940608 -0.0048002 0.0163867 0.884222 0.00941566 -0.466685
-0.554946 0.936789 0.00773759 0.0159218 0.880014 0.00667953 -0.474635
-0.565682 0.929866 0.0139149 0.0158014 0.874586 0.00492994 -0.484588
-0.568564 0.92135 0.0139319 0.0142503 0.871117 0.00609467 -0.49083
-0.570925 0.916691 0.014873 0.0137793 0.867484 0.00615803 -0.497236
-0.580569 0.907957 0.020883 -0.0133308 -0.861614 -0.00481463 0.507367
-0.58667 0.901968 0.0205444 -0.0130384 -0.858227 -0.00406995 0.513088
-0.593528 0.895947 0.020731 -0.0132344 -0.85334 -0.00377074 0.521173
-0.600976 0.880298 0.0198744 -0.0133654 -0.847446 -0.00301464 0.530705
-0.605001 0.873221 0.0211833 -0.0127241 -0.843769 -0.00225338 0.536551
-0.609931 0.860308 0.0206745 -0.0131451 -0.838399 -0.00206077 0.544895
-0.614479 0.850342 0.0183013 -0.0133493 -0.834222 -0.00228783 0.551262
-0.619708 0.841288 0.018588 -0.0132053 -0.828777 -0.00202494 0.559419
-0.622745 0.833191 0.0186065 -0.0133738 -0.824201 -0.0020175 0.566136
-0.627344 0.826878 0.0260777 -0.0117208 -0.81863 -0.000911525 0.574201
-0.631569 0.811582 0.0245161 -0.0118534 -0.81102 -0.000363896 0.584898
-0.636031 0.801194 0.0253243 -0.0117394 -0.806511 -0.000175813 0.591103
-0.639752 0.788303 0.0272452 -0.0118773 -0.799951 0.000811589 0.599947
-0.640845 0.780781 0.0285528 -0.0111617 -0.795007 0.000288498 0.606498
-0.645639 0.766428 0.0268276 -0.0111578 -0.788101 0.000174849 0.615445
-0.647032 0.759382 0.0266113 -0.0111256 -0.783593 5.64741e-05 0.621175
-0.649961 0.7484 0.0244469 -0.0117406 -0.77831 -0.000154249 0.62777
-0.654632 0.732339 0.0231019 -0.0122358 -0.771715 0.000461905 0.635851
-0.660021 0.71996 0.0228246 -0.0122637 -0.767319 0.000267958 0.641149
-0.66692 0.705818 0.0241165 -0.0123384 -0.758696 0.000399674 0.651327
-0.669151 0.697635 0.0272302 -0.0118309 -0.752839 0.000547156 0.658098
-0.670147 0.684214 0.0283068 -0.0121432 -0.744325 0.00134554 0.667706
-0.668902 0.675954 0.0272936 -0.0121088 -0.738829 0.000748273 0.673784
-0.670222 0.66452 0.028339 -0.012167 -0.730019 0.00115052 0.683318
-0.673663 0.653782 0.0282386 -0.0126192 -0.72425 0.00170263 0.689419
-0.674512 0.641965 0.0315896 -0.0113058 -0.717168 0.00201043 0.696806
-0.676991 0.632808 0.0309256 -0.0113888 -0.711577 0.00184522 0.702514
-0.678678 0.624958 0.0328788 -0.010986 -0.707012 0.00197965 0.707113
-0.677179 0.609666 0.032423 -0.0107576 -0.700519 0.00124182 0.713552
-0.675298 0.600517 0.0327857 -0.0104488 -0.695766 0.00118917 0.718192
-0.675639 0.586564 0.0339873 -0.0103689 -0.687555 0.00243458 0.726054
-0.675048 0.579213 0.0364768 -0.0100486 -0.682378 0.00385061 0.730921
-0.671079 0.565921 0.0378023 -0.00954131 -0.674731 0.00395434 0.737992
-0.670022 0.551046 0.035877 -0.0107714 -0.666251 0.00440386 0.745637
-0.666612 0.541577 0.0341667 -0.0110845 -0.661773 0.00466209 0.749608
-0.666793 0.527398 0.033919 -0.0117734 -0.652592 0.00530569 0.757599
-0.664284 0.52035 0.0385175 -0.0100342 -0.647087 0.00684384 0.76232
-0.661635 0.506423 0.0399969 -0.00974757 -0.639738 0.00829526 0.768486
-0.657973 0.497738 0.0395954 -0.00939107 -0.634529 0.00778739 0.772803
-0.654661 0.483755 0.0370689 -0.00948654 -0.626857 0.00713443 0.779044
-0.653633 0.476359 0.0364307 -0.00963333 -0.621426 0.0074057 0.783379
-0.651154 0.466923 0.0366984 -0.00978537 -0.614928 0.0077505 0.788485
-0.649367 0.452146 0.0373636 -0.00972557 -0.604096 0.00851735 0.796806
-0.645036 0.443259 0.0364353 -0.00985514 -0.598208 0.00880552 0.801232
-0.640166 0.432302 0.0368747 -0.0101501 -0.589708 0.00995591 0.807491
-0.638422 0.425177 0.0396972 -0.00999798 -0.584319 0.0109695 0.811388
-0.632826 0.411116 0.0396866 -0.00992431 -0.575183 0.0108317 0.817893
-0.63016 0.405583 0.0436461 -0.00837775 -0.569895 0.0108998 0.821603
-0.625115 0.389637 0.0428874 -0.0082073 -0.560609 0.0103914 0.827975
-0.621317 0.382191 0.0442904 -0.00735763 -0.553891 0.0109804 0.832484
-0.617586 0.371911 0.0453541 -0.00732143 -0.546455 0.0111936 0.837382
-0.61584 0.364125 0.0452776 -0.00727697 -0.540505 0.0110733 0.841236
-0.609372 0.350898 0.0431071 -0.0077267 -0.530135 0.0105125 0.847813
-0.604581 0.343013 0.0405302 -0.00834971 -0.523423 0.00932785 0.851981
-0.598344 0.330416 0.0397461 -0.00944605 -0.512296 0.0104644 0.858693
-0.59096 0.319035 0.0399252 -0.00957893 -0.501144 0.0108485 0.865243
-0.583641 0.309704 0.0372539 -0.0100231 -0.494668 0.0112496 0.868951
-0.578934 0.302112 0.0387817 -0.0101756 -0.484593 0.0109585 0.874612
-0.57141 0.289882 0.0390226 -0.00969365 -0.474966 0.0109001 0.879883
-0.568122 0.280632 0.0391407 -0.00981226 -0.467976 0.0113025 0.883615
-0.559523 0.269405 0.0408801 -0.00866036 -0.458392 0.0118762 0.888629
-0.552409 0.255136 0.0391836 -0.00858065 -0.447088 0.0117526 0.894371
-0.545401 0.244829 0.0372689 -0.00914884 -0.436784 0.0125144 0.899433
-0.541036 0.237423 0.0368048 -0.00923151 -0.428725 0.0122487 0.903305
-0.533392 0.2276 0.0361811 -0.00953879 -0.41705 0.0121805 0.908752
-0.523489 0.218521 0.0371671 -0.00943174 -0.407819 0.0124332 0.91293
-0.517982 0.213044 0.0383398 -0.00865801 -0.402633 0.0122964 0.915238
-0.507707 0.204044 0.0385514 -0.00880312 -0.392292 0.0121346 0.919719
-0.496015 0.195051 0.0378833 -0.00806708 -0.383746 0.0119724 0.923326
-0.486378 0.185897 0.0369075 -0.00803108 -0.375191 0.0117962 0.926837
-0.477813 0.181176 0.0377428 -0.00745132 -0.369482 0.0115244 0.929136
-0.469581 0.170909 0.0395107 -0.00704172 -0.360268 0.0114484 0.932752
-0.459684 0.162004 0.039326 -0.00698416 -0.349995 0.0118808 0.93665
-0.4471 0.153541 0.037217 -0.00698511 -0.338027 0.0121495 0.941032
-0.440886 0.150359 0.0371314 -0.00692042 -0.33164 0.0123449 0.9433
-0.432064 0.140653 0.0399685 -0.00685568 -0.320325 0.0135178 0.947186
-0.422689 0.129909 0.043054 -0.00626665 -0.308973 0.0133473 0.950957
-0.416767 0.124776 0.0417508 -0.00647059 -0.301828 0.0128593 0.953254
-0.406273 0.117227 0.0470192 -0.00480986 -0.291956 0.0131904 0.956329
-0.395053 0.108957 0.0476388 -0.00420295 -0.280714 0.0132647 0.959691
-0.386184 0.103854 0.0462201 -0.00427651 -0.27423 0.0131577 0.961565
-0.372161 0.0953655 0.0414757 -0.00490541 -0.265612 0.0125297 0.963986
-0.359208 0.0866462 0.0425021 -0.00463048 -0.255431 0.0123697 0.966737
-0.353551 0.0835877 0.0433486 -0.00422612 -0.24793 0.0118877 0.968696
-0.341752 0.0799487 0.045556 -0.00369797 -0.236926 0.0127513 0.971437
-0.327084 0.0689706 0.0423189 -0.00467929 -0.222822 0.013173 0.974759
-0.317996 0.0622006 0.0391619 -0.00496698 -0.215242 0.0126732 0.976466
-0.308964 0.0555014 0.0395203 -0.00506968 -0.204151 0.0128851 0.978841
-0.298235 0.0523947 0.0400038 -0.00481251 -0.1935 0.012532 0.981008
-0.294345 0.0570868 0.0408319 -0.00459883 -0.187349 0.0128056 0.982199
-0.281884 0.0540276 0.0410273 -0.00503863 -0.176702 0.0130106 0.984165
-0.26811 0.0537555 0.0450268 -0.00398962 -0.166176 0.0147877 0.985977
-0.262884 0.0497645 0.0491691 -0.00267046 -0.158344 0.0155052 0.987259
-0.251777 0.0478292 0.0431304 -0.00340354 -0.147115 0.0150562 0.988999
-0.244325 0.0555608 0.04494 -0.00368904 -0.140037 0.0165497 0.990001
-0.229545 0.0513735 0.0450542 -0.00382442 -0.1277 0.0169723 0.99166
-0.218042 0.0472569 0.0413565 -0.00425036 -0.119858 0.017444 0.992629
-0.209587 0.0463937 0.0470566 -0.00331944 -0.10754 0.0183849 0.994025
-0.203522 0.0463423 0.045914 -0.0033816 -0.0990577 0.0176807 0.994919
-0.192954 0.0473011 0.0468832 -0.00288117 -0.0889637 0.0177286 0.995873
-0.185849 0.0473701 0.0479849 -0.00252159 -0.0820772 0.017887 0.996462
-0.172135 0.0481996 0.0464823 -0.00282231 -0.0712307 0.0171352 0.997309
-0.164116 0.0453917 0.0475598 -0.00268403 -0.0648973 0.0166948 0.997749
-0.150512 0.0463134 0.0455553 -0.00353898 -0.0548433 0.0170928 0.998342
-0.142102 0.049518 0.0451219 -0.00368619 -0.0479423 0.0168239 0.998702
-0.127897 0.0503361 0.0441106 -0.0038667 -0.0363437 0.0173892 0.999181
-0.122401 0.0557899 0.0434753 -0.00394316 -0.0304439 0.0172267 0.99938
-0.112179 0.0522168 0.0473335 -0.00325571 -0.0196044 0.0173859 0.999651
-0.101585 0.0558088 0.042808 -0.00390818 -0.0124221 0.0180342 0.999753
-0.094032 0.0559544 0.0461114 -0.00335263 -0.00276426 0.0183557 0.999822
-0.0834897 0.0564952 0.0436862 -0.00393593 0.00418976 0.0173087 0.999834
-0.0633366 0.0606275 0.0382464 -0.00440827 0.0148435 0.017664 0.999724
-0.0526973 0.062917 0.0417889 -0.00357344 0.0212508 0.018939 0.999588
-0.0452718 0.066269 0.044439 -0.00314171 0.0296562 0.017644 0.999399
-0.0303478 0.0673247 0.0445191 -0.00295857 0.0401834 0.0168885 0.999045
-0.0221826 0.0688879 0.0423673 -0.00307595 0.0483382 0.0174827 0.998673
-0.0221365 0.0707047 0.0414777 -0.00319242 0.0507553 0.0174783 0.998553
-0.0227996 0.0704368 0.0419653 -0.00244481 0.0507731 0.0174131 0.998555
-0.0225423 0.070322 0.0419122 -0.00245268 0.0514592 0.0173694 0.998521
-0.0225423 0.070322 0.0419122 -0.00245268 0.0514592 0.0173694 0.998521
-0.0225423 0.070322 0.0419122 -0.00245268 0.0514592 0.0173694 0.998521
-0.0225423 0.070322 0.0419122 -0.00245268 0.0514592 0.0173694 0.998521
-0.0225423 0.070322 0.0419122 -0.00245268 0.0514592 0.0173694 0.998521
-0.0220342 0.0692305 0.0417146 -0.00248461 0.0516494 0.0173825 0.998511
-0.0220342 0.0692305 0.0417146 -0.00248461 0.0516494 0.0173825 0.998511
-0.0220342 0.0692305 0.0417146 -0.00248461 0.0516494 0.0173825 0.998511
-0.0220342 0.0692305 0.0417146 -0.00248461 0.0516494 0.0173825 0.998511
-0.0220342 0.0692305 0.0417146 -0.00248461 0.0516494 0.0173825 0.998511
-0.0220342 0.0692305 0.0417146 -0.00248461 0.0516494 0.0173825 0.998511
-0.0220342 0.0692305 0.0417146 -0.00248461 0.0516494 0.0173825 0.998511
-0.0220342 0.0692305 0.0417146 -0.00248461 0.0516494 0.0173825 0.998511
-0.0220342 0.0692305 0.0417146 -0.00248461 0.0516494 0.0173825 0.998511
-0.0220342 0.0692305 0.0417146 -0.00248461 0.0516494 0.0173825 0.998511
-0.0220342 0.0692305 0.0417146 -0.00248461 0.0516494 0.0173825 0.998511
-0.0220342 0.0692305 0.0417146 -0.00248461 0.0516494 0.0173825 0.998511
-0.0220342 0.0692305 0.0417146 -0.00248461 0.0516494 0.0173825 0.998511
-0.0220342 0.0692305 0.0417146 -0.00248461 0.0516494 0.0173825 0.998511
-0.0219961 0.0692403 0.0416894 -0.0024892 0.0516493 0.0173844 0.998511
-0.0219961 0.0692403 0.0416894 -0.0024892 0.0516493 0.0173844 0.998511
-0.0219961 0.0692403 0.0416894 -0.0024892 0.0516493 0.0173844 0.998511
-0.0219961 0.0692403 0.0416894 -0.0024892 0.0516493 0.0173844 0.998511
-0.0219961 0.0692403 0.0416894 -0.0024892 0.0516493 0.0173844 0.998511
-0.0219961 0.0692403 0.0416894 -0.0024892 0.0516493 0.0173844 0.998511
-0.0222121 0.0692112 0.0418231 -0.00246432 0.0516493 0.0173839 0.998511
-0.0222121 0.0692112 0.0418231 -0.00246432 0.0516493 0.0173839 0.998511
-0.0222121 0.0692112 0.0418231 -0.00246432 0.0516493 0.0173839 0.998511
-0.0222121 0.0692112 0.0418231 -0.00246432 0.0516493 0.0173839 0.998511
-0.0222121 0.0692112 0.0418231 -0.00246432 0.0516493 0.0173839 0.998511
-0.0222121 0.0692112 0.0418231 -0.00246432 0.0516493 0.0173839 0.998511
-0.0222121 0.0692112 0.0418231 -0.00246432 0.0516493 0.0173839 0.998511
-0.0222121 0.0692112 0.0418231 -0.00246432 0.0516493 0.0173839 0.998511
-0.0222121 0.0692112 0.0418231 -0.00246432 0.0516493 0.0173839 0.998511
-0.0222121 0.0692112 0.0418231 -0.00246432 0.0516493 0.0173839 0.998511
