-0.00285727 -0.73943 2.47861 0.715239 -0.698667 0.0119078 0.012497
-0.00286327 -0.739389 2.47837 0.715164 -0.698745 0.0121237 0.012184
-0.00293339 -0.739182 2.47791 0.715201 -0.698709 0.0117233 0.0125215
-0.00295027 -0.73945 2.47873 0.715 -0.698914 0.0124102 0.01179
-0.00289093 -0.739527 2.47913 0.715154 -0.698769 0.0119948 0.0115425
-0.00294722 -0.739132 2.47753 0.715121 -0.698782 0.0125379 0.0121777
-0.00290229 -0.739455 2.47853 0.715072 -0.698847 0.0120926 0.0117615
-0.00287996 -0.739527 2.47889 0.715048 -0.698873 0.0120844 0.011674
-0.0028968 -0.739314 2.47826 0.715037 -0.698871 0.0127466 0.0117467
-0.00287003 -0.739225 2.47809 0.715076 -0.698838 0.0119207 0.0121808
-0.00293783 -0.739199 2.47787 0.715279 -0.698622 0.0120804 0.0125686
-0.00292607 -0.739452 2.4787 0.715152 -0.698762 0.01226 0.011829
-0.00293137 -0.739466 2.47871 0.715229 -0.698697 0.0115479 0.01168
-0.0029043 -0.739413 2.47856 0.715221 -0.698684 0.01201 0.0124922
-0.00291065 -0.739138 2.47761 0.715154 -0.698741 0.012622 0.0124716
-0.00294962 -0.739602 2.4792 0.71506 -0.698867 0.0119459 0.0114653
-0.00290832 -0.7394 2.47846 0.715027 -0.698894 0.0123746 0.0114377
-0.00291153 -0.739436 2.47832 0.715024 -0.698879 0.0131198 0.0116906
-0.00294676 -0.739333 2.47828 0.715094 -0.698808 0.0125453 0.0122594
-0.00283343 -0.739361 2.47865 0.714991 -0.698938 0.0116762 0.011728
-0.00289636 -0.739315 2.47834 0.715249 -0.698654 0.0122194 0.012319
-0.00290728 -0.739226 2.47785 0.715242 -0.69866 0.0118972 0.0126936
-0.00290014 -0.739231 2.47755 0.715337 -0.698556 0.0125029 0.0125331
-0.00292227 -0.739111 2.47751 0.715104 -0.698787 0.0128132 0.0126112
-0.00290825 -0.739235 2.47811 0.714988 -0.698919 0.0125643 0.0121036
-0.00292503 -0.739322 2.47842 0.715213 -0.698699 0.0117462 0.0123118
-0.00284685 -0.73963 2.47929 0.715094 -0.698834 0.0116049 0.0117288
-0.00289485 -0.739298 2.47792 0.715144 -0.698767 0.0119293 0.0122978
-0.00295673 -0.739407 2.47834 0.714912 -0.698993 0.0129947 0.0118735
-0.00286901 -0.739052 2.47748 0.715179 -0.698721 0.0122201 0.0125827
-0.00289547 -0.739411 2.4786 0.715056 -0.698858 0.0121705 0.0119919
-0.00295783 -0.739456 2.47861 0.715102 -0.698816 0.012039 0.0118502
-0.00289277 -0.739449 2.47858 0.715187 -0.698728 0.01221 0.0117452
-0.00290525 -0.739166 2.47763 0.715148 -0.698745 0.0129526 0.0122822
-0.00291121 -0.739278 2.47823 0.715238 -0.698671 0.0122306 0.0119934
-0.00293089 -0.739296 2.47818 0.715135 -0.698778 0.0120231 0.0121025
-0.00289056 -0.739442 2.47852 0.714966 -0.698954 0.0123236 0.0116228
-0.00292819 -0.739495 2.47854 0.715033 -0.698881 0.0128468 0.0113442
-0.00290915 -0.739195 2.47777 0.715186 -0.69871 0.0124947 0.0124992
-0.00291357 -0.739161 2.47782 0.715121 -0.698785 0.0125435 0.0120233
-0.00285995 -0.739181 2.47787 0.715121 -0.698795 0.0118998 0.012072
-0.00292284 -0.739532 2.47881 0.715158 -0.698767 0.0117249 0.0116712
-0.00288068 -0.73926 2.47796 0.715093 -0.698811 0.012591 0.012079
-0.0029265 -0.739373 2.47849 0.715154 -0.698765 0.0116464 0.0121223
-0.00280916 -0.739137 2.47832 0.714827 -0.699127 0.0105991 0.0114698
-0.00116274 -0.739378 2.47788 0.713589 -0.700364 0.0123662 0.0113183
0.00033205 -0.739833 2.47694 0.712399 -0.70151 0.015963 0.0108146
0.00256442 -0.739453 2.47398 0.711107 -0.702779 0.0163459 0.0126987
0.00546629 -0.739715 2.47282 0.709662 -0.704133 0.0187512 0.0150026
0.00891027 -0.741465 2.48038 0.71104 -0.702981 0.00318741 0.0151896
0.0117559 -0.739795 2.47581 -0.704966 0.708993 -0.0187434 -0.00060033
0.0150093 -0.741794 2.48398 -0.706158 0.707944 -0.00523903 -0.0113213
0.0180352 -0.74057 2.48106 -0.702765 0.711277 -0.0121258 -0.00768137
0.0212759 -0.740041 2.48014 -0.702512 0.711527 -0.00938543 -0.0108487
0.0240857 -0.738889 2.47718 -0.700966 0.712995 -0.0116519 -0.0121854
0.0272656 -0.739009 2.47829 -0.698343 0.715592 -0.0135747 -0.00782751
0.0306108 -0.739143 2.4786 -0.697239 0.716637 -0.0127188 -0.0113333
0.0341914 -0.739379 2.47956 -0.695227 0.718585 -0.0132048 -0.0109383
0.0377201 -0.739005 2.47874 -0.692774 0.720952 -0.0141803 -0.00955769
0.0414219 -0.738138 2.47801 -0.690816 0.722836 -0.0123626 -0.0113231
0.0446351 -0.737868 2.47796 -0.689291 0.724285 -0.0123458 -0.0116839
0.0475104 -0.737513 2.47758 -0.687681 0.725811 -0.0131552 -0.0109435
0.0505195 -0.737066 2.47689 -0.685995 0.727371 -0.0146293 -0.0113309
0.0535472 -0.737011 2.47758 -0.684951 0.728365 -0.0138054 -0.0116371
0.0568625 -0.736598 2.47775 -0.683248 0.729968 -0.014382 -0.0105554
0.0600635 -0.735943 2.47685 -0.681856 0.731276 -0.0131512 -0.0116317
0.0633255 -0.735574 2.47706 -0.680046 0.732954 -0.0143241 -0.0105064
0.0662502 -0.735275 2.47787 -0.678603 0.734299 -0.013996 -0.0103545
0.0693909 -0.73488 2.47807 -0.677122 0.735679 -0.0133707 -0.0101573
0.0725242 -0.734172 2.47708 -0.675377 0.737275 -0.0136486 -0.0102321
0.0758658 -0.73378 2.47702 -0.673703 0.738794 -0.0147193 -0.00948531
0.0793667 -0.73336 2.477 -0.671743 0.740571 -0.0143925 -0.0104668
0.0829093 -0.732355 2.4761 -0.670343 0.741825 -0.0148246 -0.0107956
0.0860336 -0.731925 2.47718 -0.669253 0.74283 -0.0132035 -0.0113789
0.0889898 -0.730748 2.47573 -0.667412 0.744463 -0.0150584 -0.0104504
0.0921443 -0.73052 2.47673 -0.665407 0.746266 -0.0154913 -0.00892917
0.0955912 -0.729761 2.47593 -0.66434 0.747207 -0.0150465 -0.0103593
0.0991677 -0.729625 2.47667 -0.6624 0.748918 -0.0151912 -0.0108346
0.102445 -0.728845 2.47553 -0.660772 0.750351 -0.0148299 -0.0115597
0.10567 -0.728366 2.4756 -0.658667 0.752209 -0.0149995 -0.0107246
0.108884 -0.727968 2.47513 -0.656928 0.753718 -0.0144993 -0.0120281
0.11205 -0.727859 2.47575 -0.654561 0.755781 -0.0155848 -0.0100856
0.115313 -0.727379 2.47521 -0.652335 0.757692 -0.0146969 -0.012097
0.118728 -0.726733 2.47497 -0.64987 0.759808 -0.0152785 -0.0112642
0.12227 -0.726089 2.47531 -0.64748 0.761867 -0.0147117 -0.0105475
0.125274 -0.725476 2.47547 -0.645168 0.763806 -0.0158731 -0.0103435
0.128356 -0.724747 2.47474 -0.643216 0.765427 -0.0163537 -0.0112818
0.131393 -0.724313 2.47527 -0.641567 0.766816 -0.0166106 -0.01048
0.134509 -0.723844 2.4754 -0.639979 0.768143 -0.0162268 -0.010919
0.13747 -0.723105 2.47526 -0.638095 0.769712 -0.0161865 -0.010783
0.140308 -0.722342 2.47417 -0.636049 0.77137 -0.0175544 -0.0110308
0.143314 -0.721869 2.4742 -0.634097 0.772997 -0.0159347 -0.0119641
0.146335 -0.721488 2.47477 -0.632163 0.774574 -0.0166609 -0.011275
0.149396 -0.720932 2.47511 -0.630243 0.776133 -0.0170421 -0.0110283
0.152427 -0.720186 2.47485 -0.627976 0.777968 -0.0173753 -0.0104739
0.155649 -0.719417 2.47501 -0.626166 0.779443 -0.0166822 -0.0103484
0.158842 -0.718657 2.47483 -0.624823 0.780522 -0.0162104 -0.0108936
0.162182 -0.717783 2.47504 -0.622998 0.781981 -0.0162175 -0.0107633
0.165228 -0.716778 2.47476 -0.621321 0.783315 -0.0166251 -0.0100621
0.168252 -0.715827 2.47415 -0.619265 0.78494 -0.0160759 -0.0110082
0.171481 -0.715369 2.47452 -0.617331 0.786449 -0.0163899 -0.011474
0.174741 -0.714834 2.47524 -0.615216 0.788109 -0.0166692 -0.0107765
0.177874 -0.713625 2.47381 -0.613218 0.789624 -0.0180858 -0.0113841
0.181125 -0.712993 2.47456 -0.611186 0.791243 -0.0165776 -0.0105502
0.184493 -0.712179 2.47489 -0.609201 0.792767 -0.0169203 -0.0104339
0.187735 -0.711195 2.47507 -0.607694 0.793934 -0.0163196 -0.0104719
0.190926 -0.71002 2.47465 -0.6057 0.795471 -0.0155568 -0.0105951
0.194211 -0.709014 2.47508 -0.603647 0.797013 -0.0163109 -0.0106606
0.197399 -0.707751 2.47501 -0.60169 0.798485 -0.016882 -0.0103067
0.200446 -0.706438 2.47489 -0.600481 0.799418 -0.015493 -0.0106643
0.203519 -0.705188 2.47458 -0.598494 0.800885 -0.0166235 -0.0105891
0.20668 -0.704331 2.47523 -0.596671 0.80225 -0.0166894 -0.00998324
0.209789 -0.703078 2.47469 -0.595506 0.803123 -0.0159375 -0.0106114
0.212725 -0.701995 2.47457 -0.593781 0.80439 -0.0164648 -0.0104601
0.215915 -0.701326 2.47572 -0.592262 0.805537 -0.0152744 -0.0101124
0.218801 -0.700139 2.47504 -0.590476 0.806834 -0.0157065 -0.0105004
0.221822 -0.699196 2.47602 -0.588959 0.80796 -0.0150563 -0.0100438
0.224615 -0.697265 2.47382 -0.587527 0.808985 -0.0159702 -0.00998347
0.227913 -0.696415 2.47477 -0.585543 0.810419 -0.0162972 -0.00976608
0.231145 -0.695677 2.47574 -0.583711 0.811752 -0.0156192 -0.00980549
0.234496 -0.694508 2.47496 -0.580891 0.813761 -0.0165907 -0.00911964
0.237475 -0.693706 2.47522 -0.579099 0.815045 -0.0156676 -0.0100296
0.239831 -0.69262 2.47433 -0.576764 0.816671 -0.0171987 -0.00984287
0.24237 -0.691805 2.47553 -0.57438 0.818369 -0.0166806 -0.00908146
0.245226 -0.690798 2.47529 -0.572081 0.81997 -0.0164047 -0.0101482
0.2481 -0.689459 2.47421 -0.569761 0.82156 -0.0175689 -0.0101076
0.251059 -0.688291 2.47441 -0.567666 0.823014 -0.0173709 -0.0100417
0.253858 -0.687155 2.47478 -0.565372 0.824604 -0.0178496 -0.00804182
0.256681 -0.68562 2.47361 -0.56279 0.826339 -0.0185248 -0.0093535
0.259615 -0.684371 2.47379 -0.560619 0.827828 -0.0178292 -0.0094486
0.262598 -0.683303 2.47476 -0.558396 0.829335 -0.0181136 -0.0083251
0.265834 -0.682093 2.47481 -0.555407 0.831355 -0.0167096 -0.0096271
0.269002 -0.680124 2.47381 -0.55271 0.833153 -0.0165791 -0.00964177
0.272062 -0.679043 2.47474 -0.550087 0.834884 -0.0174615 -0.00826108
0.274607 -0.677306 2.47295 -0.548039 0.836188 -0.0189709 -0.00910751
0.277296 -0.676214 2.47344 -0.546081 0.837479 -0.0187235 -0.00856288
0.280134 -0.675185 2.47373 -0.543926 0.838867 -0.0195913 -0.00789865
0.282949 -0.673707 2.47302 -0.542156 0.840014 -0.0193998 -0.0081721
0.285975 -0.672692 2.47426 -0.540056 0.84138 -0.018994 -0.007641
0.288675 -0.671141 2.47354 -0.537469 0.84302 -0.0197672 -0.00728326
0.291504 -0.669702 2.47308 -0.535603 0.844207 -0.0195247 -0.00789239
0.294267 -0.668293 2.47308 -0.533393 0.845605 -0.0199578 -0.00677134
0.297006 -0.666719 2.47221 -0.53086 0.847207 -0.0194109 -0.00714727
0.300114 -0.665896 2.47381 -0.529079 0.848345 -0.0180039 -0.00782498
0.303222 -0.664206 2.47343 -0.526146 0.850159 -0.0191932 -0.00562676
0.306351 -0.662432 2.473 -0.524174 0.851388 -0.0184765 -0.00621942
0.309288 -0.660716 2.47235 -0.522012 0.852699 -0.0192491 -0.0060691
0.314621 -0.657786 2.47258 -0.517419 0.855485 -0.0198108 -0.00554219
0.317421 -0.656096 2.47208 -0.51533 0.85675 -0.0196357 -0.00543715
0.320231 -0.65435 2.47117 -0.513325 0.857918 -0.0208096 -0.00645825
0.32316 -0.652993 2.47179 -0.51068 0.8595 -0.0209297 -0.00529857
0.325942 -0.651319 2.47139 -0.508877 0.8606 -0.0193697 -0.00602575
0.328796 -0.649586 2.47128 -0.506713 0.861874 -0.0194009 -0.00621567
0.331645 -0.647775 2.47103 -0.504652 0.863094 -0.019001 -0.00586919
0.334724 -0.64626 2.4721 -0.501858 0.864713 -0.0195599 -0.00520836
0.337804 -0.644143 2.47084 -0.499589 0.866017 -0.0197687 -0.00592737
0.340833 -0.642092 2.47033 -0.497544 0.867196 -0.0197289 -0.0055916
0.343763 -0.640426 2.47036 -0.495618 0.868275 -0.0206777 -0.00580199
0.346449 -0.638868 2.47078 -0.493279 0.869585 -0.0217203 -0.00500128
0.349206 -0.637154 2.47016 -0.491563 0.870557 -0.0216055 -0.00532752
0.352012 -0.636053 2.47106 -0.489962 0.87146 -0.0215484 -0.00554306
0.354538 -0.634845 2.47121 -0.487439 0.872903 -0.0204991 -0.00482867
0.356941 -0.633362 2.47042 -0.484768 0.874382 -0.020686 -0.0053181
0.359393 -0.631891 2.46963 -0.48203 0.875892 -0.0208084 -0.00517812
0.361998 -0.630636 2.46988 -0.479423 0.877327 -0.0206544 -0.00483775
0.364379 -0.62889 2.46915 -0.476642 0.87883 -0.0212022 -0.00460327
0.366866 -0.62738 2.46948 -0.473889 0.88029 -0.0224297 -0.00406826
0.369535 -0.625832 2.46983 -0.470951 0.881827 -0.0241418 -0.00161068
0.371809 -0.623789 2.46819 -0.469228 0.882827 -0.0207188 -0.00357738
0.374173 -0.622502 2.46854 -0.466445 0.884306 -0.0204757 -0.00341386
0.376475 -0.620955 2.46831 -0.463831 0.885624 -0.0227916 -0.00339133
0.37922 -0.619242 2.46868 -0.461469 0.886877 -0.0219024 -0.00389613
0.381597 -0.617048 2.46703 -0.458918 0.888149 -0.0238976 -0.00383438
0.384155 -0.615461 2.46789 -0.456899 0.889229 -0.0224568 -0.00335146
0.386581 -0.613746 2.46769 -0.454596 0.890407 -0.0225028 -0.00340622
0.388842 -0.611806 2.46731 -0.452517 0.891437 -0.0235375 -0.00377538
0.391361 -0.609921 2.46828 -0.4504 0.892555 -0.021937 -0.00210828
0.393865 -0.607615 2.46767 -0.448577 0.893443 -0.022957 -0.00319865
0.396406 -0.605602 2.46753 -0.445707 0.894867 -0.0235816 -0.00178241
0.398767 -0.60357 2.46662 -0.443479 0.896008 -0.0220169 -0.00344042
0.4013 -0.601959 2.46758 -0.44081 0.897306 -0.0228668 -0.00245481
0.40356 -0.599933 2.46661 -0.438403 0.898468 -0.0234432 -0.00276037
0.405802 -0.597905 2.46683 -0.436517 0.899379 -0.0237923 -0.0020418
0.408186 -0.595837 2.46672 -0.434625 0.900286 -0.0241226 -0.00223223
0.410438 -0.593569 2.46555 -0.432981 0.901087 -0.0237539 -0.00221288
0.412779 -0.59157 2.46576 -0.43151 0.901827 -0.022471 -0.00158164
0.414987 -0.589361 2.46634 -0.429305 0.902877 -0.0225642 -0.000614223
0.417083 -0.587055 2.46617 -0.42744 0.903763 -0.0225193 6.83449e-05
0.41932 -0.585014 2.46631 -0.42558 0.904631 -0.022884 -0.00066046
0.42149 -0.582785 2.46585 -0.423643 0.905536 -0.0230403 0.000141718
0.42378 -0.580655 2.46621 -0.421888 0.906359 -0.0228656 0.000811137
0.426072 -0.57835 2.46578 -0.419782 0.907367 -0.0216416 0.000138554
0.428282 -0.575671 2.46396 -0.417148 0.908546 -0.0230466 -0.000786119
0.430785 -0.573653 2.46542 -0.416145 0.909037 -0.0217845 -0.000134396
0.432846 -0.571476 2.46584 -0.414398 0.909868 -0.020362 4.07779e-05
0.434569 -0.56881 2.46465 -0.412194 0.910805 -0.0230368 0.000803736
0.436954 -0.566778 2.46534 -0.41021 0.911716 -0.0223416 0.00131563
0.439389 -0.56443 2.46547 -0.408898 0.912325 -0.021523 0.00164944
0.441622 -0.561777 2.46405 -0.406938 0.913182 -0.0223525 0.000260823
0.443885 -0.5594 2.46405 -0.404547 0.914214 -0.0235144 0.0013507
0.44607 -0.556955 2.46362 -0.402376 0.915218 -0.0216666 0.00100951
0.448735 -0.555162 2.46504 -0.400501 0.916054 -0.0210436 0.00134429
0.45084 -0.552891 2.46372 -0.397962 0.917069 -0.0246034 0.00210533
0.453117 -0.550505 2.46328 -0.394695 0.918497 -0.0239911 0.00193305
0.455653 -0.54788 2.46374 -0.392035 0.919695 -0.0216548 0.00109445
0.457982 -0.545609 2.46461 -0.389236 0.920859 -0.0225336 0.00260042
0.459549 -0.542793 2.46098 -0.386756 0.921765 -0.0277376 0.000988185
0.462103 -0.54086 2.46422 -0.384434 0.922897 -0.0215294 0.00305554
0.463567 -0.538108 2.46047 -0.381637 0.923961 -0.0254746 0.000526952
0.466563 -0.536461 2.46357 -0.379855 0.924686 -0.0253931 0.00455107
0.46798 -0.533676 2.46007 -0.376687 0.925949 -0.0266526 0.00387946
0.470308 -0.531818 2.46179 -0.374978 0.9267 -0.0245981 0.00360414
0.473038 -0.529997 2.46407 -0.3728 0.927606 -0.0237039 0.00255746
0.474948 -0.527428 2.46296 -0.371108 0.928317 -0.0225049 0.000627143
0.476876 -0.525049 2.46224 -0.368261 0.929435 -0.0230193 0.00219446
0.479198 -0.522938 2.46252 -0.365308 0.930591 -0.0233561 0.00197471
0.4817 -0.520312 2.46288 -0.362681 0.931609 -0.0237355 0.00192209
0.483906 -0.517418 2.46227 -0.36138 0.932157 -0.0220704 0.000327926
0.486067 -0.514915 2.46213 -0.358856 0.933098 -0.0233578 0.00238644
0.487983 -0.512792 2.46255 -0.356694 0.933958 -0.0220364 0.00273154
0.489572 -0.510105 2.46093 -0.354214 0.934844 -0.0243732 0.00214509
0.49189 -0.507858 2.46248 -0.35192 0.93573 -0.0234992 0.00296328
0.493986 -0.505295 2.46205 -0.349588 0.936655 -0.0215114 0.0016982
0.496278 -0.503085 2.46267 -0.347269 0.937504 -0.0219913 0.00254276
0.498268 -0.500548 2.462 -0.344959 0.938352 -0.0221185 0.00299748
0.500169 -0.49773 2.46089 -0.342796 0.939105 -0.0238272 0.00198169
0.502276 -0.49513 2.46167 -0.340831 0.939867 -0.0217606 0.00332999
0.504352 -0.492645 2.46231 -0.338041 0.940887 -0.0210984 0.0038352
0.506593 -0.490005 2.46159 -0.33471 0.942068 -0.0216705 0.00284643
0.508807 -0.487024 2.46126 -0.332374 0.942917 -0.0206794 0.00263519
0.510829 -0.484478 2.46152 -0.330291 0.943601 -0.0227496 0.00259774
0.512881 -0.481813 2.46181 -0.327903 0.944434 -0.0226933 0.00305666
0.514701 -0.478929 2.46127 -0.325936 0.945138 -0.0217672 0.00236885
0.516788 -0.476363 2.46106 -0.324207 0.945729 -0.0219953 0.00158354
0.518796 -0.474124 2.46093 -0.321842 0.946515 -0.0228074 0.00249567
0.520856 -0.471802 2.46113 -0.319455 0.947306 -0.0235978 0.00202488
0.52259 -0.469288 2.46105 -0.317449 0.947995 -0.0229302 0.00240185
0.524378 -0.466622 2.46124 -0.315391 0.94865 -0.0240579 0.00360135
0.526117 -0.46375 2.46072 -0.313944 0.949162 -0.0227812 0.0034755
0.528033 -0.46134 2.46173 -0.312019 0.949859 -0.0200569 0.00312914
0.529534 -0.458325 2.45989 -0.30955 0.950604 -0.0228094 0.00312127
0.531663 -0.456144 2.46137 -0.307675 0.951229 -0.0220464 0.0037316
0.533403 -0.453866 2.46196 -0.304778 0.952127 -0.0232007 0.00509565
0.534759 -0.451334 2.46054 -0.302442 0.952855 -0.0240654 0.004149
0.536665 -0.449076 2.46138 -0.300087 0.953664 -0.0214652 0.00334792
0.53849 -0.446389 2.46048 -0.297579 0.954462 -0.0210734 0.00196479
0.540446 -0.443983 2.46134 -0.295114 0.955209 -0.0217618 0.00314906
0.542088 -0.441243 2.46082 -0.292234 0.956049 -0.0235857 0.00356076
0.54395 -0.438739 2.46207 -0.289673 0.956863 -0.0220459 0.00403042
0.545119 -0.435755 2.46015 -0.287367 0.957556 -0.0224371 0.0019837
0.546715 -0.433293 2.46 -0.285037 0.95829 -0.0207217 0.00212896
0.548321 -0.430758 2.45991 -0.282006 0.959113 -0.0238245 0.00269718
0.550487 -0.428264 2.46145 -0.279041 0.960031 -0.0216573 0.002882
0.552142 -0.425352 2.46051 -0.27598 0.960916 -0.0216837 0.00213781
0.553725 -0.42298 2.46069 -0.273148 0.961697 -0.022807 0.00293756
0.55503 -0.420353 2.45962 -0.27056 0.962413 -0.0235149 0.00217498
0.556913 -0.41794 2.46089 -0.268332 0.963045 -0.0230638 0.00319556
0.558521 -0.415183 2.46047 -0.266597 0.96356 -0.0217539 0.00217423
0.560092 -0.412635 2.46113 -0.264497 0.964147 -0.0213366 0.0026993
0.561778 -0.409876 2.46066 -0.262064 0.964803 -0.0217233 0.00255618
0.56348 -0.407265 2.46031 -0.259876 0.965398 -0.0216005 0.00210127
0.564745 -0.404563 2.45916 -0.257271 0.966067 -0.0228968 0.00165172
0.56643 -0.402347 2.46018 -0.254875 0.96669 -0.0232468 0.0028557
0.567861 -0.399985 2.46087 -0.252428 0.967349 -0.0223838 0.00388337
0.569164 -0.397248 2.45989 -0.249377 0.968084 -0.0247741 0.00336154
0.570967 -0.394336 2.46039 -0.246678 0.968846 -0.0218646 0.00314485
0.572516 -0.391139 2.45989 -0.244796 0.969311 -0.0224221 0.00296528
0.573827 -0.388395 2.46035 -0.242357 0.96993 -0.0219841 0.0039578
0.574865 -0.385669 2.45935 -0.239653 0.970544 -0.0243863 0.00391527
0.576285 -0.383104 2.45995 -0.237323 0.971136 -0.0234034 0.00497638
0.57773 -0.380376 2.45975 -0.235134 0.971689 -0.022643 0.00447477
0.579112 -0.377424 2.45908 -0.232674 0.972244 -0.0242687 0.00388022
0.581201 -0.374794 2.46138 -0.230761 0.972751 -0.0217245 0.00574453
0.581497 -0.371327 2.45715 -0.226743 0.973543 -0.0279755 0.00440667
0.583505 -0.368571 2.45947 -0.225838 0.973921 -0.0213806 0.00418242
0.584512 -0.365539 2.45831 -0.222564 0.974543 -0.026522 0.0052794
0.586615 -0.362525 2.45958 -0.220339 0.975193 -0.0207998 0.00400021
0.588135 -0.358838 2.45848 -0.216547 0.975986 -0.0232238 0.00438254
0.589737 -0.355702 2.45892 -0.214877 0.976361 -0.0229873 0.00427797
0.590938 -0.35252 2.45844 -0.212742 0.976792 -0.0243338 0.00504876
0.592183 -0.349806 2.45863 -0.210338 0.977303 -0.0247354 0.00503214
0.593554 -0.347075 2.4596 -0.208166 0.977792 -0.0236078 0.00568359
0.594569 -0.344268 2.4586 -0.205614 0.978269 -0.0260488 0.00587924
0.595775 -0.341592 2.45835 -0.203345 0.978771 -0.0250924 0.00530323
0.597291 -0.339092 2.45895 -0.200769 0.979325 -0.023896 0.0065286
0.598614 -0.336575 2.45841 -0.197238 0.980017 -0.0250487 0.00597913
0.599938 -0.333988 2.45792 -0.194006 0.980645 -0.0257443 0.00590752
0.601225 -0.33121 2.45835 -0.191411 0.981171 -0.0250611 0.00611168
0.602542 -0.328471 2.45881 -0.188623 0.981757 -0.0231082 0.00637069
0.603684 -0.325497 2.45772 -0.184732 0.982442 -0.0252319 0.00677305
0.604954 -0.322533 2.45759 -0.182062 0.982994 -0.0231191 0.00640054
0.606281 -0.320082 2.45878 -0.179116 0.98347 -0.0256917 0.00669922
0.606963 -0.317419 2.45817 -0.176413 0.98396 -0.0256136 0.00667843
0.607887 -0.314531 2.45791 -0.173459 0.984486 -0.0255642 0.00672953
0.608808 -0.311559 2.45725 -0.171114 0.984922 -0.0246932 0.00623951
0.610097 -0.308775 2.45798 -0.16848 0.985369 -0.0247225 0.0071933
0.611301 -0.305861 2.45827 -0.165514 0.98587 -0.0247408 0.0072387
0.612279 -0.30285 2.45753 -0.162504 0.986336 -0.0262552 0.00666593
0.613026 -0.29978 2.45635 -0.159343 0.986816 -0.0275121 0.00682423
0.614102 -0.296578 2.45557 -0.157045 0.987272 -0.0244044 0.00601223
0.615628 -0.293941 2.45793 -0.154392 0.987709 -0.0232792 0.00721678
0.616815 -0.290747 2.45737 -0.150399 0.988259 -0.0258919 0.0072926
0.618252 -0.287484 2.45782 -0.147136 0.988775 -0.0248282 0.00761443
0.619094 -0.284319 2.45698 -0.14378 0.989244 -0.0259918 0.00692847
0.620426 -0.281519 2.45779 -0.141297 0.989624 -0.0250282 0.00729151
0.621494 -0.278487 2.45761 -0.138536 0.990054 -0.0235134 0.00686023
0.62245 -0.275303 2.45678 -0.136321 0.990361 -0.0235152 0.00700854
0.623637 -0.272212 2.45711 -0.133698 0.99068 -0.0248863 0.00763955
0.624724 -0.268963 2.45763 -0.131365 0.991031 -0.0229962 0.00848399
0.625794 -0.266024 2.45904 -0.128955 0.991373 -0.0216269 0.00912952
0.626323 -0.26316 2.45824 -0.125559 0.991725 -0.0247566 0.0101637
0.626949 -0.260251 2.45743 -0.12362 0.991983 -0.0244991 0.00941173
0.628011 -0.257257 2.45793 -0.121007 0.992328 -0.0233043 0.0099569
0.629044 -0.254101 2.45803 -0.118049 0.992699 -0.0226056 0.010148
0.62985 -0.250946 2.45746 -0.115289 0.992988 -0.0239899 0.0104122
0.630977 -0.248239 2.45863 -0.112766 0.993292 -0.0233113 0.0105271
0.631435 -0.245297 2.45758 -0.109907 0.993575 -0.0247367 0.0108123
0.632333 -0.242187 2.45767 -0.107436 0.993876 -0.0238771 0.00990526
0.632967 -0.23886 2.45666 -0.104769 0.994151 -0.0244233 0.00956978
0.634132 -0.235733 2.45767 -0.10306 0.994371 -0.0223671 0.0102643
0.634995 -0.232565 2.45777 -0.10066 0.994593 -0.0230449 0.0110055
0.635532 -0.229333 2.45757 -0.0982311 0.994858 -0.0224021 0.0103405
0.636259 -0.226314 2.45822 -0.0957613 0.995066 -0.0233213 0.0113449
0.636954 -0.223196 2.45831 -0.0933641 0.995312 -0.0224712 0.0115042
0.637369 -0.220174 2.45798 -0.0908663 0.995549 -0.0222907 0.0113648
0.63785 -0.2171 2.45741 -0.0878839 0.995816 -0.0229944 0.00989266
0.638285 -0.213846 2.45747 -0.0847318 0.996077 -0.0234318 0.0100647
0.638801 -0.210649 2.45828 -0.0824547 0.996296 -0.0216853 0.0112134
0.638899 -0.20735 2.45684 -0.0796573 0.996529 -0.0219596 0.010104
0.639333 -0.204161 2.45696 -0.0772127 0.996741 -0.0212564 0.00972008
0.639997 -0.201009 2.45717 -0.0747555 0.996939 -0.0211018 0.00889443
0.640712 -0.197949 2.45807 -0.0723495 0.997072 -0.022252 0.0108189
0.640887 -0.194763 2.45702 -0.0699302 0.99727 -0.0218695 0.00917246
0.641352 -0.191471 2.45723 -0.0673493 0.997461 -0.0210997 0.00952419
0.641636 -0.188482 2.45733 -0.0652934 0.997592 -0.0212508 0.00981612
0.641726 -0.185558 2.45678 -0.0628032 0.997747 -0.0211878 0.0103476
0.642216 -0.182716 2.45811 -0.06077 0.997887 -0.0200039 0.0113234
0.642486 -0.179264 2.45759 -0.0578781 0.998041 -0.0208351 0.0113707
0.642889 -0.175578 2.45757 -0.0552207 0.998228 -0.0196065 0.0103172
0.642626 -0.171981 2.45698 -0.0537822 0.998327 -0.018056 0.0111216
0.643013 -0.168568 2.45784 -0.0523437 0.998409 -0.0168269 0.0125173
0.643077 -0.165486 2.45771 -0.0499349 0.998511 -0.0183022 0.0121037
0.642752 -0.162254 2.45624 -0.0470928 0.998622 -0.0204394 0.010853
0.643202 -0.158886 2.45712 -0.044665 0.99874 -0.0189291 0.0128259
0.643309 -0.155584 2.45698 -0.0426061 0.998849 -0.0179053 0.0128388
0.643674 -0.152262 2.45689 -0.0397221 0.99894 -0.0193139 0.0129753
0.643855 -0.14886 2.45654 -0.0372534 0.999073 -0.0178042 0.0122191
0.644266 -0.145463 2.45771 -0.0352532 0.99912 -0.0181939 0.0136014
0.644288 -0.141805 2.45762 -0.0327196 0.999201 -0.0171445 0.0152396
0.644108 -0.13795 2.45664 -0.029511 0.999315 -0.0170533 0.0144457
0.643502 -0.134173 2.45533 -0.0260572 0.999401 -0.01841 0.0134052
0.643759 -0.131072 2.45653 -0.0243873 0.999469 -0.0157302 0.014792
0.643909 -0.127768 2.45716 -0.022147 0.999494 -0.0167638 0.0155028
0.64355 -0.124472 2.45622 -0.019969 0.999559 -0.0164167 0.0146358
0.643578 -0.121111 2.45637 -0.0179254 0.999601 -0.016144 0.014678
0.643599 -0.117941 2.45637 -0.0165095 0.999671 -0.0120224 0.0155344
0.643679 -0.114716 2.45653 -0.0139108 0.999631 -0.016647 0.0163317
0.643304 -0.111383 2.45558 -0.0115085 0.999665 -0.0173575 0.0153378
0.643644 -0.107881 2.45719 -0.00965112 0.999695 -0.0149609 0.0171439
0.643083 -0.104344 2.45509 -0.00628693 0.99966 -0.0190554 0.0166223
0.643453 -0.100943 2.45555 -0.00549239 0.999735 -0.0143249 0.0171817
0.643694 -0.0976616 2.45548 -0.00240735 0.999819 -0.0147648 0.0117551
0.642152 -0.0938847 2.44852 2.24676e-05 0.999978 -0.00278748 0.0059965
0.645337 -0.0909906 2.46123 0.00322885 0.99984 -0.00970577 0.0146728
0.643517 -0.0883797 2.45474 0.00561805 0.999797 -0.014889 0.0123923
0.642369 -0.0856725 2.45158 0.00856255 0.99971 -0.0182227 0.0132152
0.64254 -0.0829518 2.45372 0.0118376 0.999637 -0.0197963 0.0139555
0.643385 -0.0797567 2.45648 0.0152625 0.999573 -0.0145764 0.0202329
0.643264 -0.0765044 2.4561 0.0169905 0.999641 -0.0101539 0.0180326
0.642524 -0.0733382 2.45384 0.0205149 0.99956 -0.0148523 0.0154445
0.642063 -0.0702853 2.45244 0.0233473 0.999442 -0.0179451 0.015755
0.64222 -0.0672282 2.45385 0.026007 0.999438 -0.013033 0.0166571
0.642015 -0.0639911 2.45399 0.0283677 0.999372 -0.0118895 0.0176189
0.64152 -0.060702 2.45277 0.0320276 0.999283 -0.0135855 0.014954
0.641031 -0.0571472 2.45199 0.0353738 0.999167 -0.0146301 0.0141091
0.640691 -0.0536917 2.45252 0.038386 0.999049 -0.0140722 0.0151349
0.640157 -0.0505397 2.45147 0.0409038 0.99899 -0.0127184 0.0135484
0.639962 -0.0475101 2.45251 0.0433502 0.998891 -0.0119252 0.0139444
0.639442 -0.0443545 2.45202 0.0455139 0.998786 -0.0125274 0.0140418
0.639064 -0.0412014 2.451 0.0479152 0.998669 -0.0139088 0.0130867
0.638588 -0.038094 2.45051 0.0501488 0.998578 -0.0122751 0.013269
0.638677 -0.0350718 2.45094 0.0530044 0.998431 -0.0116258 0.013809
0.638417 -0.0322385 2.45085 0.0555937 0.998282 -0.0120336 0.0140685
0.638298 -0.0293363 2.45143 0.0584083 0.998093 -0.0132926 0.0149173
0.637847 -0.0263963 2.45094 0.0607836 0.997958 -0.012786 0.0148863
0.636955 -0.0233283 2.44878 0.0639592 0.997748 -0.0150132 0.0134893
0.636666 -0.0202557 2.44917 0.0664287 0.997602 -0.0134862 0.0140093
0.636249 -0.0172457 2.4493 0.0688319 0.997458 -0.0120762 0.013906
0.635846 -0.0141582 2.44963 0.0711535 0.997262 -0.0135638 0.0148782
0.635327 -0.0109316 2.45015 0.073677 0.997078 -0.012558 0.0157833
0.63411 -0.00760052 2.44742 0.0766216 0.996868 -0.0145294 0.0131544
0.633882 -0.0043844 2.44824 0.07867 0.996723 -0.0119847 0.0144979
0.633382 -0.0012921 2.44821 0.0808582 0.996548 -0.0125698 0.0139993
0.632923 0.00169426 2.44874 0.0834838 0.996331 -0.0114281 0.0149579
0.631838 0.00486307 2.44713 0.086156 0.996079 -0.0138439 0.0145511
0.631309 0.00805888 2.44741 0.0882446 0.995921 -0.0116268 0.0148011
0.630351 0.0111666 2.44621 0.0908345 0.995692 -0.0126017 0.0136851
0.629664 0.0143701 2.44612 0.0935975 0.995435 -0.0127285 0.0136776
0.628985 0.0178754 2.4465 0.0960808 0.995202 -0.0112337 0.0146982
0.628219 0.0210722 2.44653 0.0984597 0.994957 -0.0127325 0.0142622
0.627179 0.0242304 2.44516 0.100685 0.994738 -0.013452 0.0133358
0.626666 0.0273208 2.44581 0.10274 0.994551 -0.0109695 0.0138955
0.626216 0.0304261 2.4465 0.10512 0.994288 -0.0102113 0.0153774
0.625614 0.0334485 2.44602 0.107266 0.994052 -0.0109158 0.0153266
0.625041 0.0364799 2.44583 0.109216 0.993849 -0.0101427 0.0152697
0.624245 0.0393233 2.44516 0.112003 0.993539 -0.0115259 0.0142679
0.623453 0.0419282 2.44488 0.114442 0.993255 -0.0118555 0.0143547
0.622669 0.0445823 2.44428 0.117301 0.992906 -0.0133476 0.0141352
0.621743 0.0473167 2.44334 0.119941 0.992599 -0.0130837 0.0137589
0.621149 0.0501956 2.4436 0.123183 0.992189 -0.0131928 0.0145864
0.620555 0.0531722 2.4438 0.125882 0.991871 -0.0115289 0.0145881
0.619278 0.0562573 2.44167 0.129185 0.991474 -0.0103773 0.0135469
0.618723 0.0591508 2.44261 0.132007 0.991053 -0.0125277 0.0152225
0.618012 0.06192 2.44255 0.134915 0.99068 -0.012054 0.0143236
0.616932 0.0647948 2.4413 0.137921 0.990268 -0.0126859 0.0136143
0.616268 0.0678894 2.44123 0.140906 0.989834 -0.0135801 0.0137798
0.615754 0.0707709 2.44221 0.143817 0.989402 -0.0130818 0.015151
0.614725 0.0735988 2.44126 0.146743 0.988978 -0.01352 0.0143651
0.613685 0.0763397 2.44093 0.14929 0.988595 -0.0140677 0.0139557
0.612771 0.0793502 2.4411 0.152089 0.988172 -0.0133009 0.0144603
0.611791 0.0823607 2.44117 0.154833 0.987719 -0.0138789 0.0156318
0.610381 0.0854466 2.43966 0.157709 0.9873 -0.0129051 0.0141217
0.609508 0.0885995 2.44005 0.161489 0.986672 -0.0145565 0.0136837
0.608112 0.0917008 2.44002 0.164813 0.986116 -0.0140381 0.0146523
0.607227 0.0945385 2.43976 0.167224 0.985723 -0.0151434 0.0125339
0.606245 0.0973158 2.43986 0.169562 0.985312 -0.0137098 0.0148896
0.605222 0.099878 2.43936 0.17218 0.984847 -0.0143839 0.0149428
0.604516 0.102634 2.43978 0.174599 0.984403 -0.0150761 0.0154765
0.603262 0.105485 2.43918 0.176925 0.98399 -0.0153869 0.0149925
0.60211 0.108549 2.43913 0.179331 0.983584 -0.013675 0.0147124
0.600932 0.111606 2.43898 0.181967 0.983058 -0.0153779 0.015776
0.600069 0.114621 2.44006 0.184257 0.98262 -0.0150353 0.0167514
0.598686 0.117386 2.43847 0.187023 0.982113 -0.0154817 0.0153795
0.597986 0.120321 2.44005 0.189025 0.981735 -0.0119942 0.017936
0.596588 0.123152 2.43924 0.191941 0.981127 -0.0149613 0.0180305
0.595175 0.126334 2.43812 0.19524 0.980514 -0.0138579 0.0167668
0.593998 0.129521 2.43848 0.197762 0.980004 -0.0148905 0.016135
0.592949 0.132276 2.43909 0.200254 0.979489 -0.0145281 0.0170049
0.591563 0.134923 2.43902 0.201874 0.979161 -0.0141213 0.0170488
0.589839 0.137617 2.43819 0.204018 0.978712 -0.0147094 0.0168451
0.58858 0.140599 2.43934 0.205928 0.978311 -0.0129709 0.0182481
0.586811 0.143548 2.43795 0.207902 0.9779 -0.0130099 0.0178499
0.585283 0.146698 2.4374 0.210259 0.97741 -0.0132244 0.0169315
0.584293 0.149716 2.43894 0.212676 0.976842 -0.0135784 0.0190967
0.582891 0.152662 2.4387 0.214933 0.97638 -0.0118109 0.0186193
0.581243 0.155397 2.43744 0.217437 0.975831 -0.0137743 0.0168776
0.579721 0.158278 2.43703 0.219702 0.975328 -0.0125915 0.0175435
0.578404 0.161342 2.43765 0.222372 0.97472 -0.0115398 0.0184163
0.576973 0.164536 2.43824 0.225743 0.973936 -0.0123798 0.0183361
0.575003 0.167076 2.43663 0.228131 0.973415 -0.00983601 0.0179543
0.573992 0.170167 2.43858 0.230496 0.972825 -0.010082 0.0195248
0.572369 0.172787 2.43767 0.233414 0.972148 -0.0117027 0.0176077
0.570723 0.175302 2.43643 0.235415 0.971677 -0.0115447 0.0170598
0.569412 0.177916 2.43693 0.237429 0.971187 -0.0119415 0.0167413
0.568305 0.180656 2.43879 0.239537 0.970641 -0.00811579 0.0203101
0.566379 0.183095 2.43757 0.241772 0.970106 -0.00835621 0.019274
0.564558 0.185459 2.43671 0.243711 0.969626 -0.00879949 0.0188036
0.56291 0.187941 2.43663 0.246199 0.969012 -0.00860443 0.0180855
0.561118 0.190433 2.43585 0.248571 0.96838 -0.0106632 0.0184271
0.559704 0.193192 2.43707 0.251255 0.967663 -0.0112581 0.0193073
0.557734 0.195767 2.43583 0.253204 0.967184 -0.00933133 0.0188472
0.555942 0.198368 2.43599 0.255071 0.966665 -0.0106746 0.0195746
0.554089 0.201262 2.43641 0.256688 0.966241 -0.00864145 0.0203568
0.552168 0.204039 2.43528 0.259292 0.965591 -0.00829406 0.0182524
0.550461 0.206841 2.43527 0.261547 0.964971 -0.00859082 0.0187469
0.549069 0.209741 2.43568 0.264196 0.964231 -0.0104197 0.0187379
0.547484 0.212539 2.43508 0.26607 0.963744 -0.00755204 0.0186188
0.545642 0.215045 2.43451 0.268412 0.963083 -0.00871624 0.0187417
0.543699 0.217581 2.43398 0.270686 0.962435 -0.00900175 0.0191484
0.542063 0.220338 2.43521 0.272696 0.961864 -0.00825893 0.0196743
0.54008 0.223105 2.43481 0.274932 0.961228 -0.00818537 0.0196757
0.537847 0.225998 2.43393 0.27773 0.960433 -0.00831204 0.0191366
0.535927 0.228904 2.43449 0.279772 0.959817 -0.00576994 0.0210987
0.533969 0.23142 2.43419 0.281916 0.959197 -0.00706107 0.0203582
0.531964 0.233919 2.43383 0.283796 0.958662 -0.0066153 0.0195661
0.529872 0.236483 2.43323 0.285685 0.958109 -0.00475907 0.0196959
0.528213 0.239302 2.43381 0.287562 0.957549 -0.00679728 0.0190315
0.526319 0.242017 2.4339 0.289386 0.956984 -0.00618924 0.0199658
0.524324 0.244562 2.43352 0.291153 0.956447 -0.00301463 0.0207456
0.522375 0.247103 2.4333 0.293193 0.95579 -0.00565133 0.0217175
0.520289 0.249715 2.43328 0.294823 0.955304 -0.00303397 0.0215661
0.518003 0.252262 2.43252 0.296438 0.954797 -0.00528109 0.0214211
0.516114 0.254911 2.43254 0.298465 0.954164 -0.00412077 0.021739
0.513938 0.257468 2.4317 0.301304 0.953288 -0.00433704 0.0209356
0.511801 0.26009 2.43158 0.303638 0.95255 -0.00532623 0.020569
0.510043 0.262661 2.4316 0.305826 0.951838 -0.00579317 0.0210207
0.508339 0.265065 2.43114 0.308088 0.951128 -0.00543392 0.0201995
0.506494 0.267296 2.43063 0.311109 0.950165 -0.0064157 0.0189054
0.504509 0.269841 2.43046 0.313353 0.949392 -0.00279618 0.0213643
0.502689 0.272274 2.43059 0.315861 0.948568 -0.00331282 0.020976
0.500764 0.274587 2.43062 0.318699 0.947611 -0.00526969 0.0208891
0.498835 0.277009 2.43063 0.321323 0.946724 -0.00348712 0.0212983
0.496851 0.279369 2.43061 0.323678 0.945898 -0.00322306 0.0223319
0.494676 0.28158 2.42961 0.326222 0.945081 -0.00262039 0.0198612
0.492724 0.28389 2.43046 0.32919 0.944018 -0.0062279 0.0206204
0.49016 0.286311 2.4283 0.332377 0.942956 -0.00379703 0.0185848
0.487654 0.289139 2.42845 0.334847 0.942048 -0.00132447 0.0205048
0.485486 0.291406 2.42755 0.337333 0.941191 -0.00227548 0.0189789
0.483488 0.293691 2.42766 0.339601 0.94037 -0.00208207 0.0192787
0.481517 0.295816 2.42752 0.341606 0.939665 -0.00317719 0.0180083
0.479446 0.297978 2.42717 0.343858 0.938827 -0.00372404 0.0187505
0.477322 0.300257 2.42759 0.345536 0.938181 -0.00305857 0.0202812
0.475036 0.3025 2.42645 0.347829 0.937351 -0.00299787 0.0194568
0.473183 0.304814 2.42748 0.350211 0.936463 -0.00450491 0.0192184
0.471176 0.307009 2.42715 0.3525 0.935601 -0.00307188 0.0196154
0.469303 0.309362 2.42672 0.35515 0.934595 -0.00257481 0.0198346
0.467223 0.311509 2.42578 0.357427 0.933762 -0.00247827 0.0181236
0.465194 0.313699 2.42587 0.359841 0.932831 -0.00220787 0.0183441
0.463119 0.316061 2.42683 0.362402 0.931801 -0.00309222 0.0200331
0.460527 0.318667 2.42602 0.364977 0.930814 -0.00118366 0.0194003
0.457883 0.32072 2.4254 0.366488 0.930233 0.000557626 0.0187807
0.455614 0.322577 2.42516 0.368931 0.929274 -0.00280512 0.0181967
0.453049 0.3243 2.42476 0.370436 0.92866 -0.00160021 0.0191275
0.450676 0.326387 2.42472 0.372827 0.927706 -0.00269018 0.0188481
0.448521 0.328718 2.42527 0.375555 0.926595 -0.00638143 0.0184137
0.446153 0.331218 2.42544 0.376353 0.926286 0.00162032 0.0186924
0.444099 0.333095 2.42552 0.379002 0.925215 -0.00328459 0.0179853
0.441177 0.335069 2.42388 0.380873 0.924444 0.00187766 0.0183255
0.439403 0.337972 2.42798 0.381981 0.92382 0.00830611 0.0240296
0.436412 0.339388 2.4235 0.386075 0.922328 -0.00384958 0.0155601
0.433607 0.34169 2.4234 0.387889 0.921561 -0.00215507 0.0162309
0.430918 0.344408 2.42389 0.390598 0.920355 0.00116375 0.0194516
0.427842 0.346271 2.42199 0.392653 0.919529 0.00175008 0.0169208
0.425677 0.348627 2.42343 0.393926 0.918925 0.00240325 0.019823
0.423256 0.350421 2.42211 0.396214 0.918026 -2.34376e-05 0.01556
0.421428 0.352632 2.42387 0.398088 0.917182 -0.00422436 0.016879
0.419233 0.354628 2.42333 0.399984 0.91635 -0.000392308 0.0177547
0.417168 0.35669 2.42291 0.402367 0.91531 0.00053584 0.0175576
0.414939 0.358549 2.42191 0.404671 0.914329 0.00159461 0.0155209
0.41288 0.360452 2.42251 0.407206 0.913174 0.00134631 0.0171527
0.410643 0.361921 2.42212 0.409382 0.912201 -0.00177533 0.0170879
0.408213 0.363586 2.4217 0.412134 0.910995 -0.00212139 0.0151496
0.405993 0.365654 2.42249 0.41486 0.90973 -0.000720002 0.0167931
0.403666 0.367696 2.42225 0.417261 0.908637 -0.0014072 0.0164192
0.401218 0.36926 2.4213 0.419561 0.907602 -0.00331768 0.0146879
0.399007 0.371139 2.42217 0.422177 0.90638 -0.003464 0.0151419
0.396489 0.373104 2.42138 0.42453 0.905287 -0.00302873 0.0148586
0.393918 0.375365 2.42141 0.426718 0.904269 -0.000762183 0.0144265
0.391298 0.377296 2.42097 0.42875 0.903298 0.00132096 0.0150156
0.389002 0.3791 2.42125 0.430885 0.902263 0.00226086 0.015941
0.386532 0.380709 2.42082 0.433969 0.900822 -0.0025698 0.0135806
0.384151 0.382572 2.42085 0.436062 0.899816 -0.00141307 0.0134004
0.381651 0.38456 2.42101 0.438309 0.898717 0.000606325 0.0139069
0.379116 0.386615 2.42083 0.440841 0.897497 -0.00187335 0.0124398
0.37644 0.388671 2.42073 0.443608 0.896126 -0.000958009 0.0130183
0.373791 0.390531 2.42095 0.445923 0.894968 -0.00038322 0.0135779
0.3714 0.39237 2.42171 0.448478 0.893697 -0.00070051 0.0131277
0.368878 0.393983 2.42135 0.450623 0.892598 -0.00120793 0.0143893
0.366366 0.395617 2.42077 0.452751 0.891533 -0.00218439 0.0134139
0.363725 0.397507 2.4203 0.454366 0.890709 0.00178081 0.0136388
0.361233 0.399521 2.42065 0.456788 0.88948 -0.000279729 0.013034
0.358383 0.401451 2.42021 0.458642 0.888521 0.000900484 0.013298
0.355595 0.403339 2.42005 0.460948 0.887322 0.00146371 0.0135823
0.353109 0.405104 2.42061 0.462941 0.88626 0.00143371 0.0150766
0.35078 0.406798 2.42097 0.465262 0.885065 -0.000807192 0.013801
0.348229 0.40838 2.42108 0.467477 0.88388 -0.000595484 0.0148399
0.345304 0.409836 2.41925 0.470066 0.882549 -0.00189181 0.0118821
0.342425 0.411936 2.41996 0.472557 0.88121 -3.90568e-05 0.0126384
0.339834 0.413797 2.42076 0.47452 0.880162 -0.00175208 0.0119075
0.337295 0.415263 2.42058 0.476817 0.87891 -0.00378485 0.0122268
0.334674 0.416744 2.42072 0.478637 0.877927 -0.0025899 0.0120168
0.33168 0.418284 2.41956 0.480421 0.876956 -0.00112892 0.0119456
0.328771 0.420071 2.41966 0.481777 0.876187 0.00108385 0.0136257
0.325739 0.421758 2.41954 0.484096 0.874912 -0.00106647 0.0133692
0.323127 0.42372 2.42065 0.486475 0.873598 -0.00257405 0.0127631
0.320164 0.425186 2.41909 0.488812 0.872297 -0.00246302 0.0124622
0.317565 0.427022 2.41993 0.490895 0.871128 -0.00111827 0.0125299
0.314764 0.42872 2.41994 0.492947 0.869948 6.58972e-05 0.0139303
0.31196 0.430545 2.41993 0.496033 0.868211 -0.00116086 0.0126266
0.308753 0.432267 2.41948 0.498905 0.866567 -0.00132212 0.0123687
0.305758 0.43383 2.41935 0.501232 0.865202 1.89222e-05 0.0138927
0.303084 0.435477 2.41933 0.504002 0.863621 -0.00162045 0.0117894
0.300522 0.436951 2.42043 0.506259 0.862242 0.00230657 0.0153369
0.29805 0.438423 2.41996 0.508665 0.860888 -0.00074835 0.0114709
0.295477 0.439796 2.42024 0.510397 0.859848 -0.000323452 0.0124836
0.292876 0.441162 2.42064 0.512602 0.858505 -0.000132039 0.0144544
0.29018 0.44258 2.42025 0.515218 0.856959 0.00110756 0.0130902
0.28741 0.444054 2.41927 0.517637 0.855498 1.74614e-05 0.0132344
0.284928 0.445933 2.42061 0.52011 0.853983 0.000812292 0.014074
0.282095 0.44729 2.41888 0.523343 0.852058 -0.00333002 0.00987183
0.279756 0.449387 2.42196 0.525198 0.850852 0.00169113 0.0146545
0.276951 0.450803 2.42119 0.528534 0.848824 -0.00190652 0.0120856
0.27392 0.451974 2.42065 0.530783 0.847408 -0.00076815 0.0129946
0.270989 0.452978 2.42048 0.532299 0.846459 -0.000453125 0.0128424
0.267909 0.454023 2.42064 0.533875 0.845469 -0.00159493 0.0125363
0.264933 0.455058 2.42046 0.536036 0.844109 -0.00136737 0.0119825
0.262015 0.456178 2.42026 0.537978 0.842855 -0.000639564 0.0131833
0.259374 0.457546 2.41999 0.540431 0.841301 -0.0033006 0.0116765
0.256729 0.459043 2.42087 0.542554 0.839911 -0.00229295 0.0134038
0.253982 0.460465 2.42077 0.544923 0.83838 -0.00139427 0.0132515
0.251066 0.461849 2.41975 0.547087 0.836989 -0.000428298 0.0120672
0.248132 0.463366 2.42071 0.548972 0.835707 0.000702775 0.0148901
0.245021 0.464442 2.42028 0.551462 0.834107 -0.00242762 0.0122335
0.241968 0.465534 2.42105 0.553604 0.832664 -0.00309213 0.013558
0.238463 0.466681 2.42001 0.555783 0.831234 0.000500446 0.0124654
0.235121 0.467647 2.42006 0.557309 0.830212 -0.000622959 0.0124495
0.232053 0.468871 2.4204 0.558772 0.82923 -0.000535384 0.0122724
0.228732 0.469832 2.4209 0.560657 0.827944 0.000445773 0.0131695
0.225437 0.470723 2.41994 0.5621 0.826972 -0.00094192 0.0126263
0.222542 0.4719 2.42007 0.563877 0.825784 -0.000143734 0.0111278
0.219654 0.472921 2.42047 0.564963 0.824993 0.00322959 0.013884
0.216597 0.473718 2.4198 0.566559 0.823901 0.00304746 0.0137693
0.213563 0.474556 2.41968 0.568745 0.822443 -0.00133038 0.0106944
0.210306 0.47548 2.41978 0.56997 0.821585 -0.00114226 0.0114017
0.20691 0.47635 2.4189 0.571295 0.820659 0.000293999 0.0118941
0.203793 0.477469 2.41961 0.573288 0.819246 0.00253146 0.0131061
0.200634 0.478206 2.41889 0.574926 0.81811 -0.000110315 0.0124768
0.197826 0.479173 2.41827 0.576877 0.816758 0.000717902 0.010884
0.195035 0.480195 2.41921 0.578662 0.815476 -0.0011706 0.0122095
0.192137 0.481041 2.41921 0.580851 0.813924 -0.00069927 0.011821
0.188845 0.481494 2.41672 0.582751 0.812612 0.000962732 0.00785958
0.18584 0.482484 2.41751 0.584491 0.811322 0.00246238 0.0109742
0.182727 0.483248 2.41669 0.586821 0.809675 0.000735713 0.00813639
0.179712 0.484245 2.41728 0.588617 0.808335 0.00226452 0.0109192
0.176629 0.484937 2.41716 0.590487 0.806973 0.00171796 0.0108398
0.173543 0.485512 2.41691 0.592706 0.805347 0.0030919 0.0103593
0.170508 0.486191 2.41691 0.594859 0.80377 0.00204582 0.00964173
0.167283 0.486803 2.41617 0.597248 0.80201 0.00160097 0.00855276
0.163957 0.487577 2.41646 0.599023 0.800662 0.00359133 0.00993002
0.16089 0.488363 2.4166 0.601363 0.798927 0.00175995 0.00867052
0.157774 0.488742 2.41552 0.603248 0.797518 0.000527006 0.00749569
0.154753 0.489563 2.41551 0.605121 0.796089 0.0024108 0.00807377
0.151688 0.49043 2.4148 0.606893 0.794752 0.00246952 0.00659375
0.148715 0.491616 2.4167 0.608184 0.793753 0.00110945 0.00820417
0.145536 0.49233 2.41542 0.610584 0.791922 -4.88987e-05 0.00680578
0.142669 0.492858 2.41469 0.612642 0.790338 0.000273143 0.00600114
0.139869 0.493731 2.41501 0.614501 0.788874 0.000936575 0.00807266
0.137144 0.494745 2.41534 0.61679 0.787094 0.00100445 0.0072253
0.134268 0.495605 2.41541 0.618726 0.785574 0.000796777 0.00712503
0.131171 0.496084 2.41494 0.620665 0.784052 -0.00057567 0.00614613
0.127945 0.496776 2.41511 0.622942 0.782238 0.00134808 0.00671139
0.124578 0.497397 2.41496 0.624894 0.78068 0.000641846 0.00678371
0.1216 0.497859 2.41517 0.626316 0.779546 -0.000234466 0.00606216
0.118515 0.498271 2.41528 0.628438 0.777837 -0.000719001 0.00599679
0.115453 0.498634 2.41533 0.630028 0.776545 -0.000215635 0.00651863
0.112248 0.49906 2.41558 0.631411 0.775424 -0.000671188 0.00620623
0.109074 0.499588 2.41579 0.633497 0.773716 -0.00123006 0.00651754
0.105829 0.499995 2.41483 0.635268 0.772272 -0.00106828 0.00544303
0.102609 0.50078 2.41557 0.637154 0.770707 -0.00099805 0.00663764
0.0993482 0.501284 2.41557 0.639037 0.769154 -0.002782 0.00507214
0.0961253 0.502007 2.41646 0.640925 0.76757 -0.00120485 0.00706037
0.0928317 0.502639 2.41622 0.64357 0.765343 -0.000799058 0.00822999
0.0892566 0.503358 2.41667 0.645608 0.763641 -0.00257782 0.00601615
0.0859879 0.503915 2.41738 0.647138 0.762323 -0.00264065 0.00830551
0.0827841 0.504435 2.41782 0.648892 0.760847 -0.00420969 0.00572801
0.0797223 0.504574 2.41811 0.650231 0.759697 -0.00388562 0.00661742
0.0767725 0.505085 2.41866 0.652031 0.758149 -0.00515992 0.00630418
0.0738562 0.505538 2.41869 0.653471 0.756909 -0.00498924 0.00627721
0.0707445 0.506032 2.41859 0.655053 0.755527 -0.00375191 0.00841179
0.0677436 0.506718 2.41952 0.656797 0.754005 -0.00414449 0.0087787
0.0645877 0.507097 2.41917 0.658711 0.75233 -0.00396578 0.00916422
0.0616157 0.50775 2.42074 0.660441 0.7508 -0.00358457 0.0102446
0.0586504 0.507895 2.42051 0.662337 0.749128 -0.00372646 0.0101534
0.0558906 0.508149 2.42107 0.664216 0.747461 -0.00355033 0.0103241
0.0529016 0.508407 2.42122 0.666605 0.74532 -0.00409242 0.010952
0.0496936 0.508543 2.42051 0.668922 0.74326 -0.00461483 0.00934976
0.0465577 0.508566 2.42013 0.670832 0.74154 -0.00431487 0.00922762
0.043795 0.508895 2.42136 0.672502 0.740005 -0.00412112 0.0107915
0.0410167 0.508769 2.4204 0.674342 0.73835 -0.00411616 0.00927897
0.0380986 0.50916 2.42159 0.676069 0.736739 -0.0048251 0.0110949
0.0351589 0.509196 2.42069 0.677896 0.735067 -0.0032513 0.01109
0.0321037 0.509653 2.42193 0.680031 0.733082 -0.00544129 0.0108982
0.0289448 0.509713 2.42127 0.682313 0.730951 -0.0031361 0.0122165
0.0258566 0.510137 2.42247 0.684349 0.729046 -0.00558806 0.0112423
0.0227694 0.510193 2.42181 0.685796 0.727706 -0.00535992 0.00995668
0.0195109 0.510288 2.42147 0.68788 0.725727 -0.00444149 0.0110343
0.0163606 0.510149 2.42058 0.689913 0.723811 -0.00312193 0.0103823
0.0128693 0.51034 2.42059 0.691936 0.72185 -0.00246767 0.0123036
0.00947878 0.510401 2.42048 0.694037 0.719879 -0.00371341 0.00851205
0.00657662 0.510328 2.4199 0.696151 0.717826 -0.00336842 0.00940971
0.0036047 0.510591 2.42005 0.698526 0.715517 -0.00560493 0.00810423
0.000483355 0.511096 2.42069 0.699268 0.714794 -0.00397507 0.00878941
-0.0025394 0.511103 2.41966 0.701564 0.712551 -0.00791257 0.00390069
-0.00580617 0.51084 2.41923 0.703206 0.710961 -0.00260245 0.0054364
-0.00910688 0.510915 2.42208 0.70562 0.70845 -0.00541627 0.0130207
-0.0115943 0.510573 2.42123 0.706248 0.707811 -0.0061163 0.0134441
-0.0147563 0.508798 2.4125 0.707996 0.706124 -0.011095 0.00270753
-0.0174947 0.509708 2.41681 0.710999 0.70269 -0.0237521 -0.0119663
-0.0210312 0.510198 2.42005 0.711167 0.70297 -0.00741901 0.00451678
-0.0245089 0.510076 2.4195 0.713058 0.701051 -0.00511939 0.00704938
-0.0275407 0.510027 2.4199 0.714024 0.700029 -0.00355107 0.0107892
-0.0303836 0.509703 2.41885 0.716138 0.697923 -0.00442373 0.00548459
-0.0333746 0.509385 2.41881 0.717507 0.696491 -0.00561571 0.00719534
-0.0367102 0.509443 2.41958 0.719507 0.694416 -0.00908171 0.00358045
-0.0401012 0.509006 2.41807 0.72054 0.693384 -0.00316767 0.00552839
-0.0432704 0.508788 2.4179 0.722314 0.691531 -0.0044988 0.00522728
-0.0465469 0.508799 2.4184 0.723904 0.689849 -0.00451526 0.00719853
-0.0497229 0.508428 2.41733 0.725287 0.688408 -0.000821067 0.00726533
-0.0529676 0.508509 2.418 0.727515 0.686063 -0.00313573 0.00537323
-0.0562811 0.50823 2.41767 0.729186 0.68429 -0.00465847 0.00360465
-0.0598122 0.508146 2.41829 0.730601 0.682761 -0.00194524 0.00750026
-0.0632313 0.507906 2.418 0.732885 0.680318 -0.00565745 0.00396123
-0.0666141 0.507529 2.41886 0.734682 0.678371 -0.00406904 0.00627251
-0.0697285 0.507237 2.41883 0.736794 0.676085 -0.00472832 0.00458127
-0.0728452 0.506786 2.4191 0.738759 0.67394 -0.00472579 0.0042405
-0.075953 0.506508 2.41913 0.740339 0.672195 -0.00461739 0.00556155
-0.0790596 0.50641 2.4191 0.741979 0.670385 -0.00439431 0.00558528
-0.082008 0.50652 2.41995 0.744118 0.667995 -0.00526931 0.00658307
-0.0849637 0.50642 2.41981 0.746231 0.665637 -0.00669799 0.00462261
-0.0878199 0.506269 2.41978 0.748053 0.66359 -0.00663342 0.00458921
-0.0906502 0.505937 2.41991 0.749649 0.661774 -0.0079339 0.00429336
-0.0935439 0.505498 2.42019 0.751274 0.659933 -0.00692029 0.0052671
-0.0964859 0.505315 2.42129 0.753423 0.657454 -0.00917294 0.00483863
-0.0997308 0.504855 2.42051 0.755446 0.655131 -0.00951362 0.00370521
-0.103285 0.504654 2.42173 0.757344 0.652925 -0.00941711 0.00556358
-0.106488 0.504071 2.42203 0.758719 0.651312 -0.0106603 0.00501727
-0.109838 0.503599 2.42208 0.759871 0.649966 -0.010826 0.00478995
-0.112819 0.503161 2.42259 0.76152 0.648035 -0.0103272 0.00563
-0.115797 0.502458 2.42251 0.763144 0.646109 -0.0107845 0.0062044
-0.118777 0.501986 2.42255 0.764694 0.644273 -0.0105864 0.00652401
-0.121933 0.501587 2.42303 0.76636 0.642277 -0.0107083 0.00766283
-0.124984 0.50119 2.4224 0.768288 0.639995 -0.00983579 0.00656429
-0.12823 0.500905 2.42321 0.770206 0.637662 -0.0108931 0.00712121
-0.131354 0.500469 2.4236 0.771947 0.635557 -0.010832 0.00692929
-0.134448 0.49987 2.42411 0.773721 0.63334 -0.0142167 0.00592157
-0.137894 0.499229 2.42379 0.775666 0.631003 -0.0110795 0.00735631
-0.141559 0.498524 2.42408 0.777941 0.62818 -0.0130015 0.0054217
-0.14474 0.497813 2.42425 0.779381 0.626388 -0.0114967 0.00849535
-0.147893 0.497305 2.42485 0.780875 0.624496 -0.0131704 0.00800994
-0.15084 0.496523 2.42494 0.782247 0.622776 -0.0120257 0.00971062
-0.153823 0.495769 2.42419 0.783709 0.620958 -0.0120824 0.00804277
-0.156809 0.495025 2.42458 0.784983 0.619358 -0.0120102 0.00731813
-0.159935 0.494284 2.42496 0.786332 0.617627 -0.0113438 0.00946544
-0.162909 0.493359 2.42389 0.787694 0.615907 -0.010903 0.0088315
-0.165948 0.492543 2.42386 0.789184 0.613989 -0.0116992 0.00828517
-0.169116 0.491673 2.42434 0.79028 0.612558 -0.0124115 0.00867766
-0.172387 0.490693 2.42412 0.791698 0.610735 -0.0116946 0.0089895
-0.175587 0.490095 2.42432 0.793794 0.608011 -0.0124441 0.00765911
-0.178931 0.489266 2.4235 0.795443 0.605855 -0.00842824 0.0118439
-0.181881 0.488576 2.42271 0.797178 0.603581 -0.0105226 0.0093245
-0.184329 0.488108 2.42291 0.798723 0.601534 -0.0107692 0.00910751
-0.186697 0.487124 2.42281 0.800337 0.599389 -0.0109195 0.0085887
-0.189428 0.486311 2.42399 0.802144 0.596931 -0.01267 0.00876523
-0.192239 0.485326 2.42295 0.803866 0.594628 -0.0121105 0.00835657
-0.195162 0.48448 2.42325 0.80492 0.593217 -0.0107145 0.00909119
-0.198068 0.483508 2.42374 0.806463 0.591095 -0.0119037 0.0091389
-0.200779 0.482273 2.42302 0.808237 0.588691 -0.0118854 0.0074087
-0.203496 0.481106 2.42314 0.809511 0.586937 -0.0120635 0.00718703
-0.206332 0.479801 2.42198 0.810911 0.585038 -0.00917525 0.00833269
-0.20936 0.478643 2.42317 0.812613 0.582622 -0.012631 0.00721231
-0.212595 0.47739 2.42328 0.814217 0.580372 -0.0115678 0.00928278
-0.21584 0.475777 2.42268 0.815993 0.577916 -0.0110249 0.00681705
-0.218826 0.474227 2.4224 0.817134 0.576325 -0.00917176 0.00759836
-0.221707 0.473189 2.42298 0.818835 0.573898 -0.0111819 0.00494025
-0.22486 0.471994 2.42366 0.820187 0.571922 -0.0120512 0.00733701
-0.227804 0.470787 2.42226 0.821268 0.570411 -0.0105055 0.00629892
-0.230847 0.469662 2.42285 0.822243 0.569013 -0.0101969 0.00606712
-0.233842 0.468576 2.42324 0.823714 0.56687 -0.011017 0.00560973
-0.236597 0.467258 2.42311 0.824992 0.564993 -0.00950837 0.00897412
-0.239373 0.466242 2.42361 0.826505 0.562746 -0.012791 0.00660017
-0.242211 0.464892 2.42331 0.827628 0.56112 -0.00945838 0.00928775
-0.245055 0.46363 2.4239 0.829037 0.559049 -0.0115923 0.00530663
-0.248042 0.46232 2.42372 0.830327 0.55712 -0.0112577 0.00691139
-0.251169 0.461019 2.42438 0.831374 0.55554 -0.0116712 0.0074787
-0.25407 0.45957 2.42514 0.832647 0.553587 -0.0138637 0.00691997
-0.257 0.458073 2.42546 0.833816 0.551807 -0.0142267 0.00763865
-0.259743 0.456355 2.42472 0.834892 0.550202 -0.0125636 0.0087272
-0.262762 0.454895 2.42527 0.836138 0.548303 -0.0128536 0.00845028
-0.265725 0.453562 2.42595 0.837149 0.546761 -0.0134848 0.0072007
-0.268796 0.452339 2.42593 0.838694 0.544364 -0.0138365 0.00831625
-0.271735 0.450995 2.4266 0.839685 0.542793 -0.0149336 0.00909625
-0.274631 0.449467 2.42713 0.840875 0.54095 -0.0147842 0.00913793
-0.277645 0.447745 2.42746 0.841961 0.539256 -0.0143316 0.0100096
-0.280667 0.446195 2.4272 0.843183 0.537307 -0.0146314 0.0113699
-0.283891 0.44459 2.42751 0.844529 0.535204 -0.0147139 0.0105789
-0.286806 0.442609 2.42668 0.845549 0.533587 -0.0134687 0.0122131
-0.289933 0.441258 2.42727 0.846888 0.53147 -0.0131261 0.0121877
-0.292817 0.439917 2.42803 0.848096 0.529508 -0.0156357 0.0104412
-0.295811 0.438494 2.42746 0.849389 0.527492 -0.011698 0.0124363
-0.299129 0.437703 2.43103 0.85035 0.525741 -0.0186704 0.0123333
-0.301531 0.435771 2.42662 0.851292 0.524439 -0.0103061 0.012603
-0.30475 0.435033 2.43019 0.852709 0.522003 -0.01595 0.0120531
-0.307397 0.433461 2.42905 0.854273 0.519458 -0.0147883 0.0127477
-0.310139 0.43222 2.42942 0.855483 0.517493 -0.0135622 0.0128792
-0.312566 0.430609 2.42892 0.856639 0.515567 -0.0151468 0.011451
-0.315061 0.428963 2.42877 0.857896 0.513424 -0.0154117 0.0131237
-0.317837 0.427515 2.42903 0.859393 0.510927 -0.0146849 0.0134882
-0.320902 0.425833 2.42929 0.860884 0.508428 -0.0129093 0.014598
-0.323499 0.424226 2.42894 0.862134 0.50635 -0.0125136 0.0133711
-0.325905 0.423032 2.43024 0.863473 0.504017 -0.0161585 0.0109713
-0.328245 0.421234 2.42987 0.864504 0.502208 -0.0147398 0.0142285
-0.330599 0.419366 2.42897 0.865771 0.50007 -0.0143931 0.0128169
-0.333448 0.417629 2.4294 0.866838 0.498159 -0.0148667 0.0144539
-0.33615 0.416068 2.42946 0.868181 0.495814 -0.014207 0.0150854
-0.338979 0.414664 2.43023 0.869476 0.493531 -0.0152855 0.0143321
-0.341589 0.412879 2.42994 0.870539 0.491632 -0.0145435 0.015797
-0.344596 0.411039 2.43031 0.871789 0.489422 -0.0143212 0.0156622
-0.347304 0.409237 2.42992 0.87307 0.487151 -0.0152174 0.014214
-0.350193 0.407551 2.4297 0.874955 0.483778 -0.0143575 0.0143466
-0.353172 0.405743 2.42998 0.876421 0.481098 -0.0143807 0.0149719
-0.355886 0.40412 2.42966 0.877654 0.478879 -0.0124709 0.0155896
-0.358537 0.402452 2.42982 0.878656 0.477043 -0.0125222 0.0154003
-0.361014 0.400582 2.43037 0.879708 0.474956 -0.0152953 0.0172535
-0.363592 0.398947 2.43056 0.880898 0.472874 -0.0147973 0.0137686
-0.366379 0.397399 2.43248 0.881735 0.471214 -0.0164397 0.0151961
-0.368653 0.395123 2.43092 0.88299 0.468923 -0.015801 0.0137888
-0.371108 0.39313 2.43038 0.883963 0.467144 -0.0137706 0.0139884
-0.373537 0.391224 2.42976 0.884995 0.465137 -0.0143182 0.0150455
-0.376315 0.389742 2.43088 0.886158 0.462908 -0.0154466 0.0141712
-0.378864 0.387786 2.43036 0.887231 0.460835 -0.0135836 0.0163687
-0.38159 0.386098 2.43036 0.888447 0.45845 -0.0136462 0.0173022
-0.384224 0.384233 2.43037 0.890025 0.455528 -0.0134011 0.0130393
-0.386785 0.382099 2.43126 0.891078 0.453424 -0.0152444 0.0124484
-0.388751 0.379886 2.43021 0.891984 0.451651 -0.014287 0.0130737
-0.390978 0.378034 2.43091 0.892881 0.4498 -0.0143507 0.0154414
-0.393224 0.37598 2.4307 0.893882 0.447843 -0.0141192 0.0145836
-0.395767 0.373728 2.43036 0.894677 0.446161 -0.0147688 0.0166087
-0.398444 0.371921 2.4314 0.895723 0.444105 -0.0159688 0.0139832
-0.401024 0.369869 2.43132 0.896593 0.442287 -0.0153817 0.0163229
-0.403354 0.367955 2.4314 0.897966 0.439544 -0.0167803 0.0132442
-0.4057 0.366008 2.43051 0.899272 0.436935 -0.0152575 0.012831
-0.408313 0.364297 2.43114 0.900355 0.434694 -0.0160803 0.0119478
-0.410905 0.362343 2.43149 0.901228 0.432827 -0.0168868 0.0127855
-0.413421 0.360338 2.43223 0.902338 0.430471 -0.016363 0.0146136
-0.416084 0.358061 2.43232 0.904115 0.426768 -0.0166418 0.0129783
-0.41824 0.355526 2.43117 0.905165 0.424575 -0.0140713 0.0146307
-0.420574 0.353555 2.43149 0.906599 0.421564 -0.0138406 0.0130766
-0.423113 0.351543 2.43187 0.907529 0.419446 -0.0148125 0.0153748
-0.425715 0.349635 2.43272 0.908481 0.417383 -0.0152241 0.0149107
-0.42806 0.347869 2.43272 0.909713 0.414733 -0.0154262 0.0134688
-0.430062 0.345808 2.43109 0.910793 0.412434 -0.0135669 0.013032
-0.432578 0.344238 2.43278 0.911721 0.410232 -0.0151101 0.0156659
-0.434798 0.342234 2.43336 0.912875 0.407749 -0.0145135 0.013761
-0.436737 0.340033 2.43221 0.913951 0.405322 -0.0153996 0.0130291
-0.439044 0.338091 2.43333 0.914878 0.403268 -0.0143087 0.0130188
-0.441254 0.335849 2.43305 0.916 0.400627 -0.0155782 0.0141393
-0.443427 0.333645 2.43328 0.917008 0.398362 -0.017016 0.0106979
-0.445965 0.331255 2.43372 0.917531 0.397129 -0.0163006 0.0126559
-0.44798 0.328776 2.43206 0.91869 0.39448 -0.0154549 0.0125057
-0.450115 0.326645 2.43251 0.919646 0.39228 -0.0134294 0.0137057
-0.452733 0.324706 2.43354 0.920622 0.389703 -0.016234 0.0179627
-0.454865 0.322598 2.4341 0.922057 0.386293 -0.0203737 0.0131878
-0.45711 0.320268 2.43392 0.922622 0.385007 -0.0196898 0.0122484
-0.459671 0.318683 2.43661 0.923942 0.381694 -0.0217829 0.0129061
-0.462119 0.316101 2.43528 0.924436 0.38067 -0.0151666 0.0166792
-0.46458 0.313943 2.43676 0.925829 0.377117 -0.0196139 0.0154736
-0.466993 0.31145 2.43626 0.927043 0.374238 -0.0177098 0.0149187
-0.469051 0.308963 2.43589 0.928194 0.371454 -0.0156753 0.0152689
-0.471188 0.306318 2.43562 0.928986 0.369412 -0.0169317 0.0152473
-0.473322 0.304029 2.43579 0.930033 0.366834 -0.0161608 0.0145131
-0.47547 0.30155 2.43602 0.930859 0.364706 -0.0170912 0.0140802
-0.477885 0.299229 2.43714 0.931669 0.362568 -0.0171608 0.0155625
-0.480146 0.29659 2.43656 0.93229 0.360996 -0.0155958 0.0165338
-0.4824 0.294369 2.43703 0.933136 0.35874 -0.0159677 0.0175668
-0.484546 0.292318 2.43779 0.934227 0.35595 -0.0181142 0.0138067
-0.486707 0.290096 2.43771 0.935178 0.353455 -0.0177675 0.0139766
-0.489114 0.288151 2.43848 0.935892 0.351417 -0.0183571 0.0165752
-0.491402 0.285799 2.43884 0.936656 0.349436 -0.0181097 0.0155612
-0.493454 0.283214 2.43869 0.937626 0.346917 -0.0176483 0.0139709
-0.495625 0.280689 2.43963 0.938503 0.34443 -0.0188281 0.0150373
-0.497496 0.277945 2.4384 0.939386 0.34206 -0.0166525 0.0164849
-0.499455 0.27575 2.43808 0.940217 0.339811 -0.0163789 0.0158676
-0.501221 0.273927 2.43873 0.94116 0.33723 -0.0167489 0.014601
-0.502965 0.271894 2.43941 0.94215 0.334323 -0.0179592 0.0161005
-0.504624 0.269576 2.43867 0.943256 0.331254 -0.0175273 0.0151834
-0.507002 0.267386 2.44041 0.944084 0.328738 -0.0189097 0.0167161
-0.508897 0.265074 2.43996 0.945091 0.325961 -0.0174146 0.0157806
-0.510839 0.262695 2.44045 0.946075 0.322984 -0.0193591 0.0157805
-0.512696 0.260267 2.43995 0.947092 0.320118 -0.0172859 0.0155634
-0.514948 0.257849 2.44181 0.947969 0.317393 -0.0186474 0.016395
-0.516685 0.255258 2.44123 0.949055 0.314243 -0.0180211 0.0148878
-0.518524 0.252657 2.44105 0.94984 0.311854 -0.0178347 0.0152658
-0.520568 0.249871 2.44103 0.950866 0.308606 -0.016655 0.0184232
-0.522534 0.247098 2.44173 0.951796 0.305736 -0.0173829 0.0175109
-0.52437 0.244673 2.44164 0.952704 0.302991 -0.0175817 0.0155543
-0.52612 0.242136 2.44236 0.953258 0.301209 -0.0169031 0.0169114
-0.527782 0.239503 2.44237 0.954 0.298905 -0.0169426 0.0159203
-0.529694 0.236847 2.44279 0.954584 0.297023 -0.017287 0.0157118
-0.531709 0.234303 2.44344 0.955154 0.295221 -0.0166903 0.015712
-0.533079 0.231626 2.44217 0.955755 0.293113 -0.0156884 0.0192793
-0.534744 0.22926 2.44264 0.956724 0.290034 -0.016065 0.0173614
-0.537202 0.227114 2.44538 0.957453 0.287524 -0.0189882 0.015899
-0.538729 0.224443 2.44462 0.9581 0.285486 -0.0176416 0.0152078
-0.539927 0.221626 2.44382 0.95873 0.283338 -0.0167536 0.0166364
-0.541572 0.219031 2.44492 0.959296 0.281264 -0.0186328 0.0171458
-0.543154 0.215829 2.44473 0.959965 0.279077 -0.0166094 0.0175013
-0.544475 0.212606 2.44448 0.960409 0.277446 -0.0172093 0.0185063
-0.545765 0.209847 2.44471 0.961006 0.2754 -0.0170663 0.0181684
-0.546842 0.20714 2.4448 0.961583 0.273407 -0.0162589 0.018495
-0.548209 0.204343 2.44589 0.962013 0.271848 -0.0182276 0.0172214
-0.549533 0.201354 2.44551 0.962594 0.269646 -0.0179561 0.0195197
-0.551224 0.198456 2.44598 0.963196 0.2676 -0.0179565 0.0179341
-0.552685 0.19543 2.44571 0.963683 0.265772 -0.0176002 0.019265
-0.553855 0.192361 2.44426 0.964272 0.263699 -0.0159954 0.0196343
-0.555611 0.189478 2.44597 0.964908 0.261258 -0.0179293 0.0193713
-0.557454 0.186726 2.44747 0.965531 0.258955 -0.0185011 0.0187098
-0.558985 0.183784 2.44779 0.966264 0.256335 -0.0182963 0.0170628
-0.560464 0.180434 2.44723 0.966775 0.254248 -0.0177842 0.0196756
-0.561698 0.176794 2.44597 0.9672 0.252693 -0.0166582 0.0198404
-0.563393 0.173717 2.44634 0.967727 0.250618 -0.015926 0.0210128
-0.565344 0.170925 2.4485 0.968415 0.247975 -0.0175317 0.0193508
-0.566892 0.168111 2.44803 0.96878 0.246453 -0.0163995 0.021385
-0.568674 0.165534 2.44889 0.96914 0.244904 -0.0167102 0.0225981
-0.569447 0.162628 2.44613 0.969814 0.242491 -0.0135567 0.0218034
-0.570995 0.160007 2.44685 0.970454 0.239862 -0.0144394 0.0218142
-0.572506 0.157437 2.44715 0.971007 0.237555 -0.0157206 0.0216006
-0.574228 0.154963 2.44914 0.971592 0.23515 -0.0172323 0.0203955
-0.575385 0.15222 2.44908 0.972316 0.232433 -0.0152458 0.0185632
-0.576156 0.149113 2.44727 0.972458 0.231194 -0.0137485 0.0261993
-0.577347 0.146328 2.44761 0.973413 0.227752 -0.0140716 0.0199452
-0.579114 0.143456 2.45013 0.973821 0.225681 -0.016438 0.0217091
-0.580056 0.140656 2.4497 0.974341 0.223467 -0.0171498 0.0206686
-0.581049 0.137779 2.44961 0.974781 0.221597 -0.0162215 0.0208438
-0.581993 0.134646 2.44892 0.975317 0.219235 -0.0139673 0.0223197
-0.583146 0.131549 2.44827 0.975865 0.21667 -0.0135288 0.0236169
-0.584819 0.128698 2.44927 0.976467 0.21419 -0.0148769 0.0203489
-0.585934 0.125716 2.44902 0.976911 0.212016 -0.0139326 0.0223689
-0.587189 0.12275 2.44929 0.977498 0.209434 -0.0136992 0.0211595
-0.588716 0.119781 2.45008 0.978035 0.206807 -0.0147796 0.0214255
-0.589739 0.116711 2.44857 0.978517 0.204378 -0.0122052 0.0241791
-0.591438 0.11374 2.44985 0.979219 0.201097 -0.0134773 0.0225305
-0.59294 0.110666 2.45033 0.979755 0.198495 -0.0142103 0.0218535
-0.594075 0.107762 2.45035 0.980215 0.196098 -0.0128413 0.0236569
-0.595411 0.105004 2.45079 0.980824 0.193255 -0.0138953 0.0210423
-0.596741 0.102048 2.45066 0.98143 0.190371 -0.0124558 0.0199783
-0.597991 0.0987282 2.45021 0.981695 0.18864 -0.0124599 0.023116
-0.599944 0.0957631 2.45304 0.98213 0.186498 -0.0142757 0.0208546
-0.600618 0.0926671 2.45106 0.982456 0.184793 -0.0117957 0.022185
-0.601849 0.0897038 2.45186 0.982877 0.18252 -0.0121178 0.0222126
-0.602322 0.0867718 2.45057 0.983353 0.179932 -0.0123681 0.0220952
-0.6037 0.0839803 2.45224 0.983711 0.178005 -0.0129564 0.0214137
-0.604651 0.0810803 2.45205 0.984094 0.175777 -0.0137174 0.0217599
-0.605789 0.0780672 2.45255 0.984512 0.173362 -0.0136406 0.0222751
-0.607286 0.0749305 2.45384 0.984984 0.170552 -0.0141778 0.0227636
-0.608172 0.0715969 2.45317 0.985349 0.168431 -0.01301 0.0234223
-0.609116 0.0686675 2.45328 0.985759 0.166434 -0.0119187 0.0209239
-0.609683 0.0658577 2.45313 0.98615 0.164233 -0.0128383 0.0192547
-0.610228 0.0626713 2.45296 0.986464 0.162074 -0.0132443 0.0210949
-0.611515 0.0593679 2.45426 0.986701 0.160178 -0.0137759 0.0239557
-0.612422 0.0562172 2.4538 0.987024 0.158396 -0.0132228 0.0227862
-0.613438 0.0532388 2.45406 0.987441 0.155856 -0.0136911 0.0219584
-0.614242 0.0500944 2.45386 0.987864 0.153241 -0.0129445 0.021804
-0.614981 0.0468905 2.45321 0.988093 0.151604 -0.0125396 0.0230359
-0.615586 0.0436444 2.45277 0.988453 0.14926 -0.0116924 0.0233487
-0.616467 0.0404823 2.45303 0.988775 0.14707 -0.0106429 0.0240984
-0.617706 0.0371803 2.45407 0.989183 0.144128 -0.011419 0.0247728
-0.618556 0.0335233 2.45458 0.989598 0.141309 -0.0112935 0.0244777
-0.619332 0.0302834 2.45512 0.990008 0.138537 -0.0120216 0.0233843
-0.619615 0.0274346 2.45429 0.990289 0.136506 -0.0123211 0.0232828
-0.61996 0.0248511 2.4538 0.990597 0.134251 -0.011832 0.02353
-0.620538 0.0221124 2.45322 0.990949 0.131834 -0.0101624 0.0231702
-0.621178 0.019212 2.45319 0.991272 0.129412 -0.0108396 0.0227049
-0.622213 0.0163016 2.45501 0.991571 0.127015 -0.0116646 0.0227706
-0.622851 0.0133545 2.45517 0.991943 0.124259 -0.0113446 0.0219225
-0.623371 0.0105245 2.45469 0.992171 0.122054 -0.010987 0.0240618
-0.624235 0.00773721 2.45639 0.992539 0.119392 -0.012194 0.0215175
-0.624649 0.00489732 2.45572 0.992823 0.116759 -0.0116654 0.0230989
-0.625464 0.00203413 2.45617 0.993082 0.11435 -0.0121045 0.0237953
-0.626468 -0.00118599 2.45719 0.993472 0.111136 -0.0130178 0.0221956
-0.62723 -0.00472678 2.45791 0.993719 0.108771 -0.0133367 0.0226783
-0.627437 -0.00809801 2.4573 0.993902 0.107214 -0.0133271 0.022069
-0.627681 -0.0111457 2.45654 0.99412 0.105139 -0.0121709 0.0228804
-0.627994 -0.0140398 2.45643 0.994354 0.102907 -0.0106995 0.023589
-0.628713 -0.0169981 2.45721 0.994686 0.100028 -0.0120236 0.0211956
-0.62926 -0.0199727 2.45651 0.994898 0.0976579 -0.0105888 0.0229798
-0.630314 -0.0230357 2.45779 0.995131 0.0951108 -0.0119701 0.0229259
-0.630849 -0.0262157 2.45746 0.995306 0.0929024 -0.0109016 0.0248395
-0.631003 -0.0294508 2.45681 0.995499 0.090588 -0.0113694 0.0254149
-0.631574 -0.0327043 2.45802 0.995772 0.0878536 -0.0123675 0.0238233
-0.632033 -0.0359949 2.45855 0.995996 0.0852671 -0.0118285 0.0241104
-0.633108 -0.0395865 2.46021 0.996239 0.0822982 -0.0118968 0.024359
-0.633547 -0.0432622 2.46011 0.996434 0.079413 -0.0128396 0.02545
-0.633591 -0.046411 2.45861 0.996636 0.0771662 -0.0107452 0.0254163
-0.633735 -0.0495494 2.45781 0.996812 0.0750037 -0.00970907 0.0254304
-0.634364 -0.0528206 2.45946 0.99696 0.0730659 -0.0111857 0.0246532
-0.634451 -0.0559507 2.45839 0.997085 0.0712934 -0.00994909 0.0252958
-0.635083 -0.0590979 2.45939 0.997202 0.0691998 -0.0105109 0.0262592
-0.63534 -0.0621957 2.45916 0.997393 0.0669951 -0.00994415 0.0248796
-0.635915 -0.0653192 2.46002 0.997475 0.0652585 -0.0109872 0.0257903
-0.636007 -0.0685166 2.45912 0.997605 0.063218 -0.0100413 0.0262004
-0.636607 -0.0717983 2.46027 0.997835 0.06037 -0.0115484 0.0234165
-0.636953 -0.0748606 2.45943 0.997906 0.0578827 -0.0106655 0.0268287
-0.637463 -0.0780527 2.45962 0.998069 0.0555187 -0.0105464 0.0257692
-0.637529 -0.0810229 2.45851 0.998135 0.0535847 -0.00951261 0.0276524
-0.638002 -0.0840618 2.4597 0.998341 0.0506546 -0.0102747 0.0253707
-0.638379 -0.0868928 2.46011 0.998464 0.0482132 -0.0100515 0.0253647
-0.639205 -0.0899998 2.46142 0.998624 0.0446407 -0.0106754 0.0253719
-0.639073 -0.0930676 2.45912 0.998695 0.0419316 -0.00900087 0.027716
-0.64013 -0.0961549 2.46157 0.9989 0.0384728 -0.0104247 0.0246783
-0.640426 -0.0992488 2.46142 0.99899 0.0359716 -0.00964157 0.0251567
-0.640241 -0.102325 2.46029 0.999055 0.0333829 -0.0094538 0.0261706
-0.640426 -0.105408 2.46111 0.999131 0.030436 -0.0118088 0.0259025
-0.640404 -0.108351 2.4608 0.999209 0.0277633 -0.010147 0.0265886
-0.640527 -0.111387 2.46118 0.999306 0.0242714 -0.0110544 0.0260122
-0.640065 -0.114439 2.45893 0.999341 0.0213116 -0.00808426 0.0282608
-0.64054 -0.117746 2.46069 0.999428 0.0185889 -0.00921794 0.0267019
-0.64029 -0.120726 2.45949 0.999477 0.0157296 -0.00684507 0.0274153
-0.640764 -0.123988 2.46153 0.999526 0.0137039 -0.0094157 0.0259224
-0.640432 -0.127217 2.45989 0.999543 0.0110056 -0.00997568 0.0263121
-0.639655 -0.130688 2.45628 0.999151 0.0102115 -0.0105281 0.0384968
-0.639687 -0.133854 2.45618 0.999462 0.00787133 -0.00845915 0.0306951
-0.641586 -0.136756 2.46251 0.999583 0.00587118 -0.0109443 0.0260681
-0.639943 -0.139785 2.45411 0.999524 0.000958755 0.00338092 0.0306529
-0.643495 -0.143361 2.46847 0.999495 -0.00200201 -0.0156619 0.0275592
-0.640303 -0.145549 2.45558 0.999581 -0.00298057 -0.00224478 0.0287185
-0.641969 -0.148788 2.46151 0.999642 -0.00754086 -0.00962736 0.0237843
-0.641406 -0.151815 2.45941 0.999448 -0.00901888 -0.00571602 0.0314598
-0.642329 -0.155511 2.46317 0.999478 -0.0120806 -0.00961877 0.0283864
-0.641514 -0.158744 2.46106 0.999489 -0.0142034 -0.00668803 0.0278451
-0.641234 -0.161648 2.46172 0.999448 -0.0170035 -0.00800761 0.0273815
-0.640994 -0.164472 2.46224 0.999422 -0.0196412 -0.00879012 0.0263217
-0.640494 -0.167485 2.46202 0.999331 -0.0215918 -0.00865878 0.0282201
-0.640513 -0.170881 2.4633 0.999348 -0.0243243 -0.00823025 0.0253624
-0.640123 -0.174125 2.46277 0.999259 -0.0261437 -0.00948768 0.0266144
-0.639689 -0.177313 2.46198 0.999191 -0.0286825 -0.0076941 0.0271271
-0.639546 -0.180488 2.46265 0.999121 -0.0307636 -0.0089238 0.0270582
-0.639239 -0.183835 2.46294 0.999048 -0.0333 -0.00900805 0.0266901
-0.63863 -0.187057 2.46223 0.998986 -0.0359151 -0.00818124 0.0258932
-0.638015 -0.19045 2.46122 0.998874 -0.0377868 -0.00650836 0.0279511
-0.637589 -0.194246 2.46214 0.998758 -0.0401833 -0.0078295 0.0283857
-0.637357 -0.197577 2.46293 0.99874 -0.0425506 -0.00804624 0.0253408
-0.636469 -0.200632 2.46099 0.998589 -0.0446272 -0.00542055 0.0282675
-0.636405 -0.203842 2.46243 0.998511 -0.0467846 -0.00730246 0.0270983
-0.636059 -0.207041 2.46251 0.998418 -0.0488805 -0.00666379 0.0269813
-0.635643 -0.209991 2.46195 0.998348 -0.0507988 -0.00619148 0.0261338
-0.635433 -0.212759 2.46252 0.99822 -0.0529652 -0.00701749 0.0264963
-0.634795 -0.215391 2.46153 0.998056 -0.0559303 -0.00628409 0.0267849
-0.634888 -0.218391 2.46338 0.997941 -0.0586165 -0.00751999 0.0249176
-0.634048 -0.221283 2.46226 0.997761 -0.060887 -0.00635509 0.0269317
-0.633478 -0.22429 2.46208 0.997629 -0.0632008 -0.00632243 0.0264868
-0.632943 -0.227338 2.46234 0.997463 -0.06549 -0.0061852 0.0272131
-0.632499 -0.23049 2.46261 0.997269 -0.0683318 -0.00600792 0.0273817
-0.631817 -0.233814 2.46286 0.997112 -0.0707099 -0.00681987 0.0268537
-0.630776 -0.236611 2.46218 0.996978 -0.0732996 -0.00571921 0.0250914
-0.629862 -0.23925 2.46188 0.996846 -0.0750812 -0.0066213 0.0248307
-0.628974 -0.242114 2.46244 0.996667 -0.0772517 -0.00614269 0.0254782
-0.62784 -0.245123 2.46218 0.996475 -0.0796499 -0.00645289 0.0255174
-0.62724 -0.248373 2.46271 0.996265 -0.0820638 -0.00638647 0.0260822
-0.626361 -0.251451 2.46209 0.996064 -0.0841063 -0.00663458 0.0271804
-0.625714 -0.254676 2.46288 0.995918 -0.0863823 -0.00684271 0.0252545
-0.624603 -0.257855 2.46174 0.995706 -0.088814 -0.00571656 0.0254756
-0.62389 -0.261067 2.46179 0.99549 -0.0910379 -0.00583765 0.0260151
-0.623206 -0.264185 2.46204 0.995222 -0.0938415 -0.00600812 0.0262823
-0.62283 -0.267515 2.46297 0.994953 -0.0967989 -0.00642045 0.0256198
-0.621989 -0.270995 2.46313 0.994707 -0.0993747 -0.00567231 0.0255026
-0.620929 -0.27429 2.46305 0.994458 -0.101808 -0.00655029 0.0254041
-0.619849 -0.277234 2.46267 0.994269 -0.103736 -0.00567718 0.0252133
-0.618719 -0.280386 2.46275 0.994101 -0.105185 -0.00631548 0.0256843
-0.617989 -0.283601 2.46349 0.99392 -0.107078 -0.00628946 0.0248703
-0.61753 -0.286854 2.4649 0.993669 -0.10936 -0.00724071 0.024678
-0.616351 -0.289654 2.46387 0.993441 -0.111231 -0.00734921 0.0254826
-0.615177 -0.292511 2.4629 0.993177 -0.113396 -0.00600251 0.0265458
-0.614363 -0.295494 2.46332 0.992988 -0.115266 -0.00720416 0.0252382
-0.613482 -0.298537 2.46416 0.992724 -0.117532 -0.00660735 0.0253365
-0.612074 -0.301221 2.46263 0.992423 -0.119896 -0.006874 0.0259628
-0.611418 -0.304556 2.46398 0.992174 -0.122078 -0.00765852 0.0250787
-0.61008 -0.307516 2.46295 0.991882 -0.124038 -0.00768366 0.0269254
-0.609596 -0.310664 2.4648 0.991665 -0.126219 -0.00902008 0.0242302
-0.608207 -0.313369 2.46324 0.991408 -0.128107 -0.00750315 0.025355
-0.607334 -0.316714 2.46404 0.991085 -0.130286 -0.00801169 0.0266678
-0.606375 -0.320137 2.46437 0.990821 -0.132465 -0.00750051 0.0258884
-0.605179 -0.32329 2.46366 0.990495 -0.134773 -0.00775124 0.026371
-0.604401 -0.326366 2.4642 0.990203 -0.137252 -0.00765295 0.0245236
-0.603279 -0.329373 2.4632 0.989796 -0.139839 -0.00691874 0.0264908
-0.602539 -0.332585 2.46373 0.989471 -0.142315 -0.00736097 0.0252876
-0.601646 -0.335683 2.46358 0.989104 -0.14455 -0.00712521 0.0269768
-0.600779 -0.338668 2.46425 0.98873 -0.147119 -0.0074548 0.0267022
-0.599744 -0.341704 2.465 0.98831 -0.150146 -0.0075333 0.0253587
-0.59795 -0.344517 2.46298 0.987865 -0.152778 -0.00697247 0.0270603
-0.596748 -0.347365 2.46317 0.98741 -0.155661 -0.00686699 0.0272905
-0.59554 -0.350206 2.4634 0.987084 -0.157695 -0.00726345 0.0272823
-0.594426 -0.35303 2.46465 0.986743 -0.159915 -0.00804123 0.0264609
-0.593454 -0.356034 2.46548 0.986343 -0.162596 -0.00803189 0.025003
-0.592313 -0.358784 2.46513 0.98598 -0.16475 -0.00831298 0.0251276
-0.591075 -0.361499 2.46469 0.985568 -0.167283 -0.00686492 0.0249845
-0.589979 -0.364174 2.46466 0.985182 -0.169402 -0.00740993 0.0257636
-0.588666 -0.366806 2.46405 0.984712 -0.172043 -0.00726845 0.0262729
-0.587946 -0.369802 2.46548 0.98436 -0.174257 -0.00733731 0.0248152
-0.58673 -0.372579 2.46484 0.983865 -0.17691 -0.00783307 0.0255035
-0.585869 -0.375681 2.46588 0.983381 -0.179772 -0.0077558 0.0241799
-0.584626 -0.378975 2.46661 0.982952 -0.18191 -0.00774433 0.0255887
-0.582866 -0.381849 2.46535 0.982521 -0.18423 -0.00756672 0.0255773
-0.581739 -0.384721 2.4663 0.982135 -0.186282 -0.00840841 0.0252623
-0.579995 -0.387012 2.46551 0.981693 -0.188577 -0.00859178 0.0253769
-0.578654 -0.389764 2.46606 0.981247 -0.190799 -0.00928567 0.0257755
-0.577405 -0.392645 2.4662 0.980729 -0.193376 -0.0092758 0.0262593
-0.576079 -0.395525 2.46588 0.980347 -0.195389 -0.00935797 0.0256138
-0.574788 -0.398425 2.46658 0.979843 -0.197947 -0.00898665 0.0253799
-0.573139 -0.40126 2.46629 0.979461 -0.199787 -0.00902603 0.0257026
-0.571422 -0.404062 2.46562 0.978979 -0.202009 -0.00905984 0.0266409
-0.570035 -0.406967 2.46614 0.978423 -0.205001 -0.00902224 0.0241125
-0.568758 -0.410091 2.46727 0.977921 -0.207187 -0.0105762 0.0251449
-0.567033 -0.413241 2.46676 0.977302 -0.209926 -0.00924205 0.0269525
-0.565311 -0.416294 2.46729 0.976753 -0.212464 -0.0103107 0.026559
-0.563564 -0.418998 2.46611 0.97635 -0.214438 -0.00899656 0.0260163
-0.561998 -0.421715 2.46661 0.975885 -0.216529 -0.0095217 0.0259522
-0.560533 -0.424413 2.46664 0.975369 -0.218843 -0.00930961 0.0260173
-0.559159 -0.427042 2.46602 0.974968 -0.220753 -0.00892045 0.0250184
-0.55755 -0.429637 2.46586 0.974404 -0.222904 -0.00948779 0.0275753
-0.556294 -0.432378 2.4669 0.97406 -0.224639 -0.00824309 0.0260242
-0.554594 -0.434821 2.46632 0.973489 -0.227083 -0.00837574 0.0261385
-0.552746 -0.437495 2.4653 0.973057 -0.228416 -0.0101123 0.0297367
-0.55119 -0.440734 2.46573 0.972618 -0.230589 -0.00933971 0.027493
-0.549921 -0.443752 2.46696 0.972 -0.23331 -0.0102557 0.0260237
-0.548609 -0.446514 2.46677 0.971319 -0.236065 -0.00921034 0.0269819
-0.546886 -0.449233 2.46574 0.970619 -0.23865 -0.0102731 0.0289787
-0.545417 -0.451582 2.46602 0.970046 -0.241331 -0.00971252 0.0259852
-0.54374 -0.453782 2.46528 0.969505 -0.243373 -0.0101013 0.0269639
-0.542153 -0.456115 2.46536 0.968758 -0.246479 -0.00989356 0.0256717
-0.540641 -0.458858 2.46597 0.968092 -0.248954 -0.0100845 0.0267995
-0.539112 -0.461407 2.46607 0.967363 -0.251851 -0.00964801 0.026223
-0.537521 -0.463935 2.46609 0.9667 -0.254334 -0.0102486 0.0264674
-0.535628 -0.466413 2.4654 0.96599 -0.257036 -0.00969647 0.0265032
-0.534161 -0.469109 2.46619 0.965304 -0.259673 -0.0101792 0.0255654
-0.532383 -0.471691 2.46589 0.964545 -0.262488 -0.009626 0.0256976
-0.530641 -0.474095 2.46525 0.963842 -0.265 -0.00893659 0.0265134
-0.529062 -0.476776 2.46563 0.963006 -0.268133 -0.00900147 0.025353
-0.527411 -0.479911 2.4663 0.961994 -0.271626 -0.00903946 0.0265567
-0.525527 -0.48256 2.46631 0.961238 -0.274448 -0.0094901 0.0246815
-0.523588 -0.484948 2.46516 0.960473 -0.277205 -0.00784423 0.02423
-0.522017 -0.487827 2.46589 0.959806 -0.27949 -0.00740703 0.0245368
-0.520281 -0.490588 2.46589 0.959279 -0.281082 -0.00823483 0.0266431
-0.518541 -0.493365 2.46593 0.958645 -0.283224 -0.00885525 0.0265491
-0.517102 -0.495962 2.46678 0.957837 -0.286017 -0.00842052 0.0259148
-0.515307 -0.498118 2.46635 0.957013 -0.288938 -0.00740796 0.0241926
-0.513569 -0.500796 2.46596 0.95621 -0.291609 -0.00826139 0.0236071
-0.511798 -0.50333 2.46554 0.955477 -0.293931 -0.00745066 0.0247358
-0.509823 -0.505875 2.46531 0.954896 -0.295584 -0.0082148 0.0271145
-0.507982 -0.508387 2.46552 0.954142 -0.297928 -0.00824852 0.0280142
-0.505967 -0.51099 2.46588 0.95338 -0.300496 -0.0086009 0.0263643
-0.504079 -0.513678 2.46603 0.952442 -0.303599 -0.0090326 0.0244847
-0.501972 -0.516197 2.46499 0.951728 -0.305798 -0.00829024 0.025141
-0.500238 -0.518757 2.46564 0.951064 -0.307864 -0.00842068 0.025001
-0.498263 -0.521337 2.46589 0.950322 -0.309973 -0.00852962 0.0270711
-0.496165 -0.523785 2.46535 0.949608 -0.312375 -0.0073033 0.0247555
-0.494176 -0.526501 2.4654 0.948793 -0.314838 -0.0079084 0.0246343
-0.492131 -0.5293 2.46509 0.948052 -0.31701 -0.0075148 0.0254004
-0.490283 -0.531956 2.46589 0.94724 -0.319392 -0.00769033 0.0258121
-0.488282 -0.534409 2.46593 0.946415 -0.321776 -0.00766763 0.0264435
-0.486088 -0.536652 2.46506 0.945482 -0.324478 -0.00744111 0.0268795
-0.48417 -0.5394 2.46574 0.944556 -0.327397 -0.0070466 0.0239854
-0.481699 -0.542186 2.46525 0.94387 -0.329367 -0.00806837 0.0237119
-0.479285 -0.544822 2.46491 0.943182 -0.331235 -0.0084182 0.0248818
-0.4773 -0.547394 2.46563 0.942359 -0.333556 -0.00800642 0.0252175
-0.47527 -0.549714 2.46548 0.941528 -0.335804 -0.00669399 0.0267603
-0.473433 -0.552296 2.46593 0.940696 -0.338208 -0.00656854 0.0257593
-0.471537 -0.554774 2.46549 0.939945 -0.340403 -0.00651432 0.0242114
-0.4697 -0.557028 2.46493 0.93908 -0.342848 -0.00601307 0.0234055
-0.467667 -0.559399 2.46391 0.938009 -0.345554 -0.00676089 0.0261932
-0.466194 -0.56179 2.46529 0.937048 -0.348312 -0.00606531 0.0241596
-0.464299 -0.563869 2.46509 0.936073 -0.350906 -0.00638005 0.0243317
-0.462323 -0.565946 2.46515 0.935062 -0.353593 -0.00714784 0.0240896
-0.460467 -0.568387 2.4655 0.93402 -0.356283 -0.00762825 0.0247166
-0.458578 -0.570837 2.46563 0.932733 -0.359746 -0.00634724 0.0234894
-0.456491 -0.573301 2.46635 0.93167 -0.362469 -0.00673345 0.0237208
-0.454345 -0.575184 2.46535 0.930683 -0.365044 -0.00668865 0.0229602
-0.452271 -0.577111 2.46511 0.929534 -0.367966 -0.00648448 0.0229414
-0.449952 -0.579161 2.46396 0.928528 -0.370415 -0.00622887 0.0242976
-0.448234 -0.58202 2.46677 0.92795 -0.371962 -0.00816811 0.0220433
-0.444983 -0.583007 2.46289 0.926716 -0.37455 -0.00700753 0.0293203
-0.443433 -0.585217 2.46386 0.925218 -0.378728 -0.00456482 0.0226961
-0.441691 -0.588427 2.46777 0.924807 -0.379654 -0.00673534 0.0234608
-0.43987 -0.591053 2.4704 0.923417 -0.383306 -0.00844019 0.0174982
-0.43634 -0.591978 2.46237 0.922497 -0.385039 -0.00562255 0.0267032
-0.434686 -0.594852 2.4655 0.921208 -0.388314 -0.00583455 0.0235336
-0.432512 -0.597332 2.46529 0.919729 -0.391576 -0.00591024 0.0270721
-0.429945 -0.599779 2.46541 0.918672 -0.394172 -0.00546218 0.0253083
-0.427628 -0.601819 2.46509 0.917446 -0.396999 -0.00465363 0.0257499
-0.425571 -0.603876 2.46593 0.916605 -0.399132 -0.00459895 0.0225551
-0.423179 -0.605734 2.46568 0.915881 -0.400738 -0.00525014 0.0233107
-0.42095 -0.607934 2.46633 0.914964 -0.402908 -0.00496528 0.0219497
-0.418299 -0.609682 2.46556 0.914376 -0.404076 -0.00558795 0.0246414
-0.416192 -0.611904 2.46772 0.913265 -0.406673 -0.00572044 0.0230644
-0.413529 -0.613371 2.46603 0.912427 -0.40859 -0.00530514 0.0224006
-0.41106 -0.615351 2.46582 0.911613 -0.410347 -0.00474428 0.0235509
-0.40871 -0.617495 2.46646 0.910751 -0.412143 -0.00610297 0.0251892
-0.406221 -0.619385 2.46684 0.909899 -0.414129 -0.00525095 0.0235181
-0.403872 -0.621415 2.46793 0.908859 -0.416491 -0.00549956 0.0218953
-0.400932 -0.623547 2.46784 0.907692 -0.41911 -0.00558303 0.0202472
-0.397852 -0.625061 2.46615 0.906991 -0.420484 -0.00511609 0.0230988
-0.395581 -0.626981 2.46805 0.906423 -0.421616 -0.00715334 0.0242256
-0.392623 -0.627872 2.46658 0.905558 -0.423495 -0.00577784 0.0241587
-0.390357 -0.630355 2.46874 0.90451 -0.425874 -0.00558878 0.0214832
-0.387261 -0.631963 2.46659 0.903851 -0.427154 -0.0054903 0.0237257
-0.384683 -0.634238 2.46752 0.902892 -0.429214 -0.00580377 0.0229611
-0.381991 -0.635909 2.46716 0.902102 -0.430786 -0.00562798 0.0245704
-0.379591 -0.637775 2.46815 0.901027 -0.433144 -0.00560677 0.0224666
-0.377047 -0.639754 2.46793 0.900107 -0.435105 -0.00561965 0.0214272
-0.374356 -0.641963 2.46808 0.899101 -0.437177 -0.00560316 0.0214967
-0.371536 -0.643996 2.46784 0.897999 -0.439332 -0.00555632 0.0235513
-0.368522 -0.646028 2.46769 0.896725 -0.441984 -0.00469311 0.022645
-0.365265 -0.647614 2.46787 0.895431 -0.444587 -0.00544699 0.0227046
-0.362626 -0.649229 2.46814 0.89418 -0.447104 -0.00506855 0.0226734
-0.359979 -0.650879 2.46848 0.893023 -0.449483 -0.00388872 0.0214222
-0.357249 -0.652726 2.4684 0.892047 -0.451228 -0.00429064 0.0250293
-0.354975 -0.654746 2.4689 0.891059 -0.453303 -0.00313187 0.0228302
-0.352736 -0.656535 2.46929 0.89015 -0.455107 -0.00391311 0.0222472
-0.350311 -0.65805 2.46903 0.888804 -0.457769 -0.00250089 0.0216496
-0.347705 -0.65954 2.46907 0.887854 -0.45956 -0.00391381 0.0224499
-0.345149 -0.661183 2.46917 0.886682 -0.46189 -0.00317304 0.0210378
-0.342518 -0.662885 2.46914 0.885542 -0.464076 -0.002695 0.0210074
-0.339702 -0.664694 2.46993 0.884488 -0.466083 -0.00290398 0.0209661
-0.33656 -0.666215 2.46957 0.883721 -0.467468 -0.0037705 0.0222949
-0.33359 -0.667911 2.46886 0.882739 -0.469375 -0.00141722 0.0213963
-0.330886 -0.669393 2.46886 0.881493 -0.4718 -0.00193832 0.0192609
-0.328538 -0.671349 2.47111 0.880194 -0.474172 -0.00314896 0.0202401
-0.325527 -0.672533 2.46921 0.879252 -0.47582 -0.00261272 0.0224451
-0.323113 -0.674748 2.4707 0.877953 -0.478314 -0.00148427 0.0203095
-0.320235 -0.676203 2.46885 0.877008 -0.479959 -0.00160245 0.0222453
-0.317703 -0.678225 2.47002 0.875676 -0.482419 -0.00177819 0.0214544
-0.314783 -0.679582 2.46892 0.874718 -0.4841 -0.00121697 0.022686
-0.312105 -0.681449 2.47051 0.873545 -0.486294 -0.00159421 0.0208258
-0.308925 -0.68263 2.46943 0.872463 -0.488191 -0.00154257 0.0218064
-0.30589 -0.684161 2.4693 0.871304 -0.490214 -0.00183243 0.0227143
-0.302948 -0.686054 2.47062 0.870004 -0.492646 -0.00134556 0.0197865
-0.299921 -0.687598 2.47064 0.868893 -0.49454 -0.00139008 0.0212585
-0.296939 -0.688877 2.47003 0.867726 -0.496558 -0.00112451 0.0219145
-0.293979 -0.690484 2.46987 0.866737 -0.498226 -0.00131603 0.0231777
-0.290994 -0.692547 2.47046 0.865399 -0.500585 -0.00021604 0.0223255
-0.288113 -0.69425 2.47045 0.864597 -0.501974 -0.000413784 0.0222257
-0.285443 -0.695698 2.47075 0.863377 -0.504062 -9.42237e-05 0.0223902
-0.28277 -0.697194 2.47143 0.862242 -0.506059 -0.000520986 0.0210497
-0.279911 -0.698632 2.47196 0.861406 -0.507475 -0.000782249 0.0211872
-0.276982 -0.699857 2.47163 0.86042 -0.509177 -0.00063705 0.0203925
-0.27427 -0.70116 2.47202 0.859055 -0.511519 -0.00038297 0.0193123
-0.271396 -0.702241 2.47078 0.8577 -0.513747 0.000251508 0.0203602
-0.268464 -0.704258 2.47231 0.856635 -0.515529 -0.000928038 0.0201486
-0.26541 -0.705487 2.47137 0.855047 -0.51812 0.000249664 0.0211206
-0.263106 -0.70738 2.4732 0.853825 -0.520273 0.000705458 0.0172922
-0.26033 -0.708138 2.47262 0.852376 -0.522592 -7.281e-05 0.0188099
-0.257988 -0.709773 2.47467 0.850882 -0.525095 0.00174791 0.0164912
-0.254586 -0.71028 2.47116 0.850081 -0.52619 -0.000663781 0.0220472
-0.251883 -0.712021 2.47307 0.848399 -0.529058 0.000610626 0.0177876
-0.24914 -0.713432 2.47341 0.846894 -0.531443 0.000922343 0.0183753
-0.246207 -0.714212 2.47209 0.845751 -0.533235 0.000735575 0.019127
-0.243478 -0.715894 2.47377 0.844166 -0.53577 0.000567794 0.01827
-0.240538 -0.716933 2.47318 0.842702 -0.538063 0.00111913 0.0184278
-0.237641 -0.71822 2.47325 0.841007 -0.540693 0.000877002 0.0188816
-0.234226 -0.719429 2.47254 0.839256 -0.54333 0.000428275 0.0209995
-0.23116 -0.720992 2.47363 0.837459 -0.546144 0.00121024 0.0196974
-0.228503 -0.722202 2.47392 0.835936 -0.548516 0.0020966 0.0183309
-0.22561 -0.722658 2.47245 0.834757 -0.550245 0.00160631 0.0201878
-0.222927 -0.723925 2.47312 0.833398 -0.552341 0.00141491 0.0191116
-0.220053 -0.725527 2.47376 0.832256 -0.554107 0.00148454 0.0176824
-0.217136 -0.726629 2.47346 0.830796 -0.556194 0.00166099 0.0205813
-0.214558 -0.727815 2.47398 0.829238 -0.558523 0.00197082 0.0203069
-0.211845 -0.728821 2.47389 0.827676 -0.560924 0.00195244 0.0176794
-0.209325 -0.730276 2.4746 0.82658 -0.562528 0.00216636 0.017962
-0.206648 -0.7318 2.47558 0.825042 -0.56479 0.00169524 0.0177315
-0.203816 -0.732869 2.4754 0.823617 -0.566886 0.00203228 0.0170578
-0.200875 -0.733898 2.47554 0.822111 -0.569051 0.00245057 0.0175476
-0.197443 -0.734535 2.47415 0.82055 -0.571262 0.00228353 0.0187585
-0.194315 -0.735872 2.47498 0.819017 -0.573448 0.00182846 0.0190984
-0.191383 -0.736463 2.47459 0.817804 -0.57524 0.00214371 0.0170371
-0.188621 -0.737331 2.47502 0.816786 -0.576605 0.00109524 0.0196608
-0.185607 -0.73791 2.47487 0.815425 -0.578562 0.00209693 0.0185429
-0.182595 -0.739257 2.47697 0.814307 -0.580156 0.000656163 0.0179637
-0.179318 -0.739436 2.4741 0.812882 -0.582084 0.00315813 0.0197696
-0.176224 -0.740884 2.47552 0.811389 -0.584198 0.0020492 0.0188627
-0.173266 -0.741779 2.47534 0.810064 -0.586007 0.00161065 0.0197233
-0.169984 -0.74232 2.47408 0.808604 -0.587953 0.00201778 0.0216102
-0.166773 -0.743266 2.47425 0.806878 -0.590281 0.0022263 0.0225958
